uuid,decision_visibility,decision_visibility_other,end_date_visibility_restriction,decision_monetary,decision_monetary_other,end_date_monetary_restriction,decision_provision,end_date_service_restriction,decision_account,end_date_account_restriction,account_type,decision_ground,decision_ground_reference_url,illegal_content_legal_ground,illegal_content_explanation,incompatible_content_ground,incompatible_content_explanation,incompatible_content_illegal,category,category_addition,category_specification,category_specification_other,content_type,content_type_other,content_language,content_date,territorial_scope,application_date,decision_facts,source_type,source_identity,automated_detection,automated_decision,platform_name,platform_uid,created_at
77d5ef08-7dd7-4795-80c0-f917f39abaab,"[""DECISION_VISIBILITY_OTHER""]","Ad is not eligible for posting.",,,,,,,,,,DECISION_GROUND_INCOMPATIBLE_CONTENT,,,,"Our review indicates that your advertising content may violate TikTok's advertising policies by featuring a product/service which belongs to a prohibited industry of the targeted location(s) in your ad. For more policy details, please refer to ""TikTok Advertising Policies - Industry Entry"" (https://ads.tiktok.com/help/article?aid=6685586866860720134). Our review indicates that your advertising content may violate TikTok's advertising policies by promoting prohibited financial products or service","Please change the promoted product/service in your ad or change the targeted location(s) in your ad group settings according to our policy. For more policy details, please refer to ""TikTok Advertising Policies - Industry Entry"" (https://ads.tiktok.com/help/article?aid=6685586866860720134). For more policy details, please refer to """"TikTok Advertising Policies - Industry Entry"" (https://ads.tiktok.com/help/article?aid=6685586866860720134).Please change the promoted product/service in your ad or change the targeted location(s) in your ad group settings according to our policy. For more policy details, please refer to ""TikTok Advertising Policies - Industry Entry"" (https://ads.tiktok.com/help/article?aid=6685586866860720134). For more policy details, please refer to """"TikTok Advertising Policies - Industry Entry"" (https://ads.tiktok.com/help/article?aid=6685586866860720134).For more policy details, please refer to """"TikTok Advertising Policies - Industry Entry"" (https://ads.tiktok.com/help/article?aid=6685586866860720134).Please change the promoted product/service in your ad or change the targeted location(s) in your ad group settings according to our policy. For more policy details, please refer to ""TikTok Advertising Policies - Industry Entry"" (https://ads.tiktok.com/help/article?aid=6685586866860720134). For more policy details, please refer to """"TikTok Advertising Policies - Industry Entry"" (https://ads.tiktok.com/help/article?aid=6685586866860720134).Please change the promoted product/service in your ad or change the targeted location(s) in your ad group settings according to our policy. For more policy details, please refer to ""TikTok Advertising Policies - Industry Entry"" (https://ads.tiktok.com/help/article?aid=6685586866860720134). For more policy details, please refer to """"TikTok Advertising Policies - Industry Entry"" (https://ads.tiktok.com/help/article?aid=6685586866860720134).Please change the promoted product/service in your ad or change the targeted loca",,STATEMENT_CATEGORY_SCOPE_OF_PLATFORM_SERVICE,,,,"[""CONTENT_TYPE_VIDEO""]",,,"2024-11-23 00:00:00","[""PL""]","2024-11-23 00:00:00","The decision was taken pursuant to own-initiative investigations.",SOURCE_VOLUNTARY,,Yes,AUTOMATED_DECISION_FULLY,TikTok,7440371601348057889,"2024-11-23 07:22:10"
ed17ca61-ebf7-4e9e-929e-017dce2f485d,,,,,,,,,DECISION_ACCOUNT_TERMINATED,,,DECISION_GROUND_INCOMPATIBLE_CONTENT,,,,"Advertising policy violation","Reasons why your account may have been suspended: - We received a report or complaint about your account from people on TikTok or other channels. - There are problems with your ad creative, or qualifications or services provided in your ads. - We suspected malicious behavior or intent during ad creation. - You made changes to your ad's landing page after launching the campaign.",,STATEMENT_CATEGORY_SCOPE_OF_PLATFORM_SERVICE,,,,"[""CONTENT_TYPE_OTHER""]","Account Suspended",,"2024-11-08 00:00:00","[""AT"",""BE"",""BG"",""CY"",""CZ"",""DE"",""DK"",""EE"",""ES"",""FI"",""FR"",""GR"",""HR"",""HU"",""IE"",""IT"",""LI"",""LT"",""LU"",""LV"",""MT"",""NL"",""NO"",""PL"",""PT"",""RO"",""SE"",""SI"",""SK""]","2024-11-23 00:00:00","The decision was taken pursuant to own-initiative investigations.",SOURCE_VOLUNTARY,,Yes,AUTOMATED_DECISION_FULLY,TikTok,7440371601348074273,"2024-11-23 07:22:10"
c1cbb03e-2500-4b98-9283-946f668ca635,"[""DECISION_VISIBILITY_OTHER""]","Photo not eligible for recommendation in the For You feed",,,,,,,,,,DECISION_GROUND_INCOMPATIBLE_CONTENT,,,,"Community Guidelines","Your content is against our Community Guidelines. The guidelines include rules and standards for using TikTok that apply to everyone and everything on our platform.",,STATEMENT_CATEGORY_NEGATIVE_EFFECTS_ON_CIVIC_DISCOURSE_OR_ELECTIONS,,,,"[""CONTENT_TYPE_IMAGE""]",,,"2024-11-23 00:00:00","[""AT"",""BE"",""BG"",""CY"",""CZ"",""DE"",""DK"",""EE"",""ES"",""FI"",""FR"",""GR"",""HR"",""HU"",""IE"",""IT"",""LI"",""LT"",""LU"",""LV"",""MT"",""NL"",""NO"",""PL"",""PT"",""RO"",""SE"",""SI"",""SK""]","2024-11-23 00:00:00","The decision was taken pursuant to own-initiative investigations.",SOURCE_VOLUNTARY,,Yes,AUTOMATED_DECISION_FULLY,TikTok,7440371601348090657,"2024-11-23 07:22:10"
44f000ac-b807-4489-8e3f-e1e8d162993a,"[""DECISION_VISIBILITY_CONTENT_REMOVED""]",,,,,,,,,,,DECISION_GROUND_INCOMPATIBLE_CONTENT,,,,"Harassment and Bullying","We welcome the respectful expression of different viewpoints, but not toxicity or trolling. We do not allow language or behavior that harasses, humiliates, threatens, or doxes anyone. This also includes responding to such acts with retaliatory harassment (but excludes non-harassing counterspeech).We proactively enforce our Community Guidelines through a mix of technology and human moderation. We have detected this policy violation using automated measures. We have used automated measures in making this decision.",,STATEMENT_CATEGORY_ILLEGAL_OR_HARMFUL_SPEECH,,,,"[""CONTENT_TYPE_TEXT""]",,,"2024-11-23 00:00:00","[""AT"",""BE"",""BG"",""CY"",""CZ"",""DE"",""DK"",""EE"",""ES"",""FI"",""FR"",""GR"",""HR"",""HU"",""IE"",""IT"",""LI"",""LT"",""LU"",""LV"",""MT"",""NL"",""NO"",""PL"",""PT"",""RO"",""SE"",""SI"",""SK""]","2024-11-23 00:00:00","The decision was taken pursuant to own-initiative investigations.",SOURCE_VOLUNTARY,,Yes,AUTOMATED_DECISION_FULLY,TikTok,7440371601348107041,"2024-11-23 07:22:10"
bd4517b5-4e22-4cda-ab51-dd627c61918b,"[""DECISION_VISIBILITY_CONTENT_REMOVED""]",,,,,,,,,,,DECISION_GROUND_INCOMPATIBLE_CONTENT,,,,"Harassment and Bullying","We welcome the respectful expression of different viewpoints, but not toxicity or trolling. We do not allow language or behavior that harasses, humiliates, threatens, or doxes anyone. This also includes responding to such acts with retaliatory harassment (but excludes non-harassing counterspeech).We proactively enforce our Community Guidelines through a mix of technology and human moderation. We have detected this policy violation using automated measures. We have used automated measures in making this decision.",,STATEMENT_CATEGORY_ILLEGAL_OR_HARMFUL_SPEECH,,,,"[""CONTENT_TYPE_TEXT""]",,,"2024-11-23 00:00:00","[""AT"",""BE"",""BG"",""CY"",""CZ"",""DE"",""DK"",""EE"",""ES"",""FI"",""FR"",""GR"",""HR"",""HU"",""IE"",""IT"",""LI"",""LT"",""LU"",""LV"",""MT"",""NL"",""NO"",""PL"",""PT"",""RO"",""SE"",""SI"",""SK""]","2024-11-23 00:00:00","The decision was taken pursuant to own-initiative investigations.",SOURCE_VOLUNTARY,,Yes,AUTOMATED_DECISION_FULLY,TikTok,7440371604703419168,"2024-11-23 07:22:10"
30cf67ea-2021-4d79-a7f7-8735c226d913,"[""DECISION_VISIBILITY_CONTENT_REMOVED""]",,,,,,,,,,,DECISION_GROUND_INCOMPATIBLE_CONTENT,,,,"Sexual Exploitation and Gender-Based Violence","We are committed to providing a space that embraces gender equity, supports healthy relationships, and respects intimate privacy. We do not allow sexual exploitation or gender-based violence, including non-consensual sexual acts, image-based sexual abuse, sextortion, physical abuse, and sexual harassment.We proactively enforce our Community Guidelines through a mix of technology and human moderation. We have detected this policy violation using automated measures. We have used automated measures in making this decision.",,STATEMENT_CATEGORY_VIOLENCE,,,,"[""CONTENT_TYPE_TEXT""]",,,"2024-11-23 00:00:00","[""AT"",""BE"",""BG"",""CY"",""CZ"",""DE"",""DK"",""EE"",""ES"",""FI"",""FR"",""GR"",""HR"",""HU"",""IE"",""IT"",""LI"",""LT"",""LU"",""LV"",""MT"",""NL"",""NO"",""PL"",""PT"",""RO"",""SE"",""SI"",""SK""]","2024-11-23 00:00:00","The decision was taken pursuant to own-initiative investigations.",SOURCE_VOLUNTARY,,Yes,AUTOMATED_DECISION_FULLY,TikTok,7440371604703435552,"2024-11-23 07:22:10"
d9cd7f1f-32b8-4108-9c7a-153ecfc5a588,"[""DECISION_VISIBILITY_CONTENT_REMOVED""]",,,,,,,,,,,DECISION_GROUND_INCOMPATIBLE_CONTENT,,,,"Harassment and Bullying","We welcome the respectful expression of different viewpoints, but not toxicity or trolling. We do not allow language or behavior that harasses, humiliates, threatens, or doxes anyone. This also includes responding to such acts with retaliatory harassment (but excludes non-harassing counterspeech).We proactively enforce our Community Guidelines through a mix of technology and human moderation. We have detected this policy violation using automated measures. We have used automated measures in making this decision.",,STATEMENT_CATEGORY_ILLEGAL_OR_HARMFUL_SPEECH,,,,"[""CONTENT_TYPE_TEXT""]",,,"2024-11-23 00:00:00","[""AT"",""BE"",""BG"",""CY"",""CZ"",""DE"",""DK"",""EE"",""ES"",""FI"",""FR"",""GR"",""HR"",""HU"",""IE"",""IT"",""LI"",""LT"",""LU"",""LV"",""MT"",""NL"",""NO"",""PL"",""PT"",""RO"",""SE"",""SI"",""SK""]","2024-11-23 00:00:00","The decision was taken pursuant to own-initiative investigations.",SOURCE_VOLUNTARY,,Yes,AUTOMATED_DECISION_FULLY,TikTok,7440371601348123425,"2024-11-23 07:22:10"
e049ddb4-63be-407a-90b3-5ca96cb0cf72,"[""DECISION_VISIBILITY_CONTENT_REMOVED""]",,,,,,,,,,,DECISION_GROUND_INCOMPATIBLE_CONTENT,,,,"Sexual Exploitation and Gender-Based Violence","We are committed to providing a space that embraces gender equity, supports healthy relationships, and respects intimate privacy. We do not allow sexual exploitation or gender-based violence, including non-consensual sexual acts, image-based sexual abuse, sextortion, physical abuse, and sexual harassment.We proactively enforce our Community Guidelines through a mix of technology and human moderation. We have detected this policy violation using automated measures. We have used automated measures in making this decision.",,STATEMENT_CATEGORY_VIOLENCE,,,,"[""CONTENT_TYPE_TEXT""]",,,"2024-11-23 00:00:00","[""AT"",""BE"",""BG"",""CY"",""CZ"",""DE"",""DK"",""EE"",""ES"",""FI"",""FR"",""GR"",""HR"",""HU"",""IE"",""IT"",""LI"",""LT"",""LU"",""LV"",""MT"",""NL"",""NO"",""PL"",""PT"",""RO"",""SE"",""SI"",""SK""]","2024-11-23 00:00:00","The decision was taken pursuant to own-initiative investigations.",SOURCE_VOLUNTARY,,Yes,AUTOMATED_DECISION_FULLY,TikTok,7440371604703451936,"2024-11-23 07:22:10"
b8fa57c1-e10d-4af0-9303-283137f48baf,"[""DECISION_VISIBILITY_CONTENT_REMOVED""]",,,,,,,,,,,DECISION_GROUND_INCOMPATIBLE_CONTENT,,,,"Hate Speech and Hateful Behaviors","TikTok is enriched by the various backgrounds of our community members. Our differences should be respected, rather than a cause for division. We do not allow any hateful behavior, hate speech, or promotion of hateful ideologies. This includes content that attacks a person or group because of protected attributes.We proactively enforce our Community Guidelines through a mix of technology and human moderation. We have detected this policy violation using automated measures. We have used automated measures in making this decision.",,STATEMENT_CATEGORY_ILLEGAL_OR_HARMFUL_SPEECH,,,,"[""CONTENT_TYPE_TEXT""]",,,"2024-11-23 00:00:00","[""AT"",""BE"",""BG"",""CY"",""CZ"",""DE"",""DK"",""EE"",""ES"",""FI"",""FR"",""GR"",""HR"",""HU"",""IE"",""IT"",""LI"",""LT"",""LU"",""LV"",""MT"",""NL"",""NO"",""PL"",""PT"",""RO"",""SE"",""SI"",""SK""]","2024-11-23 00:00:00","The decision was taken pursuant to own-initiative investigations.",SOURCE_VOLUNTARY,,Yes,AUTOMATED_DECISION_FULLY,TikTok,7440371604703468320,"2024-11-23 07:22:10"
1ae57f8b-3065-4939-b6b1-9a2e5b612be1,"[""DECISION_VISIBILITY_CONTENT_REMOVED""]",,,,,,,,,,,DECISION_GROUND_INCOMPATIBLE_CONTENT,,,,"Harassment and Bullying","We welcome the respectful expression of different viewpoints, but not toxicity or trolling. We do not allow language or behavior that harasses, humiliates, threatens, or doxes anyone. This also includes responding to such acts with retaliatory harassment (but excludes non-harassing counterspeech).We proactively enforce our Community Guidelines through a mix of technology and human moderation. We have detected this policy violation using automated measures. We have used automated measures in making this decision.",,STATEMENT_CATEGORY_ILLEGAL_OR_HARMFUL_SPEECH,,,,"[""CONTENT_TYPE_TEXT""]",,,"2024-11-23 00:00:00","[""AT"",""BE"",""BG"",""CY"",""CZ"",""DE"",""DK"",""EE"",""ES"",""FI"",""FR"",""GR"",""HR"",""HU"",""IE"",""IT"",""LI"",""LT"",""LU"",""LV"",""MT"",""NL"",""NO"",""PL"",""PT"",""RO"",""SE"",""SI"",""SK""]","2024-11-23 00:00:00","The decision was taken pursuant to own-initiative investigations.",SOURCE_VOLUNTARY,,Yes,AUTOMATED_DECISION_FULLY,TikTok,7440371604124605217,"2024-11-23 07:22:10"
1adc6692-58fe-4e33-9568-2ef5f053e161,"[""DECISION_VISIBILITY_CONTENT_REMOVED""]",,,,,,,,,,,DECISION_GROUND_INCOMPATIBLE_CONTENT,,,,"Harassment and Bullying","We welcome the respectful expression of different viewpoints, but not toxicity or trolling. We do not allow language or behavior that harasses, humiliates, threatens, or doxes anyone. This also includes responding to such acts with retaliatory harassment (but excludes non-harassing counterspeech).We proactively enforce our Community Guidelines through a mix of technology and human moderation. We have detected this policy violation using automated measures. We have used automated measures in making this decision.",,STATEMENT_CATEGORY_ILLEGAL_OR_HARMFUL_SPEECH,,,,"[""CONTENT_TYPE_TEXT""]",,,"2024-11-23 00:00:00","[""AT"",""BE"",""BG"",""CY"",""CZ"",""DE"",""DK"",""EE"",""ES"",""FI"",""FR"",""GR"",""HR"",""HU"",""IE"",""IT"",""LI"",""LT"",""LU"",""LV"",""MT"",""NL"",""NO"",""PL"",""PT"",""RO"",""SE"",""SI"",""SK""]","2024-11-23 00:00:00","The decision was taken pursuant to own-initiative investigations.",SOURCE_VOLUNTARY,,Yes,AUTOMATED_DECISION_FULLY,TikTok,7440371604124621601,"2024-11-23 07:22:10"
d8860198-d167-4087-856c-30b4f3b0ad4c,"[""DECISION_VISIBILITY_CONTENT_REMOVED""]",,,,,,,,,,,DECISION_GROUND_INCOMPATIBLE_CONTENT,,,,"Harassment and Bullying","We welcome the respectful expression of different viewpoints, but not toxicity or trolling. We do not allow language or behavior that harasses, humiliates, threatens, or doxes anyone. This also includes responding to such acts with retaliatory harassment (but excludes non-harassing counterspeech).We proactively enforce our Community Guidelines through a mix of technology and human moderation. We have detected this policy violation using automated measures. We have used automated measures in making this decision.",,STATEMENT_CATEGORY_ILLEGAL_OR_HARMFUL_SPEECH,,,,"[""CONTENT_TYPE_TEXT""]",,,"2024-11-23 00:00:00","[""AT"",""BE"",""BG"",""CY"",""CZ"",""DE"",""DK"",""EE"",""ES"",""FI"",""FR"",""GR"",""HR"",""HU"",""IE"",""IT"",""LI"",""LT"",""LU"",""LV"",""MT"",""NL"",""NO"",""PL"",""PT"",""RO"",""SE"",""SI"",""SK""]","2024-11-23 00:00:00","The decision was taken pursuant to own-initiative investigations.",SOURCE_VOLUNTARY,,Yes,AUTOMATED_DECISION_FULLY,TikTok,7440371604124637985,"2024-11-23 07:22:10"
3df46b75-7aed-4e90-a477-43f492b5e69e,"[""DECISION_VISIBILITY_OTHER""]","Video not eligible for recommendation in the For You feed",,,,,,,,,,DECISION_GROUND_INCOMPATIBLE_CONTENT,,,,"Nudity and Body Exposure","We celebrate all shapes and sizes and want people to feel comfortable in how they present themselves and their bodies. Content is ineligible for the For You feed and harder to find in search if it shows moderate body exposure of a young person, or significant body exposure of an adult. We allow regional exceptions for body exposure in limited situations, such as common cultural practices.We proactively enforce our Community Guidelines through a mix of technology and human moderation. We have detected this policy violation using automated measures. We have used automated measures in making this decision.",,STATEMENT_CATEGORY_SCOPE_OF_PLATFORM_SERVICE,,,,"[""CONTENT_TYPE_VIDEO""]",,,"2024-11-23 00:00:00","[""AT"",""BE"",""BG"",""CY"",""CZ"",""DE"",""DK"",""EE"",""ES"",""FI"",""FR"",""GR"",""HR"",""HU"",""IE"",""IT"",""LI"",""LT"",""LU"",""LV"",""MT"",""NL"",""NO"",""PL"",""PT"",""RO"",""SE"",""SI"",""SK""]","2024-11-23 00:00:00","The decision was taken pursuant to own-initiative investigations.",SOURCE_VOLUNTARY,,Yes,AUTOMATED_DECISION_FULLY,TikTok,7440371604703484704,"2024-11-23 07:22:10"
f40ab506-2320-4cc4-93c8-69c7d3b8e789,"[""DECISION_VISIBILITY_CONTENT_REMOVED""]",,,,,,,,,,,DECISION_GROUND_INCOMPATIBLE_CONTENT,,,,"Harassment and Bullying","We welcome the respectful expression of different viewpoints, but not toxicity or trolling. We do not allow language or behavior that harasses, humiliates, threatens, or doxes anyone. This also includes responding to such acts with retaliatory harassment (but excludes non-harassing counterspeech).We proactively enforce our Community Guidelines through a mix of technology and human moderation. We have detected this policy violation using automated measures. We have used automated measures in making this decision.",,STATEMENT_CATEGORY_ILLEGAL_OR_HARMFUL_SPEECH,,,,"[""CONTENT_TYPE_TEXT""]",,,"2024-11-23 00:00:00","[""AT"",""BE"",""BG"",""CY"",""CZ"",""DE"",""DK"",""EE"",""ES"",""FI"",""FR"",""GR"",""HR"",""HU"",""IE"",""IT"",""LI"",""LT"",""LU"",""LV"",""MT"",""NL"",""NO"",""PL"",""PT"",""RO"",""SE"",""SI"",""SK""]","2024-11-23 00:00:00","The decision was taken pursuant to own-initiative investigations.",SOURCE_VOLUNTARY,,Yes,AUTOMATED_DECISION_FULLY,TikTok,7440371604703501088,"2024-11-23 07:22:10"
29c6035a-effe-4f4b-ad77-4ec08f616958,"[""DECISION_VISIBILITY_CONTENT_REMOVED""]",,,,,,,,,,,DECISION_GROUND_INCOMPATIBLE_CONTENT,,,,"Dangerous Activities and Challenges","Most activities or challenges are appropriate for everyone, but some carry a risk of significant injury. We do not allow showing or promoting dangerous activities and challenges. This includes dares, games, tricks, inappropriate use of dangerous tools, eating substances that are harmful to one’s health, or similar activities that may lead to significant physical harm.We proactively enforce our Community Guidelines through a mix of technology and human moderation. We have detected this policy violation using automated measures. We have used automated measures in making this decision.",,STATEMENT_CATEGORY_SCOPE_OF_PLATFORM_SERVICE,,,,"[""CONTENT_TYPE_VIDEO""]",,,"2024-11-23 00:00:00","[""AT"",""BE"",""BG"",""CY"",""CZ"",""DE"",""DK"",""EE"",""ES"",""FI"",""FR"",""GR"",""HR"",""HU"",""IE"",""IT"",""LI"",""LT"",""LU"",""LV"",""MT"",""NL"",""NO"",""PL"",""PT"",""RO"",""SE"",""SI"",""SK""]","2024-11-23 00:00:00","The decision was taken pursuant to own-initiative investigations.",SOURCE_VOLUNTARY,,Yes,AUTOMATED_DECISION_FULLY,TikTok,7440371604124654369,"2024-11-23 07:22:10"
f3bd582d-330f-4f3f-963d-4d296d54dac4,"[""DECISION_VISIBILITY_CONTENT_REMOVED""]",,,,,,,,,,,DECISION_GROUND_INCOMPATIBLE_CONTENT,,,,"Harassment and Bullying","We welcome the respectful expression of different viewpoints, but not toxicity or trolling. We do not allow language or behavior that harasses, humiliates, threatens, or doxes anyone. This also includes responding to such acts with retaliatory harassment (but excludes non-harassing counterspeech).We proactively enforce our Community Guidelines through a mix of technology and human moderation. We have detected this policy violation using automated measures. We have used automated measures in making this decision.",,STATEMENT_CATEGORY_ILLEGAL_OR_HARMFUL_SPEECH,,,,"[""CONTENT_TYPE_TEXT""]",,,"2024-11-23 00:00:00","[""AT"",""BE"",""BG"",""CY"",""CZ"",""DE"",""DK"",""EE"",""ES"",""FI"",""FR"",""GR"",""HR"",""HU"",""IE"",""IT"",""LI"",""LT"",""LU"",""LV"",""MT"",""NL"",""NO"",""PL"",""PT"",""RO"",""SE"",""SI"",""SK""]","2024-11-23 00:00:00","The decision was taken pursuant to own-initiative investigations.",SOURCE_VOLUNTARY,,Yes,AUTOMATED_DECISION_FULLY,TikTok,7440371604124670753,"2024-11-23 07:22:10"
09beead4-49e3-4a7a-96a2-1aabbb5f9fd9,"[""DECISION_VISIBILITY_CONTENT_REMOVED""]",,,,,,,,,,,DECISION_GROUND_INCOMPATIBLE_CONTENT,,,,"Hate Speech and Hateful Behaviors","TikTok is enriched by the various backgrounds of our community members. Our differences should be respected, rather than a cause for division. We do not allow any hateful behavior, hate speech, or promotion of hateful ideologies. This includes content that attacks a person or group because of protected attributes.We proactively enforce our Community Guidelines through a mix of technology and human moderation. We have detected this policy violation using automated measures. We have used automated measures in making this decision.",,STATEMENT_CATEGORY_ILLEGAL_OR_HARMFUL_SPEECH,,,,"[""CONTENT_TYPE_TEXT""]",,,"2024-11-23 00:00:00","[""AT"",""BE"",""BG"",""CY"",""CZ"",""DE"",""DK"",""EE"",""ES"",""FI"",""FR"",""GR"",""HR"",""HU"",""IE"",""IT"",""LI"",""LT"",""LU"",""LV"",""MT"",""NL"",""NO"",""PL"",""PT"",""RO"",""SE"",""SI"",""SK""]","2024-11-23 00:00:00","The decision was taken pursuant to own-initiative investigations.",SOURCE_VOLUNTARY,,Yes,AUTOMATED_DECISION_FULLY,TikTok,7440371604703517472,"2024-11-23 07:22:10"
be190739-df88-46f8-b842-03d526b0ad29,"[""DECISION_VISIBILITY_OTHER""]","Photo not eligible for recommendation in the For You feed, and visibility restricted in search results",,,,,,,,,,DECISION_GROUND_INCOMPATIBLE_CONTENT,,,,"Dangerous Activities and Challenges","Most activities or challenges are appropriate for everyone, but some may carry a risk of significant injury. Content is ineligible for the For You feed if it involves activities likely to lead to moderate physical harm or includes professionals performing extreme sports and stunts that may endanger others.We proactively enforce our Community Guidelines through a mix of technology and human moderation. We have detected this policy violation using automated measures. We have used automated measures in making this decision.",,STATEMENT_CATEGORY_SCOPE_OF_PLATFORM_SERVICE,,,,"[""CONTENT_TYPE_IMAGE""]",,,"2024-11-23 00:00:00","[""AT"",""BE"",""BG"",""CY"",""CZ"",""DE"",""DK"",""EE"",""ES"",""FI"",""FR"",""GR"",""HR"",""HU"",""IE"",""IT"",""LI"",""LT"",""LU"",""LV"",""MT"",""NL"",""NO"",""PL"",""PT"",""RO"",""SE"",""SI"",""SK""]","2024-11-23 00:00:00","The decision was taken pursuant to own-initiative investigations.",SOURCE_VOLUNTARY,,Yes,AUTOMATED_DECISION_FULLY,TikTok,7440371604124687137,"2024-11-23 07:22:10"
11a12a27-52c8-482f-88e3-a38c2ff6ebae,"[""DECISION_VISIBILITY_OTHER""]","Photo not eligible for recommendation in the For You feed",,,,,,,,,,DECISION_GROUND_INCOMPATIBLE_CONTENT,,,,"Dangerous Activities and Challenges","Most activities or challenges are appropriate for everyone, but some carry a risk of significant injury. Content is ineligible for the For You feed if it involves activities that are likely to lead to moderate physical harm, or includes professionals who are performing extreme sports and stunts that may endanger others.We proactively enforce our Community Guidelines through a mix of technology and human moderation. We have detected this policy violation using automated measures. We have used automated measures in making this decision.",,STATEMENT_CATEGORY_NEGATIVE_EFFECTS_ON_CIVIC_DISCOURSE_OR_ELECTIONS,,,,"[""CONTENT_TYPE_IMAGE""]",,,"2024-11-23 00:00:00","[""AT"",""BE"",""BG"",""CY"",""CZ"",""DE"",""DK"",""EE"",""ES"",""FI"",""FR"",""GR"",""HR"",""HU"",""IE"",""IT"",""LI"",""LT"",""LU"",""LV"",""MT"",""NL"",""NO"",""PL"",""PT"",""RO"",""SE"",""SI"",""SK""]","2024-11-23 00:00:00","The decision was taken pursuant to own-initiative investigations.",SOURCE_VOLUNTARY,,Yes,AUTOMATED_DECISION_FULLY,TikTok,7440371604703533856,"2024-11-23 07:22:10"
44e5960e-caeb-4c93-84a6-1c1b2fb58ce6,"[""DECISION_VISIBILITY_CONTENT_REMOVED""]",,,,,,,,,,,DECISION_GROUND_INCOMPATIBLE_CONTENT,,,,"Sexual Exploitation and Gender-Based Violence","We are committed to providing a space that embraces gender equity, supports healthy relationships, and respects intimate privacy. We do not allow sexual exploitation or gender-based violence, including non-consensual sexual acts, image-based sexual abuse, sextortion, physical abuse, and sexual harassment.We proactively enforce our Community Guidelines through a mix of technology and human moderation. We have detected this policy violation using automated measures. We have used automated measures in making this decision.",,STATEMENT_CATEGORY_VIOLENCE,,,,"[""CONTENT_TYPE_TEXT""]",,,"2024-11-23 00:00:00","[""AT"",""BE"",""BG"",""CY"",""CZ"",""DE"",""DK"",""EE"",""ES"",""FI"",""FR"",""GR"",""HR"",""HU"",""IE"",""IT"",""LI"",""LT"",""LU"",""LV"",""MT"",""NL"",""NO"",""PL"",""PT"",""RO"",""SE"",""SI"",""SK""]","2024-11-23 00:00:00","The decision was taken pursuant to own-initiative investigations.",SOURCE_VOLUNTARY,,Yes,AUTOMATED_DECISION_FULLY,TikTok,7440371604703550240,"2024-11-23 07:22:10"
f3665306-bf7a-405e-8387-765bc812ca91,"[""DECISION_VISIBILITY_CONTENT_REMOVED""]",,,,,,,,,,,DECISION_GROUND_INCOMPATIBLE_CONTENT,,,,"Sexually Suggestive Content","We welcome performances and dances where people can creatively express themselves, celebrate their culture, or seek to entertain. We are mindful that certain behaviors related to sexual arousal or suggestiveness may be offensive to some people and may put young people at risk of exploitation. We do not allow seductive performances or allusions to sexual activity by young people, or the use of sexually explicit narratives by anyone.We proactively enforce our Community Guidelines through a mix of technology and human moderation. We have detected this policy violation using automated measures. We have used automated measures in making this decision.",,STATEMENT_CATEGORY_SCOPE_OF_PLATFORM_SERVICE,,,,"[""CONTENT_TYPE_TEXT""]",,,"2024-11-23 00:00:00","[""AT"",""BE"",""BG"",""CY"",""CZ"",""DE"",""DK"",""EE"",""ES"",""FI"",""FR"",""GR"",""HR"",""HU"",""IE"",""IT"",""LI"",""LT"",""LU"",""LV"",""MT"",""NL"",""NO"",""PL"",""PT"",""RO"",""SE"",""SI"",""SK""]","2024-11-23 00:00:00","The decision was taken pursuant to own-initiative investigations.",SOURCE_VOLUNTARY,,Yes,AUTOMATED_DECISION_FULLY,TikTok,7440371604124703521,"2024-11-23 07:22:10"
daaca2e1-bbd1-4401-9885-9b8fe73deffb,"[""DECISION_VISIBILITY_CONTENT_REMOVED""]",,,,,,,,,,,DECISION_GROUND_INCOMPATIBLE_CONTENT,,,,"Harassment and Bullying","We welcome the respectful expression of different viewpoints, but not toxicity or trolling. We do not allow language or behavior that harasses, humiliates, threatens, or doxes anyone. This also includes responding to such acts with retaliatory harassment (but excludes non-harassing counterspeech).We proactively enforce our Community Guidelines through a mix of technology and human moderation. We have detected this policy violation using automated measures. We have used automated measures in making this decision.",,STATEMENT_CATEGORY_ILLEGAL_OR_HARMFUL_SPEECH,,,,"[""CONTENT_TYPE_TEXT""]",,,"2024-11-23 00:00:00","[""AT"",""BE"",""BG"",""CY"",""CZ"",""DE"",""DK"",""EE"",""ES"",""FI"",""FR"",""GR"",""HR"",""HU"",""IE"",""IT"",""LI"",""LT"",""LU"",""LV"",""MT"",""NL"",""NO"",""PL"",""PT"",""RO"",""SE"",""SI"",""SK""]","2024-11-23 00:00:00","The decision was taken pursuant to own-initiative investigations.",SOURCE_VOLUNTARY,,Yes,AUTOMATED_DECISION_FULLY,TikTok,7440371604703566624,"2024-11-23 07:22:10"
77000577-4f61-41f5-9ccc-4177c7aec674,"[""DECISION_VISIBILITY_OTHER""]","Video not eligible for recommendation in the For You feed",,,,,,,,,,DECISION_GROUND_INCOMPATIBLE_CONTENT,,,,"Community Guidelines","We maintain content eligibility standards for the For You feed (FYF) that prioritize safety and are informed by the diversity of our community and cultural norms. We make ineligible for the FYF certain content that may not be appropriate for a broad audience related to: (1) Behavioral Health, (2) Sensitive and Mature Themes, (3) Integrity and Authenticity, and (4) Regulated Goods. Content that is ineligible for the FYF can still be discovered in other ways, such as through search tools or by following an account.We proactively enforce our Community Guidelines through a mix of technology and human moderation. We have detected this policy violation using automated measures. We have used automated measures in making this decision.",,STATEMENT_CATEGORY_SCOPE_OF_PLATFORM_SERVICE,,,,"[""CONTENT_TYPE_VIDEO""]",,,"2024-11-23 00:00:00","[""AT"",""BE"",""BG"",""CY"",""CZ"",""DE"",""DK"",""EE"",""ES"",""FI"",""FR"",""GR"",""HR"",""HU"",""IE"",""IT"",""LI"",""LT"",""LU"",""LV"",""MT"",""NL"",""NO"",""PL"",""PT"",""RO"",""SE"",""SI"",""SK""]","2024-11-23 00:00:00","The decision was taken pursuant to own-initiative investigations.",SOURCE_VOLUNTARY,,Yes,AUTOMATED_DECISION_FULLY,TikTok,7440371610571250464,"2024-11-23 07:22:10"
49ed06cc-12cf-4ef1-9e42-bb800b4c1dc6,"[""DECISION_VISIBILITY_OTHER""]","Video not eligible for recommendation in the For You feed",,,,,,,,,,DECISION_GROUND_INCOMPATIBLE_CONTENT,,,,"Alcohol, Tobacco, and Drugs","While adults make personal choices about how they engage with alcohol, drugs, and tobacco, we recognize that there are risks connected to trading and using these substances. Content is ineligible for the For You feed and harder to find in search if it shows adults consuming excessive amounts of alcohol or tobacco products.We proactively enforce our Community Guidelines through a mix of technology and human moderation. We have detected this policy violation using automated measures. We have used automated measures in making this decision.",,STATEMENT_CATEGORY_SCOPE_OF_PLATFORM_SERVICE,,,,"[""CONTENT_TYPE_VIDEO""]",,,"2024-11-23 00:00:00","[""AT"",""BE"",""BG"",""CY"",""CZ"",""DE"",""DK"",""EE"",""ES"",""FI"",""FR"",""GR"",""HR"",""HU"",""IE"",""IT"",""LI"",""LT"",""LU"",""LV"",""MT"",""NL"",""NO"",""PL"",""PT"",""RO"",""SE"",""SI"",""SK""]","2024-11-23 00:00:00","The decision was taken pursuant to own-initiative investigations.",SOURCE_VOLUNTARY,,Yes,AUTOMATED_DECISION_FULLY,TikTok,7440371604124719905,"2024-11-23 07:22:10"
e7f209ac-2e05-45f5-827b-9ece63274efe,"[""DECISION_VISIBILITY_CONTENT_REMOVED""]",,,,,,,,,,,DECISION_GROUND_INCOMPATIBLE_CONTENT,,,,"Harassment and Bullying","We welcome the respectful expression of different viewpoints, but not toxicity or trolling. We do not allow language or behavior that harasses, humiliates, threatens, or doxes anyone. This also includes responding to such acts with retaliatory harassment (but excludes non-harassing counterspeech).We proactively enforce our Community Guidelines through a mix of technology and human moderation. We have detected this policy violation using automated measures. We have used automated measures in making this decision.",,STATEMENT_CATEGORY_ILLEGAL_OR_HARMFUL_SPEECH,,,,"[""CONTENT_TYPE_TEXT""]",,,"2024-11-23 00:00:00","[""AT"",""BE"",""BG"",""CY"",""CZ"",""DE"",""DK"",""EE"",""ES"",""FI"",""FR"",""GR"",""HR"",""HU"",""IE"",""IT"",""LI"",""LT"",""LU"",""LV"",""MT"",""NL"",""NO"",""PL"",""PT"",""RO"",""SE"",""SI"",""SK""]","2024-11-23 00:00:00","The decision was taken pursuant to own-initiative investigations.",SOURCE_VOLUNTARY,,Yes,AUTOMATED_DECISION_FULLY,TikTok,7440371610571266848,"2024-11-23 07:22:10"
a36be124-7f44-475f-9659-d4731aea979d,"[""DECISION_VISIBILITY_CONTENT_REMOVED""]",,,,,,,,,,,DECISION_GROUND_INCOMPATIBLE_CONTENT,,,,"Minimum Age Requirement","Users must be 13 years and older to have a TikTok account. We are deeply committed to ensuring that TikTok is a safe and positive experience for people under the age of 18. This starts by being old enough to use TikTok. If we learn someone is below the minimum age on TikTok, we will ban that account.We proactively enforce our Community Guidelines through a mix of technology and human moderation. We have detected this policy violation using automated measures. We have used automated measures in making this decision.",,STATEMENT_CATEGORY_PROTECTION_OF_MINORS,,,,"[""CONTENT_TYPE_TEXT""]",,,"2024-11-23 00:00:00","[""AT"",""BE"",""BG"",""CY"",""CZ"",""DE"",""DK"",""EE"",""ES"",""FI"",""FR"",""GR"",""HR"",""HU"",""IE"",""IT"",""LI"",""LT"",""LU"",""LV"",""MT"",""NL"",""NO"",""PL"",""PT"",""RO"",""SE"",""SI"",""SK""]","2024-11-23 00:00:00","The decision was taken pursuant to own-initiative investigations.",SOURCE_VOLUNTARY,,Yes,AUTOMATED_DECISION_FULLY,TikTok,7440371604124736289,"2024-11-23 07:22:10"
add19d85-c4bf-4c3f-9e25-91968552a60e,"[""DECISION_VISIBILITY_OTHER""]","Video not eligible for recommendation in the For You feed",,,,,,,,,,DECISION_GROUND_INCOMPATIBLE_CONTENT,,,,"Community Guidelines","We maintain content eligibility standards for the For You feed (FYF) that prioritize safety and are informed by the diversity of our community and cultural norms. We make ineligible for the FYF certain content that may not be appropriate for a broad audience related to: (1) Behavioral Health, (2) Sensitive and Mature Themes, (3) Integrity and Authenticity, and (4) Regulated Goods. Content that is ineligible for the FYF can still be discovered in other ways, such as through search tools or by following an account.We proactively enforce our Community Guidelines through a mix of technology and human moderation. We have detected this policy violation using automated measures. We have used automated measures in making this decision.",,STATEMENT_CATEGORY_SCOPE_OF_PLATFORM_SERVICE,,,,"[""CONTENT_TYPE_VIDEO""]",,,"2024-11-23 00:00:00","[""AT"",""BE"",""BG"",""CY"",""CZ"",""DE"",""DK"",""EE"",""ES"",""FI"",""FR"",""GR"",""HR"",""HU"",""IE"",""IT"",""LI"",""LT"",""LU"",""LV"",""MT"",""NL"",""NO"",""PL"",""PT"",""RO"",""SE"",""SI"",""SK""]","2024-11-23 00:00:00","The decision was taken pursuant to own-initiative investigations.",SOURCE_VOLUNTARY,,Yes,AUTOMATED_DECISION_FULLY,TikTok,7440371610571283232,"2024-11-23 07:22:10"
a201f014-d9f7-4a6c-8720-da817ae371cb,"[""DECISION_VISIBILITY_CONTENT_REMOVED""]",,,,,,,,,,,DECISION_GROUND_INCOMPATIBLE_CONTENT,,,,"Harassment and Bullying","We welcome the respectful expression of different viewpoints, but not toxicity or trolling. We do not allow language or behavior that harasses, humiliates, threatens, or doxes anyone. This also includes responding to such acts with retaliatory harassment (but excludes non-harassing counterspeech).We proactively enforce our Community Guidelines through a mix of technology and human moderation. We have detected this policy violation using automated measures. We have used automated measures in making this decision.",,STATEMENT_CATEGORY_ILLEGAL_OR_HARMFUL_SPEECH,,,,"[""CONTENT_TYPE_TEXT""]",,,"2024-11-23 00:00:00","[""AT"",""BE"",""BG"",""CY"",""CZ"",""DE"",""DK"",""EE"",""ES"",""FI"",""FR"",""GR"",""HR"",""HU"",""IE"",""IT"",""LI"",""LT"",""LU"",""LV"",""MT"",""NL"",""NO"",""PL"",""PT"",""RO"",""SE"",""SI"",""SK""]","2024-11-23 00:00:00","The decision was taken pursuant to own-initiative investigations.",SOURCE_VOLUNTARY,,Yes,AUTOMATED_DECISION_FULLY,TikTok,7440371604124752673,"2024-11-23 07:22:10"
27e49de3-db2b-4a03-8f6b-8733083ca0d8,"[""DECISION_VISIBILITY_OTHER""]","Video not eligible for recommendation in the For You feed",,,,,,,,,,DECISION_GROUND_INCOMPATIBLE_CONTENT,,,,"Community Guidelines","We maintain content eligibility standards for the For You feed (FYF) that prioritize safety and are informed by the diversity of our community and cultural norms. We make ineligible for the FYF certain content that may not be appropriate for a broad audience related to: (1) Behavioral Health, (2) Sensitive and Mature Themes, (3) Integrity and Authenticity, and (4) Regulated Goods. Content that is ineligible for the FYF can still be discovered in other ways, such as through search tools or by following an account.We proactively enforce our Community Guidelines through a mix of technology and human moderation. We have detected this policy violation using automated measures. We have used automated measures in making this decision.",,STATEMENT_CATEGORY_SCOPE_OF_PLATFORM_SERVICE,,,,"[""CONTENT_TYPE_VIDEO""]",,,"2024-11-23 00:00:00","[""AT"",""BE"",""BG"",""CY"",""CZ"",""DE"",""DK"",""EE"",""ES"",""FI"",""FR"",""GR"",""HR"",""HU"",""IE"",""IT"",""LI"",""LT"",""LU"",""LV"",""MT"",""NL"",""NO"",""PL"",""PT"",""RO"",""SE"",""SI"",""SK""]","2024-11-23 00:00:00","The decision was taken pursuant to own-initiative investigations.",SOURCE_VOLUNTARY,,Yes,AUTOMATED_DECISION_FULLY,TikTok,7440371610571299616,"2024-11-23 07:22:10"
e9221a5b-9ee0-423b-9ed1-6dd4310f896c,"[""DECISION_VISIBILITY_CONTENT_REMOVED""]",,,,,,,,,,,DECISION_GROUND_INCOMPATIBLE_CONTENT,,,,"Harassment and Bullying","We welcome the respectful expression of different viewpoints, but not toxicity or trolling. We do not allow language or behavior that harasses, humiliates, threatens, or doxes anyone. This also includes responding to such acts with retaliatory harassment (but excludes non-harassing counterspeech).We proactively enforce our Community Guidelines through a mix of technology and human moderation. We have detected this policy violation using automated measures. We have used automated measures in making this decision.",,STATEMENT_CATEGORY_ILLEGAL_OR_HARMFUL_SPEECH,,,,"[""CONTENT_TYPE_TEXT""]",,,"2024-11-23 00:00:00","[""AT"",""BE"",""BG"",""CY"",""CZ"",""DE"",""DK"",""EE"",""ES"",""FI"",""FR"",""GR"",""HR"",""HU"",""IE"",""IT"",""LI"",""LT"",""LU"",""LV"",""MT"",""NL"",""NO"",""PL"",""PT"",""RO"",""SE"",""SI"",""SK""]","2024-11-23 00:00:00","The decision was taken pursuant to own-initiative investigations.",SOURCE_VOLUNTARY,,Yes,AUTOMATED_DECISION_FULLY,TikTok,7440371611703712545,"2024-11-23 07:22:10"
b7be4704-3bb4-4e02-b18e-0ac3faa3c827,"[""DECISION_VISIBILITY_CONTENT_REMOVED""]",,,,,,,,,,,DECISION_GROUND_INCOMPATIBLE_CONTENT,,,,"Hate Speech and Hateful Behaviors","TikTok is enriched by the various backgrounds of our community members. Our differences should be respected, rather than a cause for division. We do not allow any hateful behavior, hate speech, or promotion of hateful ideologies. This includes content that attacks a person or group because of protected attributes.We proactively enforce our Community Guidelines through a mix of technology and human moderation. We have detected this policy violation using automated measures. We have used automated measures in making this decision.",,STATEMENT_CATEGORY_ILLEGAL_OR_HARMFUL_SPEECH,,,,"[""CONTENT_TYPE_TEXT""]",,,"2024-11-23 00:00:00","[""AT"",""BE"",""BG"",""CY"",""CZ"",""DE"",""DK"",""EE"",""ES"",""FI"",""FR"",""GR"",""HR"",""HU"",""IE"",""IT"",""LI"",""LT"",""LU"",""LV"",""MT"",""NL"",""NO"",""PL"",""PT"",""RO"",""SE"",""SI"",""SK""]","2024-11-23 00:00:00","The decision was taken pursuant to own-initiative investigations.",SOURCE_VOLUNTARY,,Yes,AUTOMATED_DECISION_FULLY,TikTok,7440371611703728929,"2024-11-23 07:22:10"
cb997234-3da2-4831-b919-bc7461326735,"[""DECISION_VISIBILITY_OTHER""]","Video not eligible for recommendation in the For You feed",,,,,,,,,,DECISION_GROUND_INCOMPATIBLE_CONTENT,,,,"Community Guidelines","We maintain content eligibility standards for the For You feed (FYF) that prioritize safety and are informed by the diversity of our community and cultural norms. We make ineligible for the FYF certain content that may not be appropriate for a broad audience related to: (1) Behavioral Health, (2) Sensitive and Mature Themes, (3) Integrity and Authenticity, and (4) Regulated Goods. Content that is ineligible for the FYF can still be discovered in other ways, such as through search tools or by following an account.We proactively enforce our Community Guidelines through a mix of technology and human moderation. We have detected this policy violation using automated measures. We have used automated measures in making this decision.",,STATEMENT_CATEGORY_SCOPE_OF_PLATFORM_SERVICE,,,,"[""CONTENT_TYPE_VIDEO""]",,,"2024-11-23 00:00:00","[""AT"",""BE"",""BG"",""CY"",""CZ"",""DE"",""DK"",""EE"",""ES"",""FI"",""FR"",""GR"",""HR"",""HU"",""IE"",""IT"",""LI"",""LT"",""LU"",""LV"",""MT"",""NL"",""NO"",""PL"",""PT"",""RO"",""SE"",""SI"",""SK""]","2024-11-23 00:00:00","The decision was taken pursuant to own-initiative investigations.",SOURCE_VOLUNTARY,,Yes,AUTOMATED_DECISION_FULLY,TikTok,7440371611703745313,"2024-11-23 07:22:10"
967e774b-2f3e-412a-a763-b8ad91b12fec,"[""DECISION_VISIBILITY_CONTENT_REMOVED""]",,,,,,,,,,,DECISION_GROUND_INCOMPATIBLE_CONTENT,,,,"Harassment and Bullying","We welcome the respectful expression of different viewpoints, but not toxicity or trolling. We do not allow language or behavior that harasses, humiliates, threatens, or doxes anyone. This also includes responding to such acts with retaliatory harassment (but excludes non-harassing counterspeech).We proactively enforce our Community Guidelines through a mix of technology and human moderation. We have detected this policy violation using automated measures. We have used automated measures in making this decision.",,STATEMENT_CATEGORY_ILLEGAL_OR_HARMFUL_SPEECH,,,,"[""CONTENT_TYPE_TEXT""]",,,"2024-11-23 00:00:00","[""AT"",""BE"",""BG"",""CY"",""CZ"",""DE"",""DK"",""EE"",""ES"",""FI"",""FR"",""GR"",""HR"",""HU"",""IE"",""IT"",""LI"",""LT"",""LU"",""LV"",""MT"",""NL"",""NO"",""PL"",""PT"",""RO"",""SE"",""SI"",""SK""]","2024-11-23 00:00:00","The decision was taken pursuant to own-initiative investigations.",SOURCE_VOLUNTARY,,Yes,AUTOMATED_DECISION_FULLY,TikTok,7440371611703761697,"2024-11-23 07:22:10"
876bfe71-bb14-443c-9668-ee43c3444cb4,"[""DECISION_VISIBILITY_CONTENT_REMOVED""]",,,,,,,,,,,DECISION_GROUND_INCOMPATIBLE_CONTENT,,,,"Harassment and Bullying","We welcome the respectful expression of different viewpoints, but not toxicity or trolling. We do not allow language or behavior that harasses, humiliates, threatens, or doxes anyone. This also includes responding to such acts with retaliatory harassment (but excludes non-harassing counterspeech).We proactively enforce our Community Guidelines through a mix of technology and human moderation. We have detected this policy violation using automated measures. We have used automated measures in making this decision.",,STATEMENT_CATEGORY_ILLEGAL_OR_HARMFUL_SPEECH,,,,"[""CONTENT_TYPE_TEXT""]",,,"2024-11-23 00:00:00","[""AT"",""BE"",""BG"",""CY"",""CZ"",""DE"",""DK"",""EE"",""ES"",""FI"",""FR"",""GR"",""HR"",""HU"",""IE"",""IT"",""LI"",""LT"",""LU"",""LV"",""MT"",""NL"",""NO"",""PL"",""PT"",""RO"",""SE"",""SI"",""SK""]","2024-11-23 00:00:00","The decision was taken pursuant to own-initiative investigations.",SOURCE_VOLUNTARY,,Yes,AUTOMATED_DECISION_FULLY,TikTok,7440371610571316000,"2024-11-23 07:22:10"
1abefa88-afeb-4df9-8c2d-148ac35c4097,"[""DECISION_VISIBILITY_CONTENT_REMOVED""]",,,,,,,,,,,DECISION_GROUND_INCOMPATIBLE_CONTENT,,,,"Dangerous Activities and Challenges","Most activities or challenges are appropriate for everyone, but some carry a risk of significant injury. We do not allow showing or promoting dangerous activities and challenges. This includes dares, games, tricks, inappropriate use of dangerous tools, eating substances that are harmful to one’s health, or similar activities that may lead to significant physical harm.We proactively enforce our Community Guidelines through a mix of technology and human moderation. We have detected this policy violation using automated measures. We have used automated measures in making this decision.",,STATEMENT_CATEGORY_SCOPE_OF_PLATFORM_SERVICE,,,,"[""CONTENT_TYPE_VIDEO""]",,,"2024-11-23 00:00:00","[""AT"",""BE"",""BG"",""CY"",""CZ"",""DE"",""DK"",""EE"",""ES"",""FI"",""FR"",""GR"",""HR"",""HU"",""IE"",""IT"",""LI"",""LT"",""LU"",""LV"",""MT"",""NL"",""NO"",""PL"",""PT"",""RO"",""SE"",""SI"",""SK""]","2024-11-23 00:00:00","The decision was taken pursuant to own-initiative investigations.",SOURCE_VOLUNTARY,,Yes,AUTOMATED_DECISION_FULLY,TikTok,7440371611703778081,"2024-11-23 07:22:10"
6d6abf2d-a0aa-4d09-a97f-f298722fed90,"[""DECISION_VISIBILITY_OTHER""]","Photo not eligible for recommendation in the For You feed",,,,,,,,,,DECISION_GROUND_INCOMPATIBLE_CONTENT,,,,"Community Guidelines","Your content is against our Community Guidelines. The guidelines include rules and standards for using TikTok that apply to everyone and everything on our platform.",,STATEMENT_CATEGORY_NEGATIVE_EFFECTS_ON_CIVIC_DISCOURSE_OR_ELECTIONS,,,,"[""CONTENT_TYPE_IMAGE""]",,,"2024-11-23 00:00:00","[""AT"",""BE"",""BG"",""CY"",""CZ"",""DE"",""DK"",""EE"",""ES"",""FI"",""FR"",""GR"",""HR"",""HU"",""IE"",""IT"",""LI"",""LT"",""LU"",""LV"",""MT"",""NL"",""NO"",""PL"",""PT"",""RO"",""SE"",""SI"",""SK""]","2024-11-23 00:00:00","The decision was taken pursuant to own-initiative investigations.",SOURCE_VOLUNTARY,,Yes,AUTOMATED_DECISION_FULLY,TikTok,7440371610571332384,"2024-11-23 07:22:10"
f30456d8-ff35-41b3-9baf-315bc95ff0df,"[""DECISION_VISIBILITY_OTHER""]","Video not eligible for recommendation in the For You feed",,,,,,,,,,DECISION_GROUND_INCOMPATIBLE_CONTENT,,,,"Community Guidelines","We maintain content eligibility standards for the For You feed (FYF) that prioritize safety and are informed by the diversity of our community and cultural norms. We make ineligible for the FYF certain content that may not be appropriate for a broad audience related to: (1) Behavioral Health, (2) Sensitive and Mature Themes, (3) Integrity and Authenticity, and (4) Regulated Goods. Content that is ineligible for the FYF can still be discovered in other ways, such as through search tools or by following an account.We proactively enforce our Community Guidelines through a mix of technology and human moderation. We have detected this policy violation using automated measures. We have used automated measures in making this decision.",,STATEMENT_CATEGORY_SCOPE_OF_PLATFORM_SERVICE,,,,"[""CONTENT_TYPE_VIDEO""]",,,"2023-07-13 00:00:00","[""AT"",""BE"",""BG"",""CY"",""CZ"",""DE"",""DK"",""EE"",""ES"",""FI"",""FR"",""GR"",""HR"",""HU"",""IE"",""IT"",""LI"",""LT"",""LU"",""LV"",""MT"",""NL"",""NO"",""PL"",""PT"",""RO"",""SE"",""SI"",""SK""]","2024-11-23 00:00:00","The decision was taken pursuant to own-initiative investigations.",SOURCE_VOLUNTARY,,Yes,AUTOMATED_DECISION_FULLY,TikTok,7440371610571348768,"2024-11-23 07:22:10"
91f18c29-3a30-4183-8d4c-b27b27961dfd,"[""DECISION_VISIBILITY_OTHER""]","Video not eligible for recommendation in the For You feed",,,,,,,,,,DECISION_GROUND_INCOMPATIBLE_CONTENT,,,,"Community Guidelines","We maintain content eligibility standards for the For You feed (FYF) that prioritize safety and are informed by the diversity of our community and cultural norms. We make ineligible for the FYF certain content that may not be appropriate for a broad audience related to: (1) Behavioral Health, (2) Sensitive and Mature Themes, (3) Integrity and Authenticity, and (4) Regulated Goods. Content that is ineligible for the FYF can still be discovered in other ways, such as through search tools or by following an account.We proactively enforce our Community Guidelines through a mix of technology and human moderation. We have detected this policy violation using automated measures. We have used automated measures in making this decision.",,STATEMENT_CATEGORY_SCOPE_OF_PLATFORM_SERVICE,,,,"[""CONTENT_TYPE_VIDEO""]",,,"2022-11-02 00:00:00","[""AT"",""BE"",""BG"",""CY"",""CZ"",""DE"",""DK"",""EE"",""ES"",""FI"",""FR"",""GR"",""HR"",""HU"",""IE"",""IT"",""LI"",""LT"",""LU"",""LV"",""MT"",""NL"",""NO"",""PL"",""PT"",""RO"",""SE"",""SI"",""SK""]","2024-11-23 00:00:00","The decision was taken pursuant to own-initiative investigations.",SOURCE_VOLUNTARY,,Yes,AUTOMATED_DECISION_FULLY,TikTok,7440371610571365152,"2024-11-23 07:22:10"
2993f949-3fcf-4f12-ad35-50e936f65d37,"[""DECISION_VISIBILITY_OTHER""]","Video not eligible for recommendation in the For You feed",,,,,,,,,,DECISION_GROUND_INCOMPATIBLE_CONTENT,,,,"Community Guidelines","We maintain content eligibility standards for the For You feed (FYF) that prioritize safety and are informed by the diversity of our community and cultural norms. We make ineligible for the FYF certain content that may not be appropriate for a broad audience related to: (1) Behavioral Health, (2) Sensitive and Mature Themes, (3) Integrity and Authenticity, and (4) Regulated Goods. Content that is ineligible for the FYF can still be discovered in other ways, such as through search tools or by following an account.We proactively enforce our Community Guidelines through a mix of technology and human moderation. We have detected this policy violation using automated measures. We have used automated measures in making this decision.",,STATEMENT_CATEGORY_SCOPE_OF_PLATFORM_SERVICE,,,,"[""CONTENT_TYPE_VIDEO""]",,,"2024-11-23 00:00:00","[""AT"",""BE"",""BG"",""CY"",""CZ"",""DE"",""DK"",""EE"",""ES"",""FI"",""FR"",""GR"",""HR"",""HU"",""IE"",""IT"",""LI"",""LT"",""LU"",""LV"",""MT"",""NL"",""NO"",""PL"",""PT"",""RO"",""SE"",""SI"",""SK""]","2024-11-23 00:00:00","The decision was taken pursuant to own-initiative investigations.",SOURCE_VOLUNTARY,,Yes,AUTOMATED_DECISION_FULLY,TikTok,7440371611703794465,"2024-11-23 07:22:10"
eb7cbe83-0e49-4dd6-b8cd-3a28f8af938c,"[""DECISION_VISIBILITY_CONTENT_REMOVED""]",,,,,,,,,,,DECISION_GROUND_INCOMPATIBLE_CONTENT,,,,"Hate Speech and Hateful Behaviors","TikTok is enriched by the various backgrounds of our community members. Our differences should be respected, rather than a cause for division. We do not allow any hateful behavior, hate speech, or promotion of hateful ideologies. This includes content that attacks a person or group because of protected attributes.We proactively enforce our Community Guidelines through a mix of technology and human moderation. We have detected this policy violation using automated measures. We have used automated measures in making this decision.",,STATEMENT_CATEGORY_ILLEGAL_OR_HARMFUL_SPEECH,,,,"[""CONTENT_TYPE_TEXT""]",,,"2024-11-23 00:00:00","[""AT"",""BE"",""BG"",""CY"",""CZ"",""DE"",""DK"",""EE"",""ES"",""FI"",""FR"",""GR"",""HR"",""HU"",""IE"",""IT"",""LI"",""LT"",""LU"",""LV"",""MT"",""NL"",""NO"",""PL"",""PT"",""RO"",""SE"",""SI"",""SK""]","2024-11-23 00:00:00","The decision was taken pursuant to own-initiative investigations.",SOURCE_VOLUNTARY,,Yes,AUTOMATED_DECISION_FULLY,TikTok,7440371610571381536,"2024-11-23 07:22:10"
3e41b196-e9ec-4da9-a997-e59b41c86de1,"[""DECISION_VISIBILITY_CONTENT_REMOVED""]",,,,,,,,,,,DECISION_GROUND_INCOMPATIBLE_CONTENT,,,,"Harassment and Bullying","We welcome the respectful expression of different viewpoints, but not toxicity or trolling. We do not allow language or behavior that harasses, humiliates, threatens, or doxes anyone. This also includes responding to such acts with retaliatory harassment (but excludes non-harassing counterspeech).We proactively enforce our Community Guidelines through a mix of technology and human moderation. We have detected this policy violation using automated measures. We have used automated measures in making this decision.",,STATEMENT_CATEGORY_ILLEGAL_OR_HARMFUL_SPEECH,,,,"[""CONTENT_TYPE_TEXT""]",,,"2024-11-23 00:00:00","[""AT"",""BE"",""BG"",""CY"",""CZ"",""DE"",""DK"",""EE"",""ES"",""FI"",""FR"",""GR"",""HR"",""HU"",""IE"",""IT"",""LI"",""LT"",""LU"",""LV"",""MT"",""NL"",""NO"",""PL"",""PT"",""RO"",""SE"",""SI"",""SK""]","2024-11-23 00:00:00","The decision was taken pursuant to own-initiative investigations.",SOURCE_VOLUNTARY,,Yes,AUTOMATED_DECISION_FULLY,TikTok,7440371610571397920,"2024-11-23 07:22:10"
b4c0c0fb-412d-4ac4-a30e-801d1c7b0cc7,"[""DECISION_VISIBILITY_OTHER""]","Video not eligible for recommendation in the For You feed",,,,,,,,,,DECISION_GROUND_INCOMPATIBLE_CONTENT,,,,"Community Guidelines","We maintain content eligibility standards for the For You feed (FYF) that prioritize safety and are informed by the diversity of our community and cultural norms. We make ineligible for the FYF certain content that may not be appropriate for a broad audience related to: (1) Behavioral Health, (2) Sensitive and Mature Themes, (3) Integrity and Authenticity, and (4) Regulated Goods. Content that is ineligible for the FYF can still be discovered in other ways, such as through search tools or by following an account.We proactively enforce our Community Guidelines through a mix of technology and human moderation. We have detected this policy violation using automated measures. We have used automated measures in making this decision.",,STATEMENT_CATEGORY_SCOPE_OF_PLATFORM_SERVICE,,,,"[""CONTENT_TYPE_VIDEO""]",,,"2024-11-23 00:00:00","[""AT"",""BE"",""BG"",""CY"",""CZ"",""DE"",""DK"",""EE"",""ES"",""FI"",""FR"",""GR"",""HR"",""HU"",""IE"",""IT"",""LI"",""LT"",""LU"",""LV"",""MT"",""NL"",""NO"",""PL"",""PT"",""RO"",""SE"",""SI"",""SK""]","2024-11-23 00:00:00","The decision was taken pursuant to own-initiative investigations.",SOURCE_VOLUNTARY,,Yes,AUTOMATED_DECISION_FULLY,TikTok,7440371611703810849,"2024-11-23 07:22:10"
530ac3be-ee9f-46bc-8ace-6fe3e4da4fdc,"[""DECISION_VISIBILITY_OTHER""]","Video not eligible for recommendation in the For You feed",,,,,,,,,,DECISION_GROUND_INCOMPATIBLE_CONTENT,,,,"Community Guidelines","We maintain content eligibility standards for the For You feed (FYF) that prioritize safety and are informed by the diversity of our community and cultural norms. We make ineligible for the FYF certain content that may not be appropriate for a broad audience related to: (1) Behavioral Health, (2) Sensitive and Mature Themes, (3) Integrity and Authenticity, and (4) Regulated Goods. Content that is ineligible for the FYF can still be discovered in other ways, such as through search tools or by following an account.We proactively enforce our Community Guidelines through a mix of technology and human moderation. We have detected this policy violation using automated measures. We have used automated measures in making this decision.",,STATEMENT_CATEGORY_SCOPE_OF_PLATFORM_SERVICE,,,,"[""CONTENT_TYPE_VIDEO""]",,,"2024-11-23 00:00:00","[""AT"",""BE"",""BG"",""CY"",""CZ"",""DE"",""DK"",""EE"",""ES"",""FI"",""FR"",""GR"",""HR"",""HU"",""IE"",""IT"",""LI"",""LT"",""LU"",""LV"",""MT"",""NL"",""NO"",""PL"",""PT"",""RO"",""SE"",""SI"",""SK""]","2024-11-23 00:00:00","The decision was taken pursuant to own-initiative investigations.",SOURCE_VOLUNTARY,,Yes,AUTOMATED_DECISION_FULLY,TikTok,7440371613603732256,"2024-11-23 07:22:10"
23c0ae8a-b48f-44a1-8ecf-af9e33bc6f97,"[""DECISION_VISIBILITY_CONTENT_REMOVED""]",,,,,,,,,,,DECISION_GROUND_INCOMPATIBLE_CONTENT,,,,"Harassment and Bullying","We welcome the respectful expression of different viewpoints, but not toxicity or trolling. We do not allow language or behavior that harasses, humiliates, threatens, or doxes anyone. This also includes responding to such acts with retaliatory harassment (but excludes non-harassing counterspeech).We proactively enforce our Community Guidelines through a mix of technology and human moderation. We have detected this policy violation using automated measures. We have used automated measures in making this decision.",,STATEMENT_CATEGORY_ILLEGAL_OR_HARMFUL_SPEECH,,,,"[""CONTENT_TYPE_TEXT""]",,,"2024-11-23 00:00:00","[""AT"",""BE"",""BG"",""CY"",""CZ"",""DE"",""DK"",""EE"",""ES"",""FI"",""FR"",""GR"",""HR"",""HU"",""IE"",""IT"",""LI"",""LT"",""LU"",""LV"",""MT"",""NL"",""NO"",""PL"",""PT"",""RO"",""SE"",""SI"",""SK""]","2024-11-23 00:00:00","The decision was taken pursuant to own-initiative investigations.",SOURCE_VOLUNTARY,,Yes,AUTOMATED_DECISION_FULLY,TikTok,7440371611703827233,"2024-11-23 07:22:10"
75617e40-989d-4196-8264-7887ca958609,"[""DECISION_VISIBILITY_CONTENT_REMOVED""]",,,,,,,,,,,DECISION_GROUND_INCOMPATIBLE_CONTENT,,,,"Harassment and Bullying","We welcome the respectful expression of different viewpoints, but not toxicity or trolling. We do not allow language or behavior that harasses, humiliates, threatens, or doxes anyone. This also includes responding to such acts with retaliatory harassment (but excludes non-harassing counterspeech).We proactively enforce our Community Guidelines through a mix of technology and human moderation. We have detected this policy violation using automated measures. We have used automated measures in making this decision.",,STATEMENT_CATEGORY_ILLEGAL_OR_HARMFUL_SPEECH,,,,"[""CONTENT_TYPE_TEXT""]",,,"2024-11-23 00:00:00","[""AT"",""BE"",""BG"",""CY"",""CZ"",""DE"",""DK"",""EE"",""ES"",""FI"",""FR"",""GR"",""HR"",""HU"",""IE"",""IT"",""LI"",""LT"",""LU"",""LV"",""MT"",""NL"",""NO"",""PL"",""PT"",""RO"",""SE"",""SI"",""SK""]","2024-11-23 00:00:00","The decision was taken pursuant to own-initiative investigations.",SOURCE_VOLUNTARY,,Yes,AUTOMATED_DECISION_FULLY,TikTok,7440371613603748640,"2024-11-23 07:22:10"
c70a41a4-f79f-46c9-bff7-e370229f18a7,"[""DECISION_VISIBILITY_CONTENT_REMOVED""]",,,,,,,,,,,DECISION_GROUND_INCOMPATIBLE_CONTENT,,,,"Violent Behaviors and Criminal Activities","We recognize that online content related to violence can cause real-world harm. We do not allow any violent threats, incitement to violence, or promotion of criminal activities that may harm people, animals, or property. If there is a specific, credible, and imminent threat to human life or serious physical injury, we will report it to relevant law enforcement authorities.We proactively enforce our Community Guidelines through a mix of technology and human moderation. We have detected this policy violation using automated measures. We have used automated measures in making this decision.",,STATEMENT_CATEGORY_VIOLENCE,,,,"[""CONTENT_TYPE_TEXT""]",,,"2024-11-23 00:00:00","[""AT"",""BE"",""BG"",""CY"",""CZ"",""DE"",""DK"",""EE"",""ES"",""FI"",""FR"",""GR"",""HR"",""HU"",""IE"",""IT"",""LI"",""LT"",""LU"",""LV"",""MT"",""NL"",""NO"",""PL"",""PT"",""RO"",""SE"",""SI"",""SK""]","2024-11-23 00:00:00","The decision was taken pursuant to own-initiative investigations.",SOURCE_VOLUNTARY,,Yes,AUTOMATED_DECISION_FULLY,TikTok,7440371613603765024,"2024-11-23 07:22:10"
919ca7de-b7c4-4b2e-8bff-6cc7f96718db,"[""DECISION_VISIBILITY_CONTENT_REMOVED""]",,,,,,,,,,,DECISION_GROUND_INCOMPATIBLE_CONTENT,,,,"Harassment and Bullying","We welcome the respectful expression of different viewpoints, but not toxicity or trolling. We do not allow language or behavior that harasses, humiliates, threatens, or doxes anyone. This also includes responding to such acts with retaliatory harassment (but excludes non-harassing counterspeech).We proactively enforce our Community Guidelines through a mix of technology and human moderation. We have detected this policy violation using automated measures. We have used automated measures in making this decision.",,STATEMENT_CATEGORY_ILLEGAL_OR_HARMFUL_SPEECH,,,,"[""CONTENT_TYPE_TEXT""]",,,"2024-11-23 00:00:00","[""AT"",""BE"",""BG"",""CY"",""CZ"",""DE"",""DK"",""EE"",""ES"",""FI"",""FR"",""GR"",""HR"",""HU"",""IE"",""IT"",""LI"",""LT"",""LU"",""LV"",""MT"",""NL"",""NO"",""PL"",""PT"",""RO"",""SE"",""SI"",""SK""]","2024-11-23 00:00:00","The decision was taken pursuant to own-initiative investigations.",SOURCE_VOLUNTARY,,Yes,AUTOMATED_DECISION_FULLY,TikTok,7440371611703843617,"2024-11-23 07:22:10"
4ab821c1-03cb-4cc8-b50d-ff08079f2bfe,"[""DECISION_VISIBILITY_CONTENT_REMOVED""]",,,,,,,,,,,DECISION_GROUND_INCOMPATIBLE_CONTENT,,,,"Harassment and Bullying","We welcome the respectful expression of different viewpoints, but not toxicity or trolling. We do not allow language or behavior that harasses, humiliates, threatens, or doxes anyone. This also includes responding to such acts with retaliatory harassment (but excludes non-harassing counterspeech).We proactively enforce our Community Guidelines through a mix of technology and human moderation. We have detected this policy violation using automated measures. We have used automated measures in making this decision.",,STATEMENT_CATEGORY_ILLEGAL_OR_HARMFUL_SPEECH,,,,"[""CONTENT_TYPE_TEXT""]",,,"2024-11-23 00:00:00","[""AT"",""BE"",""BG"",""CY"",""CZ"",""DE"",""DK"",""EE"",""ES"",""FI"",""FR"",""GR"",""HR"",""HU"",""IE"",""IT"",""LI"",""LT"",""LU"",""LV"",""MT"",""NL"",""NO"",""PL"",""PT"",""RO"",""SE"",""SI"",""SK""]","2024-11-23 00:00:00","The decision was taken pursuant to own-initiative investigations.",SOURCE_VOLUNTARY,,Yes,AUTOMATED_DECISION_FULLY,TikTok,7440371613603781408,"2024-11-23 07:22:10"
bfc8a5b1-5ae2-459c-a248-f95609239b6c,"[""DECISION_VISIBILITY_CONTENT_REMOVED""]",,,,,,,,,,,DECISION_GROUND_INCOMPATIBLE_CONTENT,,,,"Suicide and Self-Harm","We want TikTok to be a place where people can discuss emotionally complex topics in a supportive way without increasing the risk of harm. We do not allow showing, promoting, or sharing plans for suicide or self-harm. If you or someone you know has had thoughts of suicide or self-harm, support is available.We proactively enforce our Community Guidelines through a mix of technology and human moderation. We have detected this policy violation using automated measures.",,STATEMENT_CATEGORY_SELF_HARM,,,,"[""CONTENT_TYPE_IMAGE""]",,,"2024-11-22 00:00:00","[""AT"",""BE"",""BG"",""CY"",""CZ"",""DE"",""DK"",""EE"",""ES"",""FI"",""FR"",""GR"",""HR"",""HU"",""IE"",""IT"",""LI"",""LT"",""LU"",""LV"",""MT"",""NL"",""NO"",""PL"",""PT"",""RO"",""SE"",""SI"",""SK""]","2024-11-23 00:00:00","The decision was taken pursuant to own-initiative investigations.",SOURCE_VOLUNTARY,,Yes,AUTOMATED_DECISION_NOT_AUTOMATED,TikTok,7440371611703860001,"2024-11-23 07:22:10"
ad617d92-e90c-45ff-a4c0-facd83945ac3,"[""DECISION_VISIBILITY_CONTENT_REMOVED""]",,,,,,,,,,,DECISION_GROUND_INCOMPATIBLE_CONTENT,,,,"Harassment and Bullying","We welcome the respectful expression of different viewpoints, but not toxicity or trolling. We do not allow language or behavior that harasses, humiliates, threatens, or doxes anyone. This also includes responding to such acts with retaliatory harassment (but excludes non-harassing counterspeech).We proactively enforce our Community Guidelines through a mix of technology and human moderation. We have detected this policy violation using automated measures. We have used automated measures in making this decision.",,STATEMENT_CATEGORY_ILLEGAL_OR_HARMFUL_SPEECH,,,,"[""CONTENT_TYPE_TEXT""]",,,"2024-11-23 00:00:00","[""AT"",""BE"",""BG"",""CY"",""CZ"",""DE"",""DK"",""EE"",""ES"",""FI"",""FR"",""GR"",""HR"",""HU"",""IE"",""IT"",""LI"",""LT"",""LU"",""LV"",""MT"",""NL"",""NO"",""PL"",""PT"",""RO"",""SE"",""SI"",""SK""]","2024-11-23 00:00:00","The decision was taken pursuant to own-initiative investigations.",SOURCE_VOLUNTARY,,Yes,AUTOMATED_DECISION_FULLY,TikTok,7440371615088515872,"2024-11-23 07:22:10"
5e1afbf4-309c-45ba-b445-040f0b957cd6,"[""DECISION_VISIBILITY_OTHER""]","Video not eligible for recommendation in the For You feed",,,,,,,,,,DECISION_GROUND_INCOMPATIBLE_CONTENT,,,,"Community Guidelines","We maintain content eligibility standards for the For You feed (FYF) that prioritize safety and are informed by the diversity of our community and cultural norms. We make ineligible for the FYF certain content that may not be appropriate for a broad audience related to: (1) Behavioral Health, (2) Sensitive and Mature Themes, (3) Integrity and Authenticity, and (4) Regulated Goods. Content that is ineligible for the FYF can still be discovered in other ways, such as through search tools or by following an account.We proactively enforce our Community Guidelines through a mix of technology and human moderation. We have detected this policy violation using automated measures. We have used automated measures in making this decision.",,STATEMENT_CATEGORY_SCOPE_OF_PLATFORM_SERVICE,,,,"[""CONTENT_TYPE_VIDEO""]",,,"2024-11-23 00:00:00","[""AT"",""BE"",""BG"",""CY"",""CZ"",""DE"",""DK"",""EE"",""ES"",""FI"",""FR"",""GR"",""HR"",""HU"",""IE"",""IT"",""LI"",""LT"",""LU"",""LV"",""MT"",""NL"",""NO"",""PL"",""PT"",""RO"",""SE"",""SI"",""SK""]","2024-11-23 00:00:00","The decision was taken pursuant to own-initiative investigations.",SOURCE_VOLUNTARY,,Yes,AUTOMATED_DECISION_FULLY,TikTok,7440371613603797792,"2024-11-23 07:22:10"
0d11d83f-8375-4eb9-acee-bb7a186e143f,"[""DECISION_VISIBILITY_OTHER""]","Photo not eligible for recommendation in the For You feed",,,,,,,,,,DECISION_GROUND_INCOMPATIBLE_CONTENT,,,,"Dangerous Activities and Challenges","Most activities or challenges are appropriate for everyone, but some carry a risk of significant injury. Content is ineligible for the For You feed if it involves activities that are likely to lead to moderate physical harm, or includes professionals who are performing extreme sports and stunts that may endanger others.We proactively enforce our Community Guidelines through a mix of technology and human moderation. We have detected this policy violation using automated measures. We have used automated measures in making this decision.",,STATEMENT_CATEGORY_NEGATIVE_EFFECTS_ON_CIVIC_DISCOURSE_OR_ELECTIONS,,,,"[""CONTENT_TYPE_IMAGE""]",,,"2024-10-12 00:00:00","[""AT"",""BE"",""BG"",""CY"",""CZ"",""DE"",""DK"",""EE"",""ES"",""FI"",""FR"",""GR"",""HR"",""HU"",""IE"",""IT"",""LI"",""LT"",""LU"",""LV"",""MT"",""NL"",""NO"",""PL"",""PT"",""RO"",""SE"",""SI"",""SK""]","2024-11-23 00:00:00","The decision was taken pursuant to own-initiative investigations.",SOURCE_VOLUNTARY,,Yes,AUTOMATED_DECISION_FULLY,TikTok,7440371613603814176,"2024-11-23 07:22:10"
2c7975ba-7fc9-4ed4-b640-5ddf35454697,"[""DECISION_VISIBILITY_CONTENT_REMOVED""]",,,,,,,,,,,DECISION_GROUND_INCOMPATIBLE_CONTENT,,,,"Harassment and Bullying","We welcome the respectful expression of different viewpoints, but not toxicity or trolling. We do not allow language or behavior that harasses, humiliates, threatens, or doxes anyone. This also includes responding to such acts with retaliatory harassment (but excludes non-harassing counterspeech).We proactively enforce our Community Guidelines through a mix of technology and human moderation. We have detected this policy violation using automated measures. We have used automated measures in making this decision.",,STATEMENT_CATEGORY_ILLEGAL_OR_HARMFUL_SPEECH,,,,"[""CONTENT_TYPE_TEXT""]",,,"2024-11-23 00:00:00","[""AT"",""BE"",""BG"",""CY"",""CZ"",""DE"",""DK"",""EE"",""ES"",""FI"",""FR"",""GR"",""HR"",""HU"",""IE"",""IT"",""LI"",""LT"",""LU"",""LV"",""MT"",""NL"",""NO"",""PL"",""PT"",""RO"",""SE"",""SI"",""SK""]","2024-11-23 00:00:00","The decision was taken pursuant to own-initiative investigations.",SOURCE_VOLUNTARY,,Yes,AUTOMATED_DECISION_FULLY,TikTok,7440371615088532256,"2024-11-23 07:22:10"
91d5075b-2220-4b63-88f2-e58caa32b6e2,"[""DECISION_VISIBILITY_CONTENT_REMOVED""]",,,,,,,,,,,DECISION_GROUND_INCOMPATIBLE_CONTENT,,,,"Harassment and Bullying","We welcome the respectful expression of different viewpoints, but not toxicity or trolling. We do not allow language or behavior that harasses, humiliates, threatens, or doxes anyone. This also includes responding to such acts with retaliatory harassment (but excludes non-harassing counterspeech).We proactively enforce our Community Guidelines through a mix of technology and human moderation. We have detected this policy violation using automated measures. We have used automated measures in making this decision.",,STATEMENT_CATEGORY_ILLEGAL_OR_HARMFUL_SPEECH,,,,"[""CONTENT_TYPE_TEXT""]",,,"2024-11-23 00:00:00","[""AT"",""BE"",""BG"",""CY"",""CZ"",""DE"",""DK"",""EE"",""ES"",""FI"",""FR"",""GR"",""HR"",""HU"",""IE"",""IT"",""LI"",""LT"",""LU"",""LV"",""MT"",""NL"",""NO"",""PL"",""PT"",""RO"",""SE"",""SI"",""SK""]","2024-11-23 00:00:00","The decision was taken pursuant to own-initiative investigations.",SOURCE_VOLUNTARY,,Yes,AUTOMATED_DECISION_FULLY,TikTok,7440371615088548640,"2024-11-23 07:22:10"
e7a51358-376e-4fd0-8050-e123b7dc4f2c,"[""DECISION_VISIBILITY_OTHER""]","Video not eligible for recommendation in the For You feed",,,,,,,,,,DECISION_GROUND_INCOMPATIBLE_CONTENT,,,,"Community Guidelines","We maintain content eligibility standards for the For You feed (FYF) that prioritize safety and are informed by the diversity of our community and cultural norms. We make ineligible for the FYF certain content that may not be appropriate for a broad audience related to: (1) Behavioral Health, (2) Sensitive and Mature Themes, (3) Integrity and Authenticity, and (4) Regulated Goods. Content that is ineligible for the FYF can still be discovered in other ways, such as through search tools or by following an account.We proactively enforce our Community Guidelines through a mix of technology and human moderation. We have detected this policy violation using automated measures. We have used automated measures in making this decision.",,STATEMENT_CATEGORY_SCOPE_OF_PLATFORM_SERVICE,,,,"[""CONTENT_TYPE_VIDEO""]",,,"2024-11-23 00:00:00","[""AT"",""BE"",""BG"",""CY"",""CZ"",""DE"",""DK"",""EE"",""ES"",""FI"",""FR"",""GR"",""HR"",""HU"",""IE"",""IT"",""LI"",""LT"",""LU"",""LV"",""MT"",""NL"",""NO"",""PL"",""PT"",""RO"",""SE"",""SI"",""SK""]","2024-11-23 00:00:00","The decision was taken pursuant to own-initiative investigations.",SOURCE_VOLUNTARY,,Yes,AUTOMATED_DECISION_FULLY,TikTok,7440371615088565024,"2024-11-23 07:22:10"
09db7c0b-d285-4800-bcef-886f8f3f3d8b,"[""DECISION_VISIBILITY_OTHER""]","Video not eligible for recommendation in the For You feed",,,,,,,,,,DECISION_GROUND_INCOMPATIBLE_CONTENT,,,,"Nudity and Body Exposure","We celebrate all shapes and sizes and want people to feel comfortable in how they present themselves and their bodies. Content is ineligible for the For You feed and harder to find in search if it shows moderate body exposure of a young person, or significant body exposure of an adult. We allow regional exceptions for body exposure in limited situations, such as common cultural practices.We proactively enforce our Community Guidelines through a mix of technology and human moderation. We have detected this policy violation using automated measures. We have used automated measures in making this decision.",,STATEMENT_CATEGORY_SCOPE_OF_PLATFORM_SERVICE,,,,"[""CONTENT_TYPE_VIDEO""]",,,"2024-11-23 00:00:00","[""AT"",""BE"",""BG"",""CY"",""CZ"",""DE"",""DK"",""EE"",""ES"",""FI"",""FR"",""GR"",""HR"",""HU"",""IE"",""IT"",""LI"",""LT"",""LU"",""LV"",""MT"",""NL"",""NO"",""PL"",""PT"",""RO"",""SE"",""SI"",""SK""]","2024-11-23 00:00:00","The decision was taken pursuant to own-initiative investigations.",SOURCE_VOLUNTARY,,Yes,AUTOMATED_DECISION_FULLY,TikTok,7440371613603830560,"2024-11-23 07:22:10"
bbc16e58-d1d7-4be8-a9f7-888ef65886c7,"[""DECISION_VISIBILITY_OTHER""]","Video not eligible for recommendation in the For You feed",,,,,,,,,,DECISION_GROUND_INCOMPATIBLE_CONTENT,,,,"Community Guidelines","We maintain content eligibility standards for the For You feed (FYF) that prioritize safety and are informed by the diversity of our community and cultural norms. We make ineligible for the FYF certain content that may not be appropriate for a broad audience related to: (1) Behavioral Health, (2) Sensitive and Mature Themes, (3) Integrity and Authenticity, and (4) Regulated Goods. Content that is ineligible for the FYF can still be discovered in other ways, such as through search tools or by following an account.We proactively enforce our Community Guidelines through a mix of technology and human moderation. We have detected this policy violation using automated measures. We have used automated measures in making this decision.",,STATEMENT_CATEGORY_SCOPE_OF_PLATFORM_SERVICE,,,,"[""CONTENT_TYPE_VIDEO""]",,,"2024-11-23 00:00:00","[""AT"",""BE"",""BG"",""CY"",""CZ"",""DE"",""DK"",""EE"",""ES"",""FI"",""FR"",""GR"",""HR"",""HU"",""IE"",""IT"",""LI"",""LT"",""LU"",""LV"",""MT"",""NL"",""NO"",""PL"",""PT"",""RO"",""SE"",""SI"",""SK""]","2024-11-23 00:00:00","The decision was taken pursuant to own-initiative investigations.",SOURCE_VOLUNTARY,,Yes,AUTOMATED_DECISION_FULLY,TikTok,7440371613603846944,"2024-11-23 07:22:10"
112bb280-73de-4167-824a-fb22d759b74a,"[""DECISION_VISIBILITY_CONTENT_REMOVED""]",,,,,,,,,,,DECISION_GROUND_INCOMPATIBLE_CONTENT,,,,"Harassment and Bullying","We welcome the respectful expression of different viewpoints, but not toxicity or trolling. We do not allow language or behavior that harasses, humiliates, threatens, or doxes anyone. This also includes responding to such acts with retaliatory harassment (but excludes non-harassing counterspeech).We proactively enforce our Community Guidelines through a mix of technology and human moderation. We have detected this policy violation using automated measures. We have used automated measures in making this decision.",,STATEMENT_CATEGORY_ILLEGAL_OR_HARMFUL_SPEECH,,,,"[""CONTENT_TYPE_TEXT""]",,,"2024-11-23 00:00:00","[""AT"",""BE"",""BG"",""CY"",""CZ"",""DE"",""DK"",""EE"",""ES"",""FI"",""FR"",""GR"",""HR"",""HU"",""IE"",""IT"",""LI"",""LT"",""LU"",""LV"",""MT"",""NL"",""NO"",""PL"",""PT"",""RO"",""SE"",""SI"",""SK""]","2024-11-23 00:00:00","The decision was taken pursuant to own-initiative investigations.",SOURCE_VOLUNTARY,,Yes,AUTOMATED_DECISION_FULLY,TikTok,7440371615088581408,"2024-11-23 07:22:10"
dfe3cd72-fcfa-4817-998a-c0414a48f8c3,"[""DECISION_VISIBILITY_OTHER""]","Video not eligible for recommendation in the For You feed",,,,,,,,,,DECISION_GROUND_INCOMPATIBLE_CONTENT,,,,"Dangerous Activities and Challenges","Most activities or challenges are appropriate for everyone, but some carry a risk of significant injury. Content is ineligible for the For You feed if it involves activities that are likely to lead to moderate physical harm, or includes professionals who are performing extreme sports and stunts that may endanger others.We proactively enforce our Community Guidelines through a mix of technology and human moderation. We have detected this policy violation using automated measures. We have used automated measures in making this decision.",,STATEMENT_CATEGORY_SCOPE_OF_PLATFORM_SERVICE,,,,"[""CONTENT_TYPE_VIDEO""]",,,"2023-11-02 00:00:00","[""AT"",""BE"",""BG"",""CY"",""CZ"",""DE"",""DK"",""EE"",""ES"",""FI"",""FR"",""GR"",""HR"",""HU"",""IE"",""IT"",""LI"",""LT"",""LU"",""LV"",""MT"",""NL"",""NO"",""PL"",""PT"",""RO"",""SE"",""SI"",""SK""]","2024-11-23 00:00:00","The decision was taken pursuant to own-initiative investigations.",SOURCE_VOLUNTARY,,Yes,AUTOMATED_DECISION_FULLY,TikTok,7440371613603863328,"2024-11-23 07:22:10"
da5bee13-f657-431b-a850-64e298a39ef5,"[""DECISION_VISIBILITY_CONTENT_REMOVED""]",,,,,,,,,,,DECISION_GROUND_INCOMPATIBLE_CONTENT,,,,"Harassment and Bullying","We welcome the respectful expression of different viewpoints, but not toxicity or trolling. We do not allow language or behavior that harasses, humiliates, threatens, or doxes anyone. This also includes responding to such acts with retaliatory harassment (but excludes non-harassing counterspeech).We proactively enforce our Community Guidelines through a mix of technology and human moderation. We have detected this policy violation using automated measures. We have used automated measures in making this decision.",,STATEMENT_CATEGORY_ILLEGAL_OR_HARMFUL_SPEECH,,,,"[""CONTENT_TYPE_TEXT""]",,,"2024-11-23 00:00:00","[""AT"",""BE"",""BG"",""CY"",""CZ"",""DE"",""DK"",""EE"",""ES"",""FI"",""FR"",""GR"",""HR"",""HU"",""IE"",""IT"",""LI"",""LT"",""LU"",""LV"",""MT"",""NL"",""NO"",""PL"",""PT"",""RO"",""SE"",""SI"",""SK""]","2024-11-23 00:00:00","The decision was taken pursuant to own-initiative investigations.",SOURCE_VOLUNTARY,,Yes,AUTOMATED_DECISION_FULLY,TikTok,7440371615088597792,"2024-11-23 07:22:10"
3e4a2763-23f9-4faa-b0bb-aeeed6073661,"[""DECISION_VISIBILITY_CONTENT_REMOVED""]",,,,,,,,,,,DECISION_GROUND_INCOMPATIBLE_CONTENT,,,,"Harassment and Bullying","We welcome the respectful expression of different viewpoints, but not toxicity or trolling. We do not allow language or behavior that harasses, humiliates, threatens, or doxes anyone. This also includes responding to such acts with retaliatory harassment (but excludes non-harassing counterspeech).We proactively enforce our Community Guidelines through a mix of technology and human moderation. We have detected this policy violation using automated measures. We have used automated measures in making this decision.",,STATEMENT_CATEGORY_ILLEGAL_OR_HARMFUL_SPEECH,,,,"[""CONTENT_TYPE_TEXT""]",,,"2024-11-23 00:00:00","[""AT"",""BE"",""BG"",""CY"",""CZ"",""DE"",""DK"",""EE"",""ES"",""FI"",""FR"",""GR"",""HR"",""HU"",""IE"",""IT"",""LI"",""LT"",""LU"",""LV"",""MT"",""NL"",""NO"",""PL"",""PT"",""RO"",""SE"",""SI"",""SK""]","2024-11-23 00:00:00","The decision was taken pursuant to own-initiative investigations.",SOURCE_VOLUNTARY,,Yes,AUTOMATED_DECISION_FULLY,TikTok,7440371615088614176,"2024-11-23 07:22:10"
40ec7152-c976-464d-ad2e-36b7f2729774,"[""DECISION_VISIBILITY_CONTENT_REMOVED""]",,,,,,,,,,,DECISION_GROUND_INCOMPATIBLE_CONTENT,,,,"Harassment and Bullying","We welcome the respectful expression of different viewpoints, but not toxicity or trolling. We do not allow language or behavior that harasses, humiliates, threatens, or doxes anyone. This also includes responding to such acts with retaliatory harassment (but excludes non-harassing counterspeech).We proactively enforce our Community Guidelines through a mix of technology and human moderation. We have detected this policy violation using automated measures. We have used automated measures in making this decision.",,STATEMENT_CATEGORY_ILLEGAL_OR_HARMFUL_SPEECH,,,,"[""CONTENT_TYPE_TEXT""]",,,"2024-11-23 00:00:00","[""AT"",""BE"",""BG"",""CY"",""CZ"",""DE"",""DK"",""EE"",""ES"",""FI"",""FR"",""GR"",""HR"",""HU"",""IE"",""IT"",""LI"",""LT"",""LU"",""LV"",""MT"",""NL"",""NO"",""PL"",""PT"",""RO"",""SE"",""SI"",""SK""]","2024-11-23 00:00:00","The decision was taken pursuant to own-initiative investigations.",SOURCE_VOLUNTARY,,Yes,AUTOMATED_DECISION_FULLY,TikTok,7440371613603879712,"2024-11-23 07:22:10"
f7fd2cbc-f887-4c69-9113-fbb0c15bd910,"[""DECISION_VISIBILITY_CONTENT_REMOVED""]",,,,,,,,,,,DECISION_GROUND_INCOMPATIBLE_CONTENT,,,,"Community Guidelines","Your content is against our Community Guidelines. The guidelines include rules and standards for using TikTok that apply to everyone and everything on our platform.We proactively enforce our Community Guidelines through a mix of technology and human moderation. We have detected this policy violation using automated measures. We have used automated measures in making this decision.",,STATEMENT_CATEGORY_SCOPE_OF_PLATFORM_SERVICE,,,,"[""CONTENT_TYPE_VIDEO""]",,,"2024-11-23 00:00:00","[""AT"",""BE"",""BG"",""CY"",""CZ"",""DE"",""DK"",""EE"",""ES"",""FI"",""FR"",""GR"",""HR"",""HU"",""IE"",""IT"",""LI"",""LT"",""LU"",""LV"",""MT"",""NL"",""NO"",""PL"",""PT"",""RO"",""SE"",""SI"",""SK""]","2024-11-23 00:00:00","The decision was taken pursuant to own-initiative investigations.",SOURCE_VOLUNTARY,,Yes,AUTOMATED_DECISION_FULLY,TikTok,7440371617693178657,"2024-11-23 07:22:10"
3e39f731-2ee1-4a6f-89ee-99f5d4aa8654,"[""DECISION_VISIBILITY_CONTENT_REMOVED""]",,,,,,,,,,,DECISION_GROUND_INCOMPATIBLE_CONTENT,,,,"Harassment and Bullying","We welcome the respectful expression of different viewpoints, but not toxicity or trolling. We do not allow language or behavior that harasses, humiliates, threatens, or doxes anyone. This also includes responding to such acts with retaliatory harassment (but excludes non-harassing counterspeech).We proactively enforce our Community Guidelines through a mix of technology and human moderation. We have detected this policy violation using automated measures. We have used automated measures in making this decision.",,STATEMENT_CATEGORY_ILLEGAL_OR_HARMFUL_SPEECH,,,,"[""CONTENT_TYPE_TEXT""]",,,"2024-11-23 00:00:00","[""AT"",""BE"",""BG"",""CY"",""CZ"",""DE"",""DK"",""EE"",""ES"",""FI"",""FR"",""GR"",""HR"",""HU"",""IE"",""IT"",""LI"",""LT"",""LU"",""LV"",""MT"",""NL"",""NO"",""PL"",""PT"",""RO"",""SE"",""SI"",""SK""]","2024-11-23 00:00:00","The decision was taken pursuant to own-initiative investigations.",SOURCE_VOLUNTARY,,Yes,AUTOMATED_DECISION_FULLY,TikTok,7440371615088630560,"2024-11-23 07:22:10"
b52d6e40-e79f-411c-bf82-3e5f19fde146,"[""DECISION_VISIBILITY_CONTENT_REMOVED""]",,,,,,,,,,,DECISION_GROUND_INCOMPATIBLE_CONTENT,,,,"Harassment and Bullying","We welcome the respectful expression of different viewpoints, but not toxicity or trolling. We do not allow language or behavior that harasses, humiliates, threatens, or doxes anyone. This also includes responding to such acts with retaliatory harassment (but excludes non-harassing counterspeech).We proactively enforce our Community Guidelines through a mix of technology and human moderation. We have detected this policy violation using automated measures. We have used automated measures in making this decision.",,STATEMENT_CATEGORY_ILLEGAL_OR_HARMFUL_SPEECH,,,,"[""CONTENT_TYPE_TEXT""]",,,"2024-11-23 00:00:00","[""AT"",""BE"",""BG"",""CY"",""CZ"",""DE"",""DK"",""EE"",""ES"",""FI"",""FR"",""GR"",""HR"",""HU"",""IE"",""IT"",""LI"",""LT"",""LU"",""LV"",""MT"",""NL"",""NO"",""PL"",""PT"",""RO"",""SE"",""SI"",""SK""]","2024-11-23 00:00:00","The decision was taken pursuant to own-initiative investigations.",SOURCE_VOLUNTARY,,Yes,AUTOMATED_DECISION_FULLY,TikTok,7440371615088646944,"2024-11-23 07:22:10"
fb23be76-b981-4968-9024-9253ecb97576,"[""DECISION_VISIBILITY_CONTENT_REMOVED""]",,,,,,,,,,,DECISION_GROUND_INCOMPATIBLE_CONTENT,,,,"Violent Behaviors and Criminal Activities","We recognize that online content related to violence can cause real-world harm. We do not allow any violent threats, incitement to violence, or promotion of criminal activities that may harm people, animals, or property. If there is a specific, credible, and imminent threat to human life or serious physical injury, we will report it to relevant law enforcement authorities.We proactively enforce our Community Guidelines through a mix of technology and human moderation. We have detected this policy violation using automated measures. We have used automated measures in making this decision.",,STATEMENT_CATEGORY_VIOLENCE,,,,"[""CONTENT_TYPE_TEXT""]",,,"2024-11-23 00:00:00","[""AT"",""BE"",""BG"",""CY"",""CZ"",""DE"",""DK"",""EE"",""ES"",""FI"",""FR"",""GR"",""HR"",""HU"",""IE"",""IT"",""LI"",""LT"",""LU"",""LV"",""MT"",""NL"",""NO"",""PL"",""PT"",""RO"",""SE"",""SI"",""SK""]","2024-11-23 00:00:00","The decision was taken pursuant to own-initiative investigations.",SOURCE_VOLUNTARY,,Yes,AUTOMATED_DECISION_FULLY,TikTok,7440371615088663328,"2024-11-23 07:22:10"
94ae0583-a0b6-452b-9de1-6e1cf7f833bd,"[""DECISION_VISIBILITY_CONTENT_REMOVED""]",,,,,,,,,,,DECISION_GROUND_INCOMPATIBLE_CONTENT,,,,"Harassment and Bullying","We welcome the respectful expression of different viewpoints, but not toxicity or trolling. We do not allow language or behavior that harasses, humiliates, threatens, or doxes anyone. This also includes responding to such acts with retaliatory harassment (but excludes non-harassing counterspeech).We proactively enforce our Community Guidelines through a mix of technology and human moderation. We have detected this policy violation using automated measures. We have used automated measures in making this decision.",,STATEMENT_CATEGORY_ILLEGAL_OR_HARMFUL_SPEECH,,,,"[""CONTENT_TYPE_TEXT""]",,,"2024-11-23 00:00:00","[""AT"",""BE"",""BG"",""CY"",""CZ"",""DE"",""DK"",""EE"",""ES"",""FI"",""FR"",""GR"",""HR"",""HU"",""IE"",""IT"",""LI"",""LT"",""LU"",""LV"",""MT"",""NL"",""NO"",""PL"",""PT"",""RO"",""SE"",""SI"",""SK""]","2024-11-23 00:00:00","The decision was taken pursuant to own-initiative investigations.",SOURCE_VOLUNTARY,,Yes,AUTOMATED_DECISION_FULLY,TikTok,7440371620167818016,"2024-11-23 07:22:10"
aa284c66-fd29-4a83-9157-649767b13ab3,"[""DECISION_VISIBILITY_CONTENT_REMOVED""]",,,,,,,,,,,DECISION_GROUND_INCOMPATIBLE_CONTENT,,,,"Harassment and Bullying","We welcome the respectful expression of different viewpoints, but not toxicity or trolling. We do not allow language or behavior that harasses, humiliates, threatens, or doxes anyone. This also includes responding to such acts with retaliatory harassment (but excludes non-harassing counterspeech).We proactively enforce our Community Guidelines through a mix of technology and human moderation. We have detected this policy violation using automated measures. We have used automated measures in making this decision.",,STATEMENT_CATEGORY_ILLEGAL_OR_HARMFUL_SPEECH,,,,"[""CONTENT_TYPE_TEXT""]",,,"2024-11-23 00:00:00","[""AT"",""BE"",""BG"",""CY"",""CZ"",""DE"",""DK"",""EE"",""ES"",""FI"",""FR"",""GR"",""HR"",""HU"",""IE"",""IT"",""LI"",""LT"",""LU"",""LV"",""MT"",""NL"",""NO"",""PL"",""PT"",""RO"",""SE"",""SI"",""SK""]","2024-11-23 00:00:00","The decision was taken pursuant to own-initiative investigations.",SOURCE_VOLUNTARY,,Yes,AUTOMATED_DECISION_FULLY,TikTok,7440371617693195041,"2024-11-23 07:22:10"
e53fb2eb-fa7f-43a3-83c4-e8459ec1a1eb,"[""DECISION_VISIBILITY_CONTENT_REMOVED""]",,,,,,,,,,,DECISION_GROUND_INCOMPATIBLE_CONTENT,,,,"Harassment and Bullying","We welcome the respectful expression of different viewpoints, but not toxicity or trolling. We do not allow language or behavior that harasses, humiliates, threatens, or doxes anyone. This also includes responding to such acts with retaliatory harassment (but excludes non-harassing counterspeech).We proactively enforce our Community Guidelines through a mix of technology and human moderation. We have detected this policy violation using automated measures. We have used automated measures in making this decision.",,STATEMENT_CATEGORY_ILLEGAL_OR_HARMFUL_SPEECH,,,,"[""CONTENT_TYPE_TEXT""]",,,"2024-11-23 00:00:00","[""AT"",""BE"",""BG"",""CY"",""CZ"",""DE"",""DK"",""EE"",""ES"",""FI"",""FR"",""GR"",""HR"",""HU"",""IE"",""IT"",""LI"",""LT"",""LU"",""LV"",""MT"",""NL"",""NO"",""PL"",""PT"",""RO"",""SE"",""SI"",""SK""]","2024-11-23 00:00:00","The decision was taken pursuant to own-initiative investigations.",SOURCE_VOLUNTARY,,Yes,AUTOMATED_DECISION_FULLY,TikTok,7440371617693211425,"2024-11-23 07:22:10"
f6508524-6ad3-4798-94e1-6cae2d769464,"[""DECISION_VISIBILITY_CONTENT_REMOVED""]",,,,,,,,,,,DECISION_GROUND_INCOMPATIBLE_CONTENT,,,,"Sexual Exploitation and Gender-Based Violence","We are committed to providing a space that embraces gender equity, supports healthy relationships, and respects intimate privacy. We do not allow sexual exploitation or gender-based violence, including non-consensual sexual acts, image-based sexual abuse, sextortion, physical abuse, and sexual harassment.We proactively enforce our Community Guidelines through a mix of technology and human moderation. We have detected this policy violation using automated measures. We have used automated measures in making this decision.",,STATEMENT_CATEGORY_VIOLENCE,,,,"[""CONTENT_TYPE_TEXT""]",,,"2024-11-23 00:00:00","[""AT"",""BE"",""BG"",""CY"",""CZ"",""DE"",""DK"",""EE"",""ES"",""FI"",""FR"",""GR"",""HR"",""HU"",""IE"",""IT"",""LI"",""LT"",""LU"",""LV"",""MT"",""NL"",""NO"",""PL"",""PT"",""RO"",""SE"",""SI"",""SK""]","2024-11-23 00:00:00","The decision was taken pursuant to own-initiative investigations.",SOURCE_VOLUNTARY,,Yes,AUTOMATED_DECISION_FULLY,TikTok,7440371620167834400,"2024-11-23 07:22:10"
d4c0061a-1fe9-43da-b573-6326dc586f78,"[""DECISION_VISIBILITY_CONTENT_REMOVED""]",,,,,,,,,,,DECISION_GROUND_INCOMPATIBLE_CONTENT,,,,"Harassment and Bullying","We welcome the respectful expression of different viewpoints, but not toxicity or trolling. We do not allow language or behavior that harasses, humiliates, threatens, or doxes anyone. This also includes responding to such acts with retaliatory harassment (but excludes non-harassing counterspeech).We proactively enforce our Community Guidelines through a mix of technology and human moderation. We have detected this policy violation using automated measures. We have used automated measures in making this decision.",,STATEMENT_CATEGORY_ILLEGAL_OR_HARMFUL_SPEECH,,,,"[""CONTENT_TYPE_TEXT""]",,,"2024-11-23 00:00:00","[""AT"",""BE"",""BG"",""CY"",""CZ"",""DE"",""DK"",""EE"",""ES"",""FI"",""FR"",""GR"",""HR"",""HU"",""IE"",""IT"",""LI"",""LT"",""LU"",""LV"",""MT"",""NL"",""NO"",""PL"",""PT"",""RO"",""SE"",""SI"",""SK""]","2024-11-23 00:00:00","The decision was taken pursuant to own-initiative investigations.",SOURCE_VOLUNTARY,,Yes,AUTOMATED_DECISION_FULLY,TikTok,7440371620167850784,"2024-11-23 07:22:10"
67397435-b52f-4c9e-a9d2-bea72c58235b,"[""DECISION_VISIBILITY_CONTENT_REMOVED""]",,,,,,,,,,,DECISION_GROUND_INCOMPATIBLE_CONTENT,,,,"Community Guidelines","Your content is against our Community Guidelines. The guidelines include rules and standards for using TikTok that apply to everyone and everything on our platform.We proactively enforce our Community Guidelines through a mix of technology and human moderation. We have detected this policy violation using automated measures. We have used automated measures in making this decision.",,STATEMENT_CATEGORY_SCOPE_OF_PLATFORM_SERVICE,,,,"[""CONTENT_TYPE_VIDEO""]",,,"2024-11-23 00:00:00","[""AT"",""BE"",""BG"",""CY"",""CZ"",""DE"",""DK"",""EE"",""ES"",""FI"",""FR"",""GR"",""HR"",""HU"",""IE"",""IT"",""LI"",""LT"",""LU"",""LV"",""MT"",""NL"",""NO"",""PL"",""PT"",""RO"",""SE"",""SI"",""SK""]","2024-11-23 00:00:00","The decision was taken pursuant to own-initiative investigations.",SOURCE_VOLUNTARY,,Yes,AUTOMATED_DECISION_FULLY,TikTok,7440371617693227809,"2024-11-23 07:22:10"
fb623e75-8c38-4d55-9a7e-a493f3eb2783,"[""DECISION_VISIBILITY_CONTENT_REMOVED""]",,,,,,,,,,,DECISION_GROUND_INCOMPATIBLE_CONTENT,,,,"Harassment and Bullying","We welcome the respectful expression of different viewpoints, but not toxicity or trolling. We do not allow language or behavior that harasses, humiliates, threatens, or doxes anyone. This also includes responding to such acts with retaliatory harassment (but excludes non-harassing counterspeech).We proactively enforce our Community Guidelines through a mix of technology and human moderation. We have detected this policy violation using automated measures. We have used automated measures in making this decision.",,STATEMENT_CATEGORY_ILLEGAL_OR_HARMFUL_SPEECH,,,,"[""CONTENT_TYPE_TEXT""]",,,"2024-11-23 00:00:00","[""AT"",""BE"",""BG"",""CY"",""CZ"",""DE"",""DK"",""EE"",""ES"",""FI"",""FR"",""GR"",""HR"",""HU"",""IE"",""IT"",""LI"",""LT"",""LU"",""LV"",""MT"",""NL"",""NO"",""PL"",""PT"",""RO"",""SE"",""SI"",""SK""]","2024-11-23 00:00:00","The decision was taken pursuant to own-initiative investigations.",SOURCE_VOLUNTARY,,Yes,AUTOMATED_DECISION_FULLY,TikTok,7440371617693244193,"2024-11-23 07:22:10"
632097fc-4465-412f-b41d-683722ac555e,"[""DECISION_VISIBILITY_CONTENT_REMOVED""]",,,,,,,,,,,DECISION_GROUND_INCOMPATIBLE_CONTENT,,,,"Harassment and Bullying","We welcome the respectful expression of different viewpoints, but not toxicity or trolling. We do not allow language or behavior that harasses, humiliates, threatens, or doxes anyone. This also includes responding to such acts with retaliatory harassment (but excludes non-harassing counterspeech).We proactively enforce our Community Guidelines through a mix of technology and human moderation. We have detected this policy violation using automated measures. We have used automated measures in making this decision.",,STATEMENT_CATEGORY_ILLEGAL_OR_HARMFUL_SPEECH,,,,"[""CONTENT_TYPE_TEXT""]",,,"2024-11-23 00:00:00","[""AT"",""BE"",""BG"",""CY"",""CZ"",""DE"",""DK"",""EE"",""ES"",""FI"",""FR"",""GR"",""HR"",""HU"",""IE"",""IT"",""LI"",""LT"",""LU"",""LV"",""MT"",""NL"",""NO"",""PL"",""PT"",""RO"",""SE"",""SI"",""SK""]","2024-11-23 00:00:00","The decision was taken pursuant to own-initiative investigations.",SOURCE_VOLUNTARY,,Yes,AUTOMATED_DECISION_FULLY,TikTok,7440371617693260577,"2024-11-23 07:22:10"
d8ffee72-6b77-4efb-9e9e-c4cb9d8a12d9,"[""DECISION_VISIBILITY_OTHER""]","Video not eligible for recommendation in the For You feed",,,,,,,,,,DECISION_GROUND_INCOMPATIBLE_CONTENT,,,,"Community Guidelines","We maintain content eligibility standards for the For You feed (FYF) that prioritize safety and are informed by the diversity of our community and cultural norms. We make ineligible for the FYF certain content that may not be appropriate for a broad audience related to: (1) Behavioral Health, (2) Sensitive and Mature Themes, (3) Integrity and Authenticity, and (4) Regulated Goods. Content that is ineligible for the FYF can still be discovered in other ways, such as through search tools or by following an account.We proactively enforce our Community Guidelines through a mix of technology and human moderation. We have detected this policy violation using automated measures. We have used automated measures in making this decision.",,STATEMENT_CATEGORY_SCOPE_OF_PLATFORM_SERVICE,,,,"[""CONTENT_TYPE_VIDEO""]",,,"2024-11-23 00:00:00","[""AT"",""BE"",""BG"",""CY"",""CZ"",""DE"",""DK"",""EE"",""ES"",""FI"",""FR"",""GR"",""HR"",""HU"",""IE"",""IT"",""LI"",""LT"",""LU"",""LV"",""MT"",""NL"",""NO"",""PL"",""PT"",""RO"",""SE"",""SI"",""SK""]","2024-11-23 00:00:00","The decision was taken pursuant to own-initiative investigations.",SOURCE_VOLUNTARY,,Yes,AUTOMATED_DECISION_FULLY,TikTok,7440371617693276961,"2024-11-23 07:22:10"
206e7203-190a-4cdb-94f1-c3cac9a9f5f6,"[""DECISION_VISIBILITY_CONTENT_REMOVED""]",,,,,,,,,,,DECISION_GROUND_INCOMPATIBLE_CONTENT,,,,"Harassment and Bullying","We welcome the respectful expression of different viewpoints, but not toxicity or trolling. We do not allow language or behavior that harasses, humiliates, threatens, or doxes anyone. This also includes responding to such acts with retaliatory harassment (but excludes non-harassing counterspeech).We proactively enforce our Community Guidelines through a mix of technology and human moderation. We have detected this policy violation using automated measures. We have used automated measures in making this decision.",,STATEMENT_CATEGORY_ILLEGAL_OR_HARMFUL_SPEECH,,,,"[""CONTENT_TYPE_TEXT""]",,,"2024-11-23 00:00:00","[""AT"",""BE"",""BG"",""CY"",""CZ"",""DE"",""DK"",""EE"",""ES"",""FI"",""FR"",""GR"",""HR"",""HU"",""IE"",""IT"",""LI"",""LT"",""LU"",""LV"",""MT"",""NL"",""NO"",""PL"",""PT"",""RO"",""SE"",""SI"",""SK""]","2024-11-23 00:00:00","The decision was taken pursuant to own-initiative investigations.",SOURCE_VOLUNTARY,,Yes,AUTOMATED_DECISION_FULLY,TikTok,7440371620167867168,"2024-11-23 07:22:10"
c4bedc2d-ac16-40c9-bb0c-a89d27e083cd,"[""DECISION_VISIBILITY_OTHER""]","Video not eligible for recommendation in the For You feed",,,,,,,,,,DECISION_GROUND_INCOMPATIBLE_CONTENT,,,,"Alcohol, Tobacco, and Drugs","While adults make personal choices about how they engage with alcohol, drugs, and tobacco, we recognize that there are risks connected to trading and using these substances. Content is ineligible for the For You feed and harder to find in search if it shows adults consuming excessive amounts of alcohol or tobacco products.We proactively enforce our Community Guidelines through a mix of technology and human moderation. We have detected this policy violation using automated measures. We have used automated measures in making this decision.",,STATEMENT_CATEGORY_SCOPE_OF_PLATFORM_SERVICE,,,,"[""CONTENT_TYPE_VIDEO""]",,,"2024-11-23 00:00:00","[""AT"",""BE"",""BG"",""CY"",""CZ"",""DE"",""DK"",""EE"",""ES"",""FI"",""FR"",""GR"",""HR"",""HU"",""IE"",""IT"",""LI"",""LT"",""LU"",""LV"",""MT"",""NL"",""NO"",""PL"",""PT"",""RO"",""SE"",""SI"",""SK""]","2024-11-23 00:00:00","The decision was taken pursuant to own-initiative investigations.",SOURCE_VOLUNTARY,,Yes,AUTOMATED_DECISION_FULLY,TikTok,7440371617693293345,"2024-11-23 07:22:10"
b23762b2-4e5e-4732-ba90-18e08580345a,"[""DECISION_VISIBILITY_OTHER""]","Video not eligible for recommendation in the For You feed",,,,,,,,,,DECISION_GROUND_INCOMPATIBLE_CONTENT,,,,"Community Guidelines","We maintain content eligibility standards for the For You feed (FYF) that prioritize safety and are informed by the diversity of our community and cultural norms. We make ineligible for the FYF certain content that may not be appropriate for a broad audience related to: (1) Behavioral Health, (2) Sensitive and Mature Themes, (3) Integrity and Authenticity, and (4) Regulated Goods. Content that is ineligible for the FYF can still be discovered in other ways, such as through search tools or by following an account.We proactively enforce our Community Guidelines through a mix of technology and human moderation. We have detected this policy violation using automated measures. We have used automated measures in making this decision.",,STATEMENT_CATEGORY_SCOPE_OF_PLATFORM_SERVICE,,,,"[""CONTENT_TYPE_VIDEO""]",,,"2024-11-23 00:00:00","[""AT"",""BE"",""BG"",""CY"",""CZ"",""DE"",""DK"",""EE"",""ES"",""FI"",""FR"",""GR"",""HR"",""HU"",""IE"",""IT"",""LI"",""LT"",""LU"",""LV"",""MT"",""NL"",""NO"",""PL"",""PT"",""RO"",""SE"",""SI"",""SK""]","2024-11-23 00:00:00","The decision was taken pursuant to own-initiative investigations.",SOURCE_VOLUNTARY,,Yes,AUTOMATED_DECISION_FULLY,TikTok,7440371620167883552,"2024-11-23 07:22:10"
9e2c86ce-9f73-4d0e-807b-4f870dd5895c,"[""DECISION_VISIBILITY_CONTENT_REMOVED""]",,,,,,,,,,,DECISION_GROUND_INCOMPATIBLE_CONTENT,,,,"Sexual Exploitation and Gender-Based Violence","We are committed to providing a space that embraces gender equity, supports healthy relationships, and respects intimate privacy. We do not allow sexual exploitation or gender-based violence, including non-consensual sexual acts, image-based sexual abuse, sextortion, physical abuse, and sexual harassment.We proactively enforce our Community Guidelines through a mix of technology and human moderation. We have detected this policy violation using automated measures. We have used automated measures in making this decision.",,STATEMENT_CATEGORY_VIOLENCE,,,,"[""CONTENT_TYPE_TEXT""]",,,"2024-11-23 00:00:00","[""AT"",""BE"",""BG"",""CY"",""CZ"",""DE"",""DK"",""EE"",""ES"",""FI"",""FR"",""GR"",""HR"",""HU"",""IE"",""IT"",""LI"",""LT"",""LU"",""LV"",""MT"",""NL"",""NO"",""PL"",""PT"",""RO"",""SE"",""SI"",""SK""]","2024-11-23 00:00:00","The decision was taken pursuant to own-initiative investigations.",SOURCE_VOLUNTARY,,Yes,AUTOMATED_DECISION_FULLY,TikTok,7440371617693309729,"2024-11-23 07:22:10"
84c0266b-181b-43cd-ab5a-c77dd2315d0b,"[""DECISION_VISIBILITY_OTHER""]","Video not eligible for recommendation in the For You feed",,,,,,,,,,DECISION_GROUND_INCOMPATIBLE_CONTENT,,,,"Community Guidelines","Your content is against our Community Guidelines. The guidelines include rules and standards for using TikTok that apply to everyone and everything on our platform.",,STATEMENT_CATEGORY_SCOPE_OF_PLATFORM_SERVICE,,,,"[""CONTENT_TYPE_VIDEO""]",,,"2024-11-23 00:00:00","[""AT"",""BE"",""BG"",""CY"",""CZ"",""DE"",""DK"",""EE"",""ES"",""FI"",""FR"",""GR"",""HR"",""HU"",""IE"",""IT"",""LI"",""LT"",""LU"",""LV"",""MT"",""NL"",""NO"",""PL"",""PT"",""RO"",""SE"",""SI"",""SK""]","2024-11-23 00:00:00","The decision was taken pursuant to own-initiative investigations.",SOURCE_VOLUNTARY,,Yes,AUTOMATED_DECISION_FULLY,TikTok,7440371620167899936,"2024-11-23 07:22:10"
d2877528-f8af-4cdd-8740-0b14276e1e92,"[""DECISION_VISIBILITY_OTHER""]","Video not eligible for recommendation in the For You feed",,,,,,,,,,DECISION_GROUND_INCOMPATIBLE_CONTENT,,,,"Community Guidelines","We maintain content eligibility standards for the For You feed (FYF) that prioritize safety and are informed by the diversity of our community and cultural norms. We make ineligible for the FYF certain content that may not be appropriate for a broad audience related to: (1) Behavioral Health, (2) Sensitive and Mature Themes, (3) Integrity and Authenticity, and (4) Regulated Goods. Content that is ineligible for the FYF can still be discovered in other ways, such as through search tools or by following an account.We proactively enforce our Community Guidelines through a mix of technology and human moderation. We have detected this policy violation using automated measures. We have used automated measures in making this decision.",,STATEMENT_CATEGORY_SCOPE_OF_PLATFORM_SERVICE,,,,"[""CONTENT_TYPE_VIDEO""]",,,"2024-11-23 00:00:00","[""AT"",""BE"",""BG"",""CY"",""CZ"",""DE"",""DK"",""EE"",""ES"",""FI"",""FR"",""GR"",""HR"",""HU"",""IE"",""IT"",""LI"",""LT"",""LU"",""LV"",""MT"",""NL"",""NO"",""PL"",""PT"",""RO"",""SE"",""SI"",""SK""]","2024-11-23 00:00:00","The decision was taken pursuant to own-initiative investigations.",SOURCE_VOLUNTARY,,Yes,AUTOMATED_DECISION_FULLY,TikTok,7440371620167916320,"2024-11-23 07:22:10"
90784675-4b97-4451-8e66-d425508adb6b,"[""DECISION_VISIBILITY_CONTENT_REMOVED""]",,,,,,,,,,,DECISION_GROUND_INCOMPATIBLE_CONTENT,,,,"Harassment and Bullying","We welcome the respectful expression of different viewpoints, but not toxicity or trolling. We do not allow language or behavior that harasses, humiliates, threatens, or doxes anyone. This also includes responding to such acts with retaliatory harassment (but excludes non-harassing counterspeech).We proactively enforce our Community Guidelines through a mix of technology and human moderation. We have detected this policy violation using automated measures. We have used automated measures in making this decision.",,STATEMENT_CATEGORY_ILLEGAL_OR_HARMFUL_SPEECH,,,,"[""CONTENT_TYPE_TEXT""]",,,"2024-11-23 00:00:00","[""AT"",""BE"",""BG"",""CY"",""CZ"",""DE"",""DK"",""EE"",""ES"",""FI"",""FR"",""GR"",""HR"",""HU"",""IE"",""IT"",""LI"",""LT"",""LU"",""LV"",""MT"",""NL"",""NO"",""PL"",""PT"",""RO"",""SE"",""SI"",""SK""]","2024-11-23 00:00:00","The decision was taken pursuant to own-initiative investigations.",SOURCE_VOLUNTARY,,Yes,AUTOMATED_DECISION_FULLY,TikTok,7440371617693326113,"2024-11-23 07:22:10"
a80cfc86-2d3c-475e-9706-16c26c4a819e,"[""DECISION_VISIBILITY_OTHER""]","Video not eligible for recommendation in the For You feed",,,,,,,,,,DECISION_GROUND_INCOMPATIBLE_CONTENT,,,,"Alcohol, Tobacco, and Drugs","While adults make personal choices about how they engage with alcohol, drugs, and tobacco, we recognize that there are risks connected to trading and using these substances. Content is ineligible for the For You feed and harder to find in search if it shows adults consuming excessive amounts of alcohol or tobacco products.We proactively enforce our Community Guidelines through a mix of technology and human moderation. We have detected this policy violation using automated measures. We have used automated measures in making this decision.",,STATEMENT_CATEGORY_SCOPE_OF_PLATFORM_SERVICE,,,,"[""CONTENT_TYPE_VIDEO""]",,,"2024-11-23 00:00:00","[""AT"",""BE"",""BG"",""CY"",""CZ"",""DE"",""DK"",""EE"",""ES"",""FI"",""FR"",""GR"",""HR"",""HU"",""IE"",""IT"",""LI"",""LT"",""LU"",""LV"",""MT"",""NL"",""NO"",""PL"",""PT"",""RO"",""SE"",""SI"",""SK""]","2024-11-23 00:00:00","The decision was taken pursuant to own-initiative investigations.",SOURCE_VOLUNTARY,,Yes,AUTOMATED_DECISION_FULLY,TikTok,7440371620167932704,"2024-11-23 07:22:10"
e99e4154-6437-4d1b-95e3-649aa08e20a3,"[""DECISION_VISIBILITY_CONTENT_REMOVED""]",,,,,,,,,,,DECISION_GROUND_INCOMPATIBLE_CONTENT,,,,"Hate Speech and Hateful Behaviors","TikTok is enriched by the various backgrounds of our community members. Our differences should be respected, rather than a cause for division. We do not allow any hateful behavior, hate speech, or promotion of hateful ideologies. This includes content that attacks a person or group because of protected attributes.We proactively enforce our Community Guidelines through a mix of technology and human moderation. We have detected this policy violation using automated measures. We have used automated measures in making this decision.",,STATEMENT_CATEGORY_ILLEGAL_OR_HARMFUL_SPEECH,,,,"[""CONTENT_TYPE_TEXT""]",,,"2024-11-23 00:00:00","[""AT"",""BE"",""BG"",""CY"",""CZ"",""DE"",""DK"",""EE"",""ES"",""FI"",""FR"",""GR"",""HR"",""HU"",""IE"",""IT"",""LI"",""LT"",""LU"",""LV"",""MT"",""NL"",""NO"",""PL"",""PT"",""RO"",""SE"",""SI"",""SK""]","2024-11-23 00:00:00","The decision was taken pursuant to own-initiative investigations.",SOURCE_VOLUNTARY,,Yes,AUTOMATED_DECISION_FULLY,TikTok,7440371620167949088,"2024-11-23 07:22:10"
0a809e3d-1637-43e7-9354-4a045e5bfd60,"[""DECISION_VISIBILITY_OTHER""]","Video using the audio not eligible for recommendation in the For You feed",,,,,,,,,,DECISION_GROUND_INCOMPATIBLE_CONTENT,,,,"Community Guidelines","Your content is against our Community Guidelines. The guidelines include rules and standards for using TikTok that apply to everyone and everything on our platform.",,STATEMENT_CATEGORY_SCOPE_OF_PLATFORM_SERVICE,,,,"[""CONTENT_TYPE_AUDIO""]",,,"2024-11-22 00:00:00","[""AT"",""BE"",""BG"",""CY"",""CZ"",""DE"",""DK"",""EE"",""ES"",""FI"",""FR"",""GR"",""HR"",""HU"",""IE"",""IT"",""LI"",""LT"",""LU"",""LV"",""MT"",""NL"",""NO"",""PL"",""PT"",""RO"",""SE"",""SI"",""SK""]","2024-11-23 00:00:00","The decision was taken pursuant to own-initiative investigations.",SOURCE_VOLUNTARY,,Yes,AUTOMATED_DECISION_NOT_AUTOMATED,TikTok,7440371620167965472,"2024-11-23 07:22:10"
c5573486-538b-43ec-a8c1-849f02fc276d,"[""DECISION_VISIBILITY_CONTENT_REMOVED""]",,,,,,,,,,,DECISION_GROUND_INCOMPATIBLE_CONTENT,,,,"Harassment and Bullying","We welcome the respectful expression of different viewpoints, but not toxicity or trolling. We do not allow language or behavior that harasses, humiliates, threatens, or doxes anyone. This also includes responding to such acts with retaliatory harassment (but excludes non-harassing counterspeech).We proactively enforce our Community Guidelines through a mix of technology and human moderation. We have detected this policy violation using automated measures. We have used automated measures in making this decision.",,STATEMENT_CATEGORY_ILLEGAL_OR_HARMFUL_SPEECH,,,,"[""CONTENT_TYPE_TEXT""]",,,"2024-11-23 00:00:00","[""AT"",""BE"",""BG"",""CY"",""CZ"",""DE"",""DK"",""EE"",""ES"",""FI"",""FR"",""GR"",""HR"",""HU"",""IE"",""IT"",""LI"",""LT"",""LU"",""LV"",""MT"",""NL"",""NO"",""PL"",""PT"",""RO"",""SE"",""SI"",""SK""]","2024-11-23 00:00:00","The decision was taken pursuant to own-initiative investigations.",SOURCE_VOLUNTARY,,Yes,AUTOMATED_DECISION_FULLY,TikTok,7440371621308668704,"2024-11-23 07:22:10"
fbe46b65-245d-42a6-94d8-6e29e182c7dd,"[""DECISION_VISIBILITY_CONTENT_REMOVED""]",,,,,,,,,,,DECISION_GROUND_INCOMPATIBLE_CONTENT,,,,"Community Guidelines","Your content is against our Community Guidelines. The guidelines include rules and standards for using TikTok that apply to everyone and everything on our platform.We proactively enforce our Community Guidelines through a mix of technology and human moderation. We have detected this policy violation using automated measures. We have used automated measures in making this decision.",,STATEMENT_CATEGORY_SCOPE_OF_PLATFORM_SERVICE,,,,"[""CONTENT_TYPE_VIDEO""]",,,"2024-11-23 00:00:00","[""AT"",""BE"",""BG"",""CY"",""CZ"",""DE"",""DK"",""EE"",""ES"",""FI"",""FR"",""GR"",""HR"",""HU"",""IE"",""IT"",""LI"",""LT"",""LU"",""LV"",""MT"",""NL"",""NO"",""PL"",""PT"",""RO"",""SE"",""SI"",""SK""]","2024-11-23 00:00:00","The decision was taken pursuant to own-initiative investigations.",SOURCE_VOLUNTARY,,Yes,AUTOMATED_DECISION_FULLY,TikTok,7440371621308685088,"2024-11-23 07:22:10"
945e4ca7-0f16-431d-bc9a-df8cc85083b9,"[""DECISION_VISIBILITY_CONTENT_REMOVED""]",,,,,,,,,,,DECISION_GROUND_INCOMPATIBLE_CONTENT,,,,"Harassment and Bullying","We welcome the respectful expression of different viewpoints, but not toxicity or trolling. We do not allow language or behavior that harasses, humiliates, threatens, or doxes anyone. This also includes responding to such acts with retaliatory harassment (but excludes non-harassing counterspeech).We proactively enforce our Community Guidelines through a mix of technology and human moderation. We have detected this policy violation using automated measures. We have used automated measures in making this decision.",,STATEMENT_CATEGORY_ILLEGAL_OR_HARMFUL_SPEECH,,,,"[""CONTENT_TYPE_TEXT""]",,,"2024-11-23 00:00:00","[""AT"",""BE"",""BG"",""CY"",""CZ"",""DE"",""DK"",""EE"",""ES"",""FI"",""FR"",""GR"",""HR"",""HU"",""IE"",""IT"",""LI"",""LT"",""LU"",""LV"",""MT"",""NL"",""NO"",""PL"",""PT"",""RO"",""SE"",""SI"",""SK""]","2024-11-23 00:00:00","The decision was taken pursuant to own-initiative investigations.",SOURCE_VOLUNTARY,,Yes,AUTOMATED_DECISION_FULLY,TikTok,7440371621308701472,"2024-11-23 07:22:10"
e1a4a875-179e-48c5-ba59-b4c515090803,"[""DECISION_VISIBILITY_CONTENT_REMOVED""]",,,,,,,,,,,DECISION_GROUND_INCOMPATIBLE_CONTENT,,,,"Harassment and Bullying","We welcome the respectful expression of different viewpoints, but not toxicity or trolling. We do not allow language or behavior that harasses, humiliates, threatens, or doxes anyone. This also includes responding to such acts with retaliatory harassment (but excludes non-harassing counterspeech).We proactively enforce our Community Guidelines through a mix of technology and human moderation. We have detected this policy violation using automated measures. We have used automated measures in making this decision.",,STATEMENT_CATEGORY_ILLEGAL_OR_HARMFUL_SPEECH,,,,"[""CONTENT_TYPE_TEXT""]",,,"2024-11-23 00:00:00","[""AT"",""BE"",""BG"",""CY"",""CZ"",""DE"",""DK"",""EE"",""ES"",""FI"",""FR"",""GR"",""HR"",""HU"",""IE"",""IT"",""LI"",""LT"",""LU"",""LV"",""MT"",""NL"",""NO"",""PL"",""PT"",""RO"",""SE"",""SI"",""SK""]","2024-11-23 00:00:00","The decision was taken pursuant to own-initiative investigations.",SOURCE_VOLUNTARY,,Yes,AUTOMATED_DECISION_FULLY,TikTok,7440371621308717856,"2024-11-23 07:22:10"
b2ca7fa1-5ebe-4067-9fec-4e146e749f6e,"[""DECISION_VISIBILITY_OTHER""]","Video not eligible for recommendation in the For You feed",,,,,,,,,,DECISION_GROUND_INCOMPATIBLE_CONTENT,,,,"Community Guidelines","We maintain content eligibility standards for the For You feed (FYF) that prioritize safety and are informed by the diversity of our community and cultural norms. We make ineligible for the FYF certain content that may not be appropriate for a broad audience related to: (1) Behavioral Health, (2) Sensitive and Mature Themes, (3) Integrity and Authenticity, and (4) Regulated Goods. Content that is ineligible for the FYF can still be discovered in other ways, such as through search tools or by following an account.We proactively enforce our Community Guidelines through a mix of technology and human moderation. We have detected this policy violation using automated measures. We have used automated measures in making this decision.",,STATEMENT_CATEGORY_SCOPE_OF_PLATFORM_SERVICE,,,,"[""CONTENT_TYPE_VIDEO""]",,,"2024-11-23 00:00:00","[""AT"",""BE"",""BG"",""CY"",""CZ"",""DE"",""DK"",""EE"",""ES"",""FI"",""FR"",""GR"",""HR"",""HU"",""IE"",""IT"",""LI"",""LT"",""LU"",""LV"",""MT"",""NL"",""NO"",""PL"",""PT"",""RO"",""SE"",""SI"",""SK""]","2024-11-23 00:00:00","The decision was taken pursuant to own-initiative investigations.",SOURCE_VOLUNTARY,,Yes,AUTOMATED_DECISION_FULLY,TikTok,7440371622722149152,"2024-11-23 07:22:10"
c4a20a30-04f3-46e9-9808-0f930e8ed293,"[""DECISION_VISIBILITY_OTHER""]","Photo not eligible for recommendation in the For You feed, and visibility restricted in search results",,,,,,,,,,DECISION_GROUND_INCOMPATIBLE_CONTENT,,,,"Civic and Election Integrity","We want to enable the informed exchange of civic ideas in a way that fosters productive dialogue. Your video didn’t meet our eligibility standards for the For You Feed. Please review our Community Guidelines for more information.We proactively enforce our Community Guidelines through a mix of technology and human moderation. We have detected this policy violation using automated measures. We have used automated measures in making this decision.",,STATEMENT_CATEGORY_NEGATIVE_EFFECTS_ON_CIVIC_DISCOURSE_OR_ELECTIONS,,,,"[""CONTENT_TYPE_IMAGE""]",,,"2024-11-23 00:00:00","[""AT"",""BE"",""BG"",""CY"",""CZ"",""DE"",""DK"",""EE"",""ES"",""FI"",""FR"",""GR"",""HR"",""HU"",""IE"",""IT"",""LI"",""LT"",""LU"",""LV"",""MT"",""NL"",""NO"",""PL"",""PT"",""RO"",""SE"",""SI"",""SK""]","2024-11-23 00:00:00","The decision was taken pursuant to own-initiative investigations.",SOURCE_VOLUNTARY,,Yes,AUTOMATED_DECISION_FULLY,TikTok,7440371621308734240,"2024-11-23 07:22:10"
505155ae-a26f-4717-aeef-faa5df56ea48,"[""DECISION_VISIBILITY_OTHER""]","Video not eligible for recommendation in the For You feed",,,,,,,,,,DECISION_GROUND_INCOMPATIBLE_CONTENT,,,,"Community Guidelines","We maintain content eligibility standards for the For You feed (FYF) that prioritize safety and are informed by the diversity of our community and cultural norms. We make ineligible for the FYF certain content that may not be appropriate for a broad audience related to: (1) Behavioral Health, (2) Sensitive and Mature Themes, (3) Integrity and Authenticity, and (4) Regulated Goods. Content that is ineligible for the FYF can still be discovered in other ways, such as through search tools or by following an account.We proactively enforce our Community Guidelines through a mix of technology and human moderation. We have detected this policy violation using automated measures. We have used automated measures in making this decision.",,STATEMENT_CATEGORY_SCOPE_OF_PLATFORM_SERVICE,,,,"[""CONTENT_TYPE_VIDEO""]",,,"2024-11-23 00:00:00","[""AT"",""BE"",""BG"",""CY"",""CZ"",""DE"",""DK"",""EE"",""ES"",""FI"",""FR"",""GR"",""HR"",""HU"",""IE"",""IT"",""LI"",""LT"",""LU"",""LV"",""MT"",""NL"",""NO"",""PL"",""PT"",""RO"",""SE"",""SI"",""SK""]","2024-11-23 00:00:00","The decision was taken pursuant to own-initiative investigations.",SOURCE_VOLUNTARY,,Yes,AUTOMATED_DECISION_FULLY,TikTok,7440371622722165536,"2024-11-23 07:22:10"
5eeee72c-8749-41c4-9ec4-486b5e0cfad3,"[""DECISION_VISIBILITY_OTHER""]","Video not eligible for recommendation in the For You feed",,,,,,,,,,DECISION_GROUND_INCOMPATIBLE_CONTENT,,,,"Community Guidelines","We maintain content eligibility standards for the For You feed (FYF) that prioritize safety and are informed by the diversity of our community and cultural norms. We make ineligible for the FYF certain content that may not be appropriate for a broad audience related to: (1) Behavioral Health, (2) Sensitive and Mature Themes, (3) Integrity and Authenticity, and (4) Regulated Goods. Content that is ineligible for the FYF can still be discovered in other ways, such as through search tools or by following an account.We proactively enforce our Community Guidelines through a mix of technology and human moderation. We have detected this policy violation using automated measures. We have used automated measures in making this decision.",,STATEMENT_CATEGORY_SCOPE_OF_PLATFORM_SERVICE,,,,"[""CONTENT_TYPE_VIDEO""]",,,"2024-11-23 00:00:00","[""AT"",""BE"",""BG"",""CY"",""CZ"",""DE"",""DK"",""EE"",""ES"",""FI"",""FR"",""GR"",""HR"",""HU"",""IE"",""IT"",""LI"",""LT"",""LU"",""LV"",""MT"",""NL"",""NO"",""PL"",""PT"",""RO"",""SE"",""SI"",""SK""]","2024-11-23 00:00:00","The decision was taken pursuant to own-initiative investigations.",SOURCE_VOLUNTARY,,Yes,AUTOMATED_DECISION_FULLY,TikTok,7440371621308750624,"2024-11-23 07:22:10"
3276eff5-319c-4d7f-9555-2d0589a897c0,"[""DECISION_VISIBILITY_OTHER""]","Video not eligible for recommendation in the For You feed",,,,,,,,,,DECISION_GROUND_INCOMPATIBLE_CONTENT,,,,"Community Guidelines","We maintain content eligibility standards for the For You feed (FYF) that prioritize safety and are informed by the diversity of our community and cultural norms. We make ineligible for the FYF certain content that may not be appropriate for a broad audience related to: (1) Behavioral Health, (2) Sensitive and Mature Themes, (3) Integrity and Authenticity, and (4) Regulated Goods. Content that is ineligible for the FYF can still be discovered in other ways, such as through search tools or by following an account.We proactively enforce our Community Guidelines through a mix of technology and human moderation. We have detected this policy violation using automated measures. We have used automated measures in making this decision.",,STATEMENT_CATEGORY_SCOPE_OF_PLATFORM_SERVICE,,,,"[""CONTENT_TYPE_VIDEO""]",,,"2024-11-23 00:00:00","[""AT"",""BE"",""BG"",""CY"",""CZ"",""DE"",""DK"",""EE"",""ES"",""FI"",""FR"",""GR"",""HR"",""HU"",""IE"",""IT"",""LI"",""LT"",""LU"",""LV"",""MT"",""NL"",""NO"",""PL"",""PT"",""RO"",""SE"",""SI"",""SK""]","2024-11-23 00:00:00","The decision was taken pursuant to own-initiative investigations.",SOURCE_VOLUNTARY,,Yes,AUTOMATED_DECISION_FULLY,TikTok,7440371622722181920,"2024-11-23 07:22:10"
1dfaed2d-2408-4a99-91e7-5195e19e9cea,"[""DECISION_VISIBILITY_CONTENT_REMOVED""]",,,,,,,,,,,DECISION_GROUND_INCOMPATIBLE_CONTENT,,,,"Harassment and Bullying","We welcome the respectful expression of different viewpoints, but not toxicity or trolling. We do not allow language or behavior that harasses, humiliates, threatens, or doxes anyone. This also includes responding to such acts with retaliatory harassment (but excludes non-harassing counterspeech).We proactively enforce our Community Guidelines through a mix of technology and human moderation. We have detected this policy violation using automated measures. We have used automated measures in making this decision.",,STATEMENT_CATEGORY_ILLEGAL_OR_HARMFUL_SPEECH,,,,"[""CONTENT_TYPE_TEXT""]",,,"2024-11-23 00:00:00","[""AT"",""BE"",""BG"",""CY"",""CZ"",""DE"",""DK"",""EE"",""ES"",""FI"",""FR"",""GR"",""HR"",""HU"",""IE"",""IT"",""LI"",""LT"",""LU"",""LV"",""MT"",""NL"",""NO"",""PL"",""PT"",""RO"",""SE"",""SI"",""SK""]","2024-11-23 00:00:00","The decision was taken pursuant to own-initiative investigations.",SOURCE_VOLUNTARY,,Yes,AUTOMATED_DECISION_FULLY,TikTok,7440371622722198304,"2024-11-23 07:22:10"
e54ca98a-c15c-4aad-a05f-ad1fd2e93569,"[""DECISION_VISIBILITY_OTHER""]","Photo not eligible for recommendation in the For You feed, and visibility restricted in search results",,,,,,,,,,DECISION_GROUND_INCOMPATIBLE_CONTENT,,,,"Community Guidelines","We maintain content eligibility standards for the For You feed (FYF) that prioritize safety and are informed by the diversity of our community and cultural norms. We make ineligible for the FYF certain content that may not be appropriate for a broad audience related to: (1) Behavioral Health, (2) Sensitive and Mature Themes, (3) Integrity and Authenticity, and (4) Regulated Goods. Content that is ineligible for the FYF can still be discovered in other ways, such as through search tools or by following an account.We proactively enforce our Community Guidelines through a mix of technology and human moderation. We have detected this policy violation using automated measures. We have used automated measures in making this decision.",,STATEMENT_CATEGORY_SCOPE_OF_PLATFORM_SERVICE,,,,"[""CONTENT_TYPE_IMAGE""]",,,"2024-11-23 00:00:00","[""AT"",""BE"",""BG"",""CY"",""CZ"",""DE"",""DK"",""EE"",""ES"",""FI"",""FR"",""GR"",""HR"",""HU"",""IE"",""IT"",""LI"",""LT"",""LU"",""LV"",""MT"",""NL"",""NO"",""PL"",""PT"",""RO"",""SE"",""SI"",""SK""]","2024-11-23 00:00:00","The decision was taken pursuant to own-initiative investigations.",SOURCE_VOLUNTARY,,Yes,AUTOMATED_DECISION_FULLY,TikTok,7440371622722214688,"2024-11-23 07:22:10"
5668aaaa-4e00-4d5b-9e69-e5ad62114a79,"[""DECISION_VISIBILITY_OTHER""]","Photo not eligible for recommendation in the For You feed, and visibility restricted in search results",,,,,,,,,,DECISION_GROUND_INCOMPATIBLE_CONTENT,,,,"Dangerous Activities and Challenges","Most activities or challenges are appropriate for everyone, but some may carry a risk of significant injury. Content is ineligible for the For You feed if it involves activities likely to lead to moderate physical harm or includes professionals performing extreme sports and stunts that may endanger others.We proactively enforce our Community Guidelines through a mix of technology and human moderation. We have detected this policy violation using automated measures. We have used automated measures in making this decision.",,STATEMENT_CATEGORY_SCOPE_OF_PLATFORM_SERVICE,,,,"[""CONTENT_TYPE_IMAGE""]",,,"2024-11-23 00:00:00","[""AT"",""BE"",""BG"",""CY"",""CZ"",""DE"",""DK"",""EE"",""ES"",""FI"",""FR"",""GR"",""HR"",""HU"",""IE"",""IT"",""LI"",""LT"",""LU"",""LV"",""MT"",""NL"",""NO"",""PL"",""PT"",""RO"",""SE"",""SI"",""SK""]","2024-11-23 00:00:00","The decision was taken pursuant to own-initiative investigations.",SOURCE_VOLUNTARY,,Yes,AUTOMATED_DECISION_FULLY,TikTok,7440371621308767008,"2024-11-23 07:22:10"
1958b45e-b2df-4fc8-97d4-905b1dbce188,"[""DECISION_VISIBILITY_OTHER""]","Video not eligible for recommendation in the For You feed",,,,,,,,,,DECISION_GROUND_INCOMPATIBLE_CONTENT,,,,"Community Guidelines","Your content is against our Community Guidelines. The guidelines include rules and standards for using TikTok that apply to everyone and everything on our platform.We proactively enforce our Community Guidelines through a mix of technology and human moderation. We have detected this policy violation using automated measures. We have used automated measures in making this decision.",,STATEMENT_CATEGORY_SCOPE_OF_PLATFORM_SERVICE,,,,"[""CONTENT_TYPE_OTHER""]","Video Sticker",,"2024-11-23 00:00:00","[""AT"",""BE"",""BG"",""CY"",""CZ"",""DE"",""DK"",""EE"",""ES"",""FI"",""FR"",""GR"",""HR"",""HU"",""IE"",""IT"",""LI"",""LT"",""LU"",""LV"",""MT"",""NL"",""NO"",""PL"",""PT"",""RO"",""SE"",""SI"",""SK""]","2024-11-23 00:00:00","The decision was taken pursuant to own-initiative investigations.",SOURCE_VOLUNTARY,,Yes,AUTOMATED_DECISION_FULLY,TikTok,7440371621308783392,"2024-11-23 07:22:10"
725a142c-c2b8-4f74-8fab-e40a4c171778,"[""DECISION_VISIBILITY_CONTENT_REMOVED""]",,,,,,,,,,,DECISION_GROUND_INCOMPATIBLE_CONTENT,,,,"Sexual Exploitation and Gender-Based Violence","We are committed to providing a space that embraces gender equity, supports healthy relationships, and respects intimate privacy. We do not allow sexual exploitation or gender-based violence, including non-consensual sexual acts, image-based sexual abuse, sextortion, physical abuse, and sexual harassment.We proactively enforce our Community Guidelines through a mix of technology and human moderation. We have detected this policy violation using automated measures. We have used automated measures in making this decision.",,STATEMENT_CATEGORY_VIOLENCE,,,,"[""CONTENT_TYPE_TEXT""]",,,"2024-11-23 00:00:00","[""AT"",""BE"",""BG"",""CY"",""CZ"",""DE"",""DK"",""EE"",""ES"",""FI"",""FR"",""GR"",""HR"",""HU"",""IE"",""IT"",""LI"",""LT"",""LU"",""LV"",""MT"",""NL"",""NO"",""PL"",""PT"",""RO"",""SE"",""SI"",""SK""]","2024-11-23 00:00:00","The decision was taken pursuant to own-initiative investigations.",SOURCE_VOLUNTARY,,Yes,AUTOMATED_DECISION_FULLY,TikTok,7440371622722231072,"2024-11-23 07:22:10"
7a66cd4c-d3f9-4786-99b2-2cee5a268e94,"[""DECISION_VISIBILITY_CONTENT_REMOVED""]",,,,,,,,,,,DECISION_GROUND_INCOMPATIBLE_CONTENT,,,,"Sexual Exploitation and Gender-Based Violence","We are committed to providing a space that embraces gender equity, supports healthy relationships, and respects intimate privacy. We do not allow sexual exploitation or gender-based violence, including non-consensual sexual acts, image-based sexual abuse, sextortion, physical abuse, and sexual harassment.We proactively enforce our Community Guidelines through a mix of technology and human moderation. We have detected this policy violation using automated measures. We have used automated measures in making this decision.",,STATEMENT_CATEGORY_VIOLENCE,,,,"[""CONTENT_TYPE_TEXT""]",,,"2024-11-23 00:00:00","[""AT"",""BE"",""BG"",""CY"",""CZ"",""DE"",""DK"",""EE"",""ES"",""FI"",""FR"",""GR"",""HR"",""HU"",""IE"",""IT"",""LI"",""LT"",""LU"",""LV"",""MT"",""NL"",""NO"",""PL"",""PT"",""RO"",""SE"",""SI"",""SK""]","2024-11-23 00:00:00","The decision was taken pursuant to own-initiative investigations.",SOURCE_VOLUNTARY,,Yes,AUTOMATED_DECISION_FULLY,TikTok,7440371622722247456,"2024-11-23 07:22:10"
3f34e704-d185-4eef-b9d1-533a6eacdc57,,,,,,,,,DECISION_ACCOUNT_TERMINATED,,,DECISION_GROUND_INCOMPATIBLE_CONTENT,,,,"Community Guidelines Violations","Your account was permanently banned because of multiple policy violations.",,STATEMENT_CATEGORY_SCOPE_OF_PLATFORM_SERVICE,,,,"[""CONTENT_TYPE_OTHER""]","Account Ban",,"2024-04-12 00:00:00","[""AT"",""BE"",""BG"",""CY"",""CZ"",""DE"",""DK"",""EE"",""ES"",""FI"",""FR"",""GR"",""HR"",""HU"",""IE"",""IT"",""LI"",""LT"",""LU"",""LV"",""MT"",""NL"",""NO"",""PL"",""PT"",""RO"",""SE"",""SI"",""SK""]","2024-11-23 00:00:00","The decision was taken pursuant to own-initiative investigations",SOURCE_VOLUNTARY,,No,AUTOMATED_DECISION_NOT_AUTOMATED,TikTok,7440371648550755105,"2024-11-23 07:22:12"
08b6ef77-4659-4414-b770-56c932b3eab4,"[""DECISION_VISIBILITY_CONTENT_REMOVED""]",,,,,,,,,,,DECISION_GROUND_INCOMPATIBLE_CONTENT,,,,"Harassment and Bullying","We welcome the respectful expression of different viewpoints, but not toxicity or trolling. We do not allow language or behavior that harasses, humiliates, threatens, or doxes anyone. This also includes responding to such acts with retaliatory harassment (but excludes non-harassing counterspeech).We proactively enforce our Community Guidelines through a mix of technology and human moderation. We have detected this policy violation using automated measures. We have used automated measures in making this decision.",,STATEMENT_CATEGORY_ILLEGAL_OR_HARMFUL_SPEECH,,,,"[""CONTENT_TYPE_TEXT""]",,,"2024-11-23 00:00:00","[""AT"",""BE"",""BG"",""CY"",""CZ"",""DE"",""DK"",""EE"",""ES"",""FI"",""FR"",""GR"",""HR"",""HU"",""IE"",""IT"",""LI"",""LT"",""LU"",""LV"",""MT"",""NL"",""NO"",""PL"",""PT"",""RO"",""SE"",""SI"",""SK""]","2024-11-23 00:00:00","The decision was taken pursuant to own-initiative investigations.",SOURCE_VOLUNTARY,,Yes,AUTOMATED_DECISION_FULLY,TikTok,7440371648550771489,"2024-11-23 07:22:12"
b6479a80-5fac-493f-8157-55102e001ece,"[""DECISION_VISIBILITY_CONTENT_REMOVED""]",,,,,,,,,,,DECISION_GROUND_INCOMPATIBLE_CONTENT,,,,"Harassment and Bullying","We welcome the respectful expression of different viewpoints, but not toxicity or trolling. We do not allow language or behavior that harasses, humiliates, threatens, or doxes anyone. This also includes responding to such acts with retaliatory harassment (but excludes non-harassing counterspeech).We proactively enforce our Community Guidelines through a mix of technology and human moderation. We have detected this policy violation using automated measures. We have used automated measures in making this decision.",,STATEMENT_CATEGORY_ILLEGAL_OR_HARMFUL_SPEECH,,,,"[""CONTENT_TYPE_TEXT""]",,,"2024-11-23 00:00:00","[""AT"",""BE"",""BG"",""CY"",""CZ"",""DE"",""DK"",""EE"",""ES"",""FI"",""FR"",""GR"",""HR"",""HU"",""IE"",""IT"",""LI"",""LT"",""LU"",""LV"",""MT"",""NL"",""NO"",""PL"",""PT"",""RO"",""SE"",""SI"",""SK""]","2024-11-23 00:00:00","The decision was taken pursuant to own-initiative investigations.",SOURCE_VOLUNTARY,,Yes,AUTOMATED_DECISION_FULLY,TikTok,7440371648416586528,"2024-11-23 07:22:12"
560f0d9f-eda6-4232-88e6-d2aae49dc078,"[""DECISION_VISIBILITY_CONTENT_REMOVED""]",,,,,,,,,,,DECISION_GROUND_INCOMPATIBLE_CONTENT,,,,"Hate Speech and Hateful Behaviors","TikTok is enriched by the various backgrounds of our community members. Our differences should be respected, rather than a cause for division. We do not allow any hateful behavior, hate speech, or promotion of hateful ideologies. This includes content that attacks a person or group because of protected attributes.We proactively enforce our Community Guidelines through a mix of technology and human moderation. We have detected this policy violation using automated measures. We have used automated measures in making this decision.",,STATEMENT_CATEGORY_ILLEGAL_OR_HARMFUL_SPEECH,,,,"[""CONTENT_TYPE_TEXT""]",,,"2024-11-23 00:00:00","[""AT"",""BE"",""BG"",""CY"",""CZ"",""DE"",""DK"",""EE"",""ES"",""FI"",""FR"",""GR"",""HR"",""HU"",""IE"",""IT"",""LI"",""LT"",""LU"",""LV"",""MT"",""NL"",""NO"",""PL"",""PT"",""RO"",""SE"",""SI"",""SK""]","2024-11-23 00:00:00","The decision was taken pursuant to own-initiative investigations.",SOURCE_VOLUNTARY,,Yes,AUTOMATED_DECISION_FULLY,TikTok,7440371648550787873,"2024-11-23 07:22:12"
befe59f2-efba-4e98-83da-9f3d18e88ce5,"[""DECISION_VISIBILITY_OTHER""]","Photo not eligible for recommendation in the For You feed",,,,,,,,,,DECISION_GROUND_INCOMPATIBLE_CONTENT,,,,"Dangerous Activities and Challenges","Most activities or challenges are appropriate for everyone, but some carry a risk of significant injury. Content is ineligible for the For You feed if it involves activities that are likely to lead to moderate physical harm, or includes professionals who are performing extreme sports and stunts that may endanger others.We proactively enforce our Community Guidelines through a mix of technology and human moderation. We have detected this policy violation using automated measures. We have used automated measures in making this decision.",,STATEMENT_CATEGORY_SCOPE_OF_PLATFORM_SERVICE,,,,"[""CONTENT_TYPE_IMAGE""]",,,"2024-11-23 00:00:00","[""AT"",""BE"",""BG"",""CY"",""CZ"",""DE"",""DK"",""EE"",""ES"",""FI"",""FR"",""GR"",""HR"",""HU"",""IE"",""IT"",""LI"",""LT"",""LU"",""LV"",""MT"",""NL"",""NO"",""PL"",""PT"",""RO"",""SE"",""SI"",""SK""]","2024-11-23 00:00:00","The decision was taken pursuant to own-initiative investigations.",SOURCE_VOLUNTARY,,Yes,AUTOMATED_DECISION_FULLY,TikTok,7440371648416602912,"2024-11-23 07:22:12"
8be12e28-0f09-4f0b-bfab-0146cfbc6089,"[""DECISION_VISIBILITY_CONTENT_REMOVED""]",,,,,,,,,,,DECISION_GROUND_INCOMPATIBLE_CONTENT,,,,"Harassment and Bullying","We welcome the respectful expression of different viewpoints, but not toxicity or trolling. We do not allow language or behavior that harasses, humiliates, threatens, or doxes anyone. This also includes responding to such acts with retaliatory harassment (but excludes non-harassing counterspeech).We proactively enforce our Community Guidelines through a mix of technology and human moderation. We have detected this policy violation using automated measures. We have used automated measures in making this decision.",,STATEMENT_CATEGORY_ILLEGAL_OR_HARMFUL_SPEECH,,,,"[""CONTENT_TYPE_TEXT""]",,,"2024-11-23 00:00:00","[""AT"",""BE"",""BG"",""CY"",""CZ"",""DE"",""DK"",""EE"",""ES"",""FI"",""FR"",""GR"",""HR"",""HU"",""IE"",""IT"",""LI"",""LT"",""LU"",""LV"",""MT"",""NL"",""NO"",""PL"",""PT"",""RO"",""SE"",""SI"",""SK""]","2024-11-23 00:00:00","The decision was taken pursuant to own-initiative investigations.",SOURCE_VOLUNTARY,,Yes,AUTOMATED_DECISION_FULLY,TikTok,7440371651461520161,"2024-11-23 07:22:12"
ac3ecddb-8338-4b89-bd2d-2be85d29de23,"[""DECISION_VISIBILITY_OTHER""]","Video not eligible for recommendation in the For You feed",,,,,,,,,,DECISION_GROUND_INCOMPATIBLE_CONTENT,,,,"Community Guidelines","We maintain content eligibility standards for the For You feed (FYF) that prioritize safety and are informed by the diversity of our community and cultural norms. We make ineligible for the FYF certain content that may not be appropriate for a broad audience related to: (1) Behavioral Health, (2) Sensitive and Mature Themes, (3) Integrity and Authenticity, and (4) Regulated Goods. Content that is ineligible for the FYF can still be discovered in other ways, such as through search tools or by following an account.We proactively enforce our Community Guidelines through a mix of technology and human moderation. We have detected this policy violation using automated measures. We have used automated measures in making this decision.",,STATEMENT_CATEGORY_SCOPE_OF_PLATFORM_SERVICE,,,,"[""CONTENT_TYPE_VIDEO""]",,,"2024-11-23 00:00:00","[""AT"",""BE"",""BG"",""CY"",""CZ"",""DE"",""DK"",""EE"",""ES"",""FI"",""FR"",""GR"",""HR"",""HU"",""IE"",""IT"",""LI"",""LT"",""LU"",""LV"",""MT"",""NL"",""NO"",""PL"",""PT"",""RO"",""SE"",""SI"",""SK""]","2024-11-23 00:00:00","The decision was taken pursuant to own-initiative investigations.",SOURCE_VOLUNTARY,,Yes,AUTOMATED_DECISION_FULLY,TikTok,7440371648550804257,"2024-11-23 07:22:12"
fc5f839d-d88a-445f-bee6-338bb0f1e578,"[""DECISION_VISIBILITY_CONTENT_REMOVED""]",,,,,,,,,,,DECISION_GROUND_INCOMPATIBLE_CONTENT,,,,"Harassment and Bullying","We welcome the respectful expression of different viewpoints, but not toxicity or trolling. We do not allow language or behavior that harasses, humiliates, threatens, or doxes anyone. This also includes responding to such acts with retaliatory harassment (but excludes non-harassing counterspeech).We proactively enforce our Community Guidelines through a mix of technology and human moderation. We have detected this policy violation using automated measures. We have used automated measures in making this decision.",,STATEMENT_CATEGORY_ILLEGAL_OR_HARMFUL_SPEECH,,,,"[""CONTENT_TYPE_TEXT""]",,,"2024-11-23 00:00:00","[""AT"",""BE"",""BG"",""CY"",""CZ"",""DE"",""DK"",""EE"",""ES"",""FI"",""FR"",""GR"",""HR"",""HU"",""IE"",""IT"",""LI"",""LT"",""LU"",""LV"",""MT"",""NL"",""NO"",""PL"",""PT"",""RO"",""SE"",""SI"",""SK""]","2024-11-23 00:00:00","The decision was taken pursuant to own-initiative investigations.",SOURCE_VOLUNTARY,,Yes,AUTOMATED_DECISION_FULLY,TikTok,7440371651461536545,"2024-11-23 07:22:12"
0049c65e-2a61-4a9c-a1d0-b0f99215461a,"[""DECISION_VISIBILITY_CONTENT_REMOVED""]",,,,,,,,,,,DECISION_GROUND_INCOMPATIBLE_CONTENT,,,,"Harassment and Bullying","We welcome the respectful expression of different viewpoints, but not toxicity or trolling. We do not allow language or behavior that harasses, humiliates, threatens, or doxes anyone. This also includes responding to such acts with retaliatory harassment (but excludes non-harassing counterspeech).We proactively enforce our Community Guidelines through a mix of technology and human moderation. We have detected this policy violation using automated measures. We have used automated measures in making this decision.",,STATEMENT_CATEGORY_ILLEGAL_OR_HARMFUL_SPEECH,,,,"[""CONTENT_TYPE_TEXT""]",,,"2024-11-23 00:00:00","[""AT"",""BE"",""BG"",""CY"",""CZ"",""DE"",""DK"",""EE"",""ES"",""FI"",""FR"",""GR"",""HR"",""HU"",""IE"",""IT"",""LI"",""LT"",""LU"",""LV"",""MT"",""NL"",""NO"",""PL"",""PT"",""RO"",""SE"",""SI"",""SK""]","2024-11-23 00:00:00","The decision was taken pursuant to own-initiative investigations.",SOURCE_VOLUNTARY,,Yes,AUTOMATED_DECISION_FULLY,TikTok,7440371648550820641,"2024-11-23 07:22:12"
216270e1-6805-4601-93f5-e83cba678102,"[""DECISION_VISIBILITY_CONTENT_REMOVED""]",,,,,,,,,,,DECISION_GROUND_INCOMPATIBLE_CONTENT,,,,"Sexual Exploitation and Gender-Based Violence","We are committed to providing a space that embraces gender equity, supports healthy relationships, and respects intimate privacy. We do not allow sexual exploitation or gender-based violence, including non-consensual sexual acts, image-based sexual abuse, sextortion, physical abuse, and sexual harassment.We proactively enforce our Community Guidelines through a mix of technology and human moderation. We have detected this policy violation using automated measures. We have used automated measures in making this decision.",,STATEMENT_CATEGORY_VIOLENCE,,,,"[""CONTENT_TYPE_TEXT""]",,,"2024-11-23 00:00:00","[""AT"",""BE"",""BG"",""CY"",""CZ"",""DE"",""DK"",""EE"",""ES"",""FI"",""FR"",""GR"",""HR"",""HU"",""IE"",""IT"",""LI"",""LT"",""LU"",""LV"",""MT"",""NL"",""NO"",""PL"",""PT"",""RO"",""SE"",""SI"",""SK""]","2024-11-23 00:00:00","The decision was taken pursuant to own-initiative investigations.",SOURCE_VOLUNTARY,,Yes,AUTOMATED_DECISION_FULLY,TikTok,7440371651461552929,"2024-11-23 07:22:12"
d69bacc9-930b-4d3d-97f8-080da6669203,"[""DECISION_VISIBILITY_CONTENT_REMOVED""]",,,,,,,,,,,DECISION_GROUND_INCOMPATIBLE_CONTENT,,,,"Harassment and Bullying","We welcome the respectful expression of different viewpoints, but not toxicity or trolling. We do not allow language or behavior that harasses, humiliates, threatens, or doxes anyone. This also includes responding to such acts with retaliatory harassment (but excludes non-harassing counterspeech).We proactively enforce our Community Guidelines through a mix of technology and human moderation. We have detected this policy violation using automated measures. We have used automated measures in making this decision.",,STATEMENT_CATEGORY_ILLEGAL_OR_HARMFUL_SPEECH,,,,"[""CONTENT_TYPE_TEXT""]",,,"2024-11-23 00:00:00","[""AT"",""BE"",""BG"",""CY"",""CZ"",""DE"",""DK"",""EE"",""ES"",""FI"",""FR"",""GR"",""HR"",""HU"",""IE"",""IT"",""LI"",""LT"",""LU"",""LV"",""MT"",""NL"",""NO"",""PL"",""PT"",""RO"",""SE"",""SI"",""SK""]","2024-11-23 00:00:00","The decision was taken pursuant to own-initiative investigations.",SOURCE_VOLUNTARY,,Yes,AUTOMATED_DECISION_FULLY,TikTok,7440371651461569313,"2024-11-23 07:22:12"
4f4ed9b1-1ed5-4a63-bc5c-3ff2d70d8c4b,"[""DECISION_VISIBILITY_CONTENT_REMOVED""]",,,,,,,,,,,DECISION_GROUND_INCOMPATIBLE_CONTENT,,,,"Harassment and Bullying","We welcome the respectful expression of different viewpoints, but not toxicity or trolling. We do not allow language or behavior that harasses, humiliates, threatens, or doxes anyone. This also includes responding to such acts with retaliatory harassment (but excludes non-harassing counterspeech).We proactively enforce our Community Guidelines through a mix of technology and human moderation. We have detected this policy violation using automated measures. We have used automated measures in making this decision.",,STATEMENT_CATEGORY_ILLEGAL_OR_HARMFUL_SPEECH,,,,"[""CONTENT_TYPE_TEXT""]",,,"2024-11-23 00:00:00","[""AT"",""BE"",""BG"",""CY"",""CZ"",""DE"",""DK"",""EE"",""ES"",""FI"",""FR"",""GR"",""HR"",""HU"",""IE"",""IT"",""LI"",""LT"",""LU"",""LV"",""MT"",""NL"",""NO"",""PL"",""PT"",""RO"",""SE"",""SI"",""SK""]","2024-11-23 00:00:00","The decision was taken pursuant to own-initiative investigations.",SOURCE_VOLUNTARY,,Yes,AUTOMATED_DECISION_FULLY,TikTok,7440371651461585697,"2024-11-23 07:22:12"
7be9f2e4-d932-48ad-ad29-f18e8cb5c4fb,"[""DECISION_VISIBILITY_CONTENT_REMOVED""]",,,,,,,,,,,DECISION_GROUND_INCOMPATIBLE_CONTENT,,,,"Harassment and Bullying","We welcome the respectful expression of different viewpoints, but not toxicity or trolling. We do not allow language or behavior that harasses, humiliates, threatens, or doxes anyone. This also includes responding to such acts with retaliatory harassment (but excludes non-harassing counterspeech).We proactively enforce our Community Guidelines through a mix of technology and human moderation. We have detected this policy violation using automated measures. We have used automated measures in making this decision.",,STATEMENT_CATEGORY_ILLEGAL_OR_HARMFUL_SPEECH,,,,"[""CONTENT_TYPE_TEXT""]",,,"2024-11-23 00:00:00","[""AT"",""BE"",""BG"",""CY"",""CZ"",""DE"",""DK"",""EE"",""ES"",""FI"",""FR"",""GR"",""HR"",""HU"",""IE"",""IT"",""LI"",""LT"",""LU"",""LV"",""MT"",""NL"",""NO"",""PL"",""PT"",""RO"",""SE"",""SI"",""SK""]","2024-11-23 00:00:00","The decision was taken pursuant to own-initiative investigations.",SOURCE_VOLUNTARY,,Yes,AUTOMATED_DECISION_FULLY,TikTok,7440371653856467745,"2024-11-23 07:22:12"
0890d3b6-284e-4615-91e7-03549e156c66,"[""DECISION_VISIBILITY_OTHER""]","Video not eligible for recommendation in the For You feed",,,,,,,,,,DECISION_GROUND_INCOMPATIBLE_CONTENT,,,,Misinformation,"In a global community, it is natural for people to have different opinions, but we seek to operate on a shared set of facts and reality. Content is ineligible for the For You feed and harder to find in search if it contains general conspiracy theories or unverified information related to emergencies. Content sent for fact checking may also be temporarily ineligible for the For You feed while it is undergoing review.We proactively enforce our Community Guidelines through a mix of technology and human moderation. We have detected this policy violation using automated measures. We have used automated measures in making this decision.",,STATEMENT_CATEGORY_NEGATIVE_EFFECTS_ON_CIVIC_DISCOURSE_OR_ELECTIONS,,,,"[""CONTENT_TYPE_VIDEO""]",,,"2024-11-23 00:00:00","[""AT"",""BE"",""BG"",""CY"",""CZ"",""DE"",""DK"",""EE"",""ES"",""FI"",""FR"",""GR"",""HR"",""HU"",""IE"",""IT"",""LI"",""LT"",""LU"",""LV"",""MT"",""NL"",""NO"",""PL"",""PT"",""RO"",""SE"",""SI"",""SK""]","2024-11-23 00:00:00","The decision was taken pursuant to own-initiative investigations.",SOURCE_VOLUNTARY,,Yes,AUTOMATED_DECISION_FULLY,TikTok,7440371651461602081,"2024-11-23 07:22:12"
e9e7c12a-8d61-4e85-ad7e-2f3945f76975,"[""DECISION_VISIBILITY_CONTENT_REMOVED""]",,,,,,,,,,,DECISION_GROUND_INCOMPATIBLE_CONTENT,,,,"Harassment and Bullying","We welcome the respectful expression of different viewpoints, but not toxicity or trolling. We do not allow language or behavior that harasses, humiliates, threatens, or doxes anyone. This also includes responding to such acts with retaliatory harassment (but excludes non-harassing counterspeech).We proactively enforce our Community Guidelines through a mix of technology and human moderation. We have detected this policy violation using automated measures. We have used automated measures in making this decision.",,STATEMENT_CATEGORY_ILLEGAL_OR_HARMFUL_SPEECH,,,,"[""CONTENT_TYPE_TEXT""]",,,"2024-11-23 00:00:00","[""AT"",""BE"",""BG"",""CY"",""CZ"",""DE"",""DK"",""EE"",""ES"",""FI"",""FR"",""GR"",""HR"",""HU"",""IE"",""IT"",""LI"",""LT"",""LU"",""LV"",""MT"",""NL"",""NO"",""PL"",""PT"",""RO"",""SE"",""SI"",""SK""]","2024-11-23 00:00:00","The decision was taken pursuant to own-initiative investigations.",SOURCE_VOLUNTARY,,Yes,AUTOMATED_DECISION_FULLY,TikTok,7440371653856484129,"2024-11-23 07:22:12"
de5f1875-ce3d-4949-9ad0-b60fb37cbd0f,"[""DECISION_VISIBILITY_CONTENT_REMOVED""]",,,,,,,,,,,DECISION_GROUND_INCOMPATIBLE_CONTENT,,,,"Harassment and Bullying","We welcome the respectful expression of different viewpoints, but not toxicity or trolling. We do not allow language or behavior that harasses, humiliates, threatens, or doxes anyone. This also includes responding to such acts with retaliatory harassment (but excludes non-harassing counterspeech).We proactively enforce our Community Guidelines through a mix of technology and human moderation. We have detected this policy violation using automated measures. We have used automated measures in making this decision.",,STATEMENT_CATEGORY_ILLEGAL_OR_HARMFUL_SPEECH,,,,"[""CONTENT_TYPE_TEXT""]",,,"2024-11-23 00:00:00","[""AT"",""BE"",""BG"",""CY"",""CZ"",""DE"",""DK"",""EE"",""ES"",""FI"",""FR"",""GR"",""HR"",""HU"",""IE"",""IT"",""LI"",""LT"",""LU"",""LV"",""MT"",""NL"",""NO"",""PL"",""PT"",""RO"",""SE"",""SI"",""SK""]","2024-11-23 00:00:00","The decision was taken pursuant to own-initiative investigations.",SOURCE_VOLUNTARY,,Yes,AUTOMATED_DECISION_FULLY,TikTok,7440371653856500513,"2024-11-23 07:22:12"
dce56e40-9cb5-4090-bcb6-ae3c3617500e,"[""DECISION_VISIBILITY_OTHER""]","Video not eligible for recommendation in the For You feed",,,,,,,,,,DECISION_GROUND_INCOMPATIBLE_CONTENT,,,,"Dangerous Activities and Challenges","Most activities or challenges are appropriate for everyone, but some carry a risk of significant injury. Content is ineligible for the For You feed if it involves activities that are likely to lead to moderate physical harm, or includes professionals who are performing extreme sports and stunts that may endanger others.We proactively enforce our Community Guidelines through a mix of technology and human moderation. We have detected this policy violation using automated measures. We have used automated measures in making this decision.",,STATEMENT_CATEGORY_SCOPE_OF_PLATFORM_SERVICE,,,,"[""CONTENT_TYPE_VIDEO""]",,,"2024-11-23 00:00:00","[""AT"",""BE"",""BG"",""CY"",""CZ"",""DE"",""DK"",""EE"",""ES"",""FI"",""FR"",""GR"",""HR"",""HU"",""IE"",""IT"",""LI"",""LT"",""LU"",""LV"",""MT"",""NL"",""NO"",""PL"",""PT"",""RO"",""SE"",""SI"",""SK""]","2024-11-23 00:00:00","The decision was taken pursuant to own-initiative investigations.",SOURCE_VOLUNTARY,,Yes,AUTOMATED_DECISION_FULLY,TikTok,7440371653856516897,"2024-11-23 07:22:12"
40016db9-0f3a-4bc8-ac7c-98a40c3efc32,"[""DECISION_VISIBILITY_CONTENT_REMOVED""]",,,,,,,,,,,DECISION_GROUND_INCOMPATIBLE_CONTENT,,,,"Hate Speech and Hateful Behaviors","TikTok is enriched by the various backgrounds of our community members. Our differences should be respected, rather than a cause for division. We do not allow any hateful behavior, hate speech, or promotion of hateful ideologies. This includes content that attacks a person or group because of protected attributes.We proactively enforce our Community Guidelines through a mix of technology and human moderation. We have detected this policy violation using automated measures. We have used automated measures in making this decision.",,STATEMENT_CATEGORY_ILLEGAL_OR_HARMFUL_SPEECH,,,,"[""CONTENT_TYPE_TEXT""]",,,"2024-11-23 00:00:00","[""AT"",""BE"",""BG"",""CY"",""CZ"",""DE"",""DK"",""EE"",""ES"",""FI"",""FR"",""GR"",""HR"",""HU"",""IE"",""IT"",""LI"",""LT"",""LU"",""LV"",""MT"",""NL"",""NO"",""PL"",""PT"",""RO"",""SE"",""SI"",""SK""]","2024-11-23 00:00:00","The decision was taken pursuant to own-initiative investigations.",SOURCE_VOLUNTARY,,Yes,AUTOMATED_DECISION_FULLY,TikTok,7440371651461618465,"2024-11-23 07:22:12"
3724b73f-78a6-421d-bb4b-6b7b436d51c1,"[""DECISION_VISIBILITY_CONTENT_REMOVED""]",,,,,,,,,,,DECISION_GROUND_INCOMPATIBLE_CONTENT,,,,"Harassment and Bullying","We welcome the respectful expression of different viewpoints, but not toxicity or trolling. We do not allow language or behavior that harasses, humiliates, threatens, or doxes anyone. This also includes responding to such acts with retaliatory harassment (but excludes non-harassing counterspeech).We proactively enforce our Community Guidelines through a mix of technology and human moderation. We have detected this policy violation using automated measures. We have used automated measures in making this decision.",,STATEMENT_CATEGORY_ILLEGAL_OR_HARMFUL_SPEECH,,,,"[""CONTENT_TYPE_TEXT""]",,,"2024-11-23 00:00:00","[""AT"",""BE"",""BG"",""CY"",""CZ"",""DE"",""DK"",""EE"",""ES"",""FI"",""FR"",""GR"",""HR"",""HU"",""IE"",""IT"",""LI"",""LT"",""LU"",""LV"",""MT"",""NL"",""NO"",""PL"",""PT"",""RO"",""SE"",""SI"",""SK""]","2024-11-23 00:00:00","The decision was taken pursuant to own-initiative investigations.",SOURCE_VOLUNTARY,,Yes,AUTOMATED_DECISION_FULLY,TikTok,7440371651461634849,"2024-11-23 07:22:12"
09c3383e-47f2-48cd-a0e4-4cfed6443f03,"[""DECISION_VISIBILITY_CONTENT_REMOVED""]",,,,,,,,,,,DECISION_GROUND_INCOMPATIBLE_CONTENT,,,,"Harassment and Bullying","We welcome the respectful expression of different viewpoints, but not toxicity or trolling. We do not allow language or behavior that harasses, humiliates, threatens, or doxes anyone. This also includes responding to such acts with retaliatory harassment (but excludes non-harassing counterspeech).We proactively enforce our Community Guidelines through a mix of technology and human moderation. We have detected this policy violation using automated measures. We have used automated measures in making this decision.",,STATEMENT_CATEGORY_ILLEGAL_OR_HARMFUL_SPEECH,,,,"[""CONTENT_TYPE_TEXT""]",,,"2024-11-23 00:00:00","[""AT"",""BE"",""BG"",""CY"",""CZ"",""DE"",""DK"",""EE"",""ES"",""FI"",""FR"",""GR"",""HR"",""HU"",""IE"",""IT"",""LI"",""LT"",""LU"",""LV"",""MT"",""NL"",""NO"",""PL"",""PT"",""RO"",""SE"",""SI"",""SK""]","2024-11-23 00:00:00","The decision was taken pursuant to own-initiative investigations.",SOURCE_VOLUNTARY,,Yes,AUTOMATED_DECISION_FULLY,TikTok,7440371653856533281,"2024-11-23 07:22:12"
86e5800a-d1a9-4257-9e7d-4ec7195c3438,"[""DECISION_VISIBILITY_CONTENT_REMOVED""]",,,,,,,,,,,DECISION_GROUND_INCOMPATIBLE_CONTENT,,,,"Harassment and Bullying","We welcome the respectful expression of different viewpoints, but not toxicity or trolling. We do not allow language or behavior that harasses, humiliates, threatens, or doxes anyone. This also includes responding to such acts with retaliatory harassment (but excludes non-harassing counterspeech).We proactively enforce our Community Guidelines through a mix of technology and human moderation. We have detected this policy violation using automated measures. We have used automated measures in making this decision.",,STATEMENT_CATEGORY_ILLEGAL_OR_HARMFUL_SPEECH,,,,"[""CONTENT_TYPE_TEXT""]",,,"2024-11-23 00:00:00","[""AT"",""BE"",""BG"",""CY"",""CZ"",""DE"",""DK"",""EE"",""ES"",""FI"",""FR"",""GR"",""HR"",""HU"",""IE"",""IT"",""LI"",""LT"",""LU"",""LV"",""MT"",""NL"",""NO"",""PL"",""PT"",""RO"",""SE"",""SI"",""SK""]","2024-11-23 00:00:00","The decision was taken pursuant to own-initiative investigations.",SOURCE_VOLUNTARY,,Yes,AUTOMATED_DECISION_FULLY,TikTok,7440371651461651233,"2024-11-23 07:22:12"
373fd7c0-2ba8-4d87-a89e-80350228e375,"[""DECISION_VISIBILITY_OTHER""]","Video not eligible for recommendation in the For You feed",,,,,,,,,,DECISION_GROUND_INCOMPATIBLE_CONTENT,,,,"Animal Abuse","We want our platform to be a place that respects animals and celebrates how they enrich our lives across different cultures and regions. Content is ineligible for the For You feed and harder to find in search if it involves depictions that may cause discomfort or shock.We proactively enforce our Community Guidelines through a mix of technology and human moderation. We have detected this policy violation using automated measures. We have used automated measures in making this decision.",,STATEMENT_CATEGORY_ANIMAL_WELFARE,,,,"[""CONTENT_TYPE_VIDEO""]",,,"2024-11-23 00:00:00","[""AT"",""BE"",""BG"",""CY"",""CZ"",""DE"",""DK"",""EE"",""ES"",""FI"",""FR"",""GR"",""HR"",""HU"",""IE"",""IT"",""LI"",""LT"",""LU"",""LV"",""MT"",""NL"",""NO"",""PL"",""PT"",""RO"",""SE"",""SI"",""SK""]","2024-11-23 00:00:00","The decision was taken pursuant to own-initiative investigations.",SOURCE_VOLUNTARY,,Yes,AUTOMATED_DECISION_FULLY,TikTok,7440371651461667617,"2024-11-23 07:22:12"
75cb4d97-61da-466a-a460-a3efbc54aacc,"[""DECISION_VISIBILITY_CONTENT_REMOVED""]",,,,,,,,,,,DECISION_GROUND_INCOMPATIBLE_CONTENT,,,,"Harassment and Bullying","We welcome the respectful expression of different viewpoints, but not toxicity or trolling. We do not allow language or behavior that harasses, humiliates, threatens, or doxes anyone. This also includes responding to such acts with retaliatory harassment (but excludes non-harassing counterspeech).We proactively enforce our Community Guidelines through a mix of technology and human moderation. We have detected this policy violation using automated measures. We have used automated measures in making this decision.",,STATEMENT_CATEGORY_ILLEGAL_OR_HARMFUL_SPEECH,,,,"[""CONTENT_TYPE_TEXT""]",,,"2024-11-23 00:00:00","[""AT"",""BE"",""BG"",""CY"",""CZ"",""DE"",""DK"",""EE"",""ES"",""FI"",""FR"",""GR"",""HR"",""HU"",""IE"",""IT"",""LI"",""LT"",""LU"",""LV"",""MT"",""NL"",""NO"",""PL"",""PT"",""RO"",""SE"",""SI"",""SK""]","2024-11-23 00:00:00","The decision was taken pursuant to own-initiative investigations.",SOURCE_VOLUNTARY,,Yes,AUTOMATED_DECISION_FULLY,TikTok,7440371653856549665,"2024-11-23 07:22:12"
794fd825-9043-4c58-9170-c6c8b1eefdc0,"[""DECISION_VISIBILITY_CONTENT_REMOVED""]",,,,,,,,,,,DECISION_GROUND_INCOMPATIBLE_CONTENT,,,,"Youth Exploitation and Abuse","Allowing young people to explore and learn safely during their unique phase of development is our priority. We do not allow youth exploitation and abuse, including child sexual abuse material (CSAM), nudity, grooming, sextortion, solicitation, pedophilia, and physical or psychological abuse of young people. This includes content that is real, fictional, digitally created, and shown in fine art or objects.We proactively enforce our Community Guidelines through a mix of technology and human moderation. We have detected this policy violation using automated measures.",,STATEMENT_CATEGORY_PROTECTION_OF_MINORS,,,,"[""CONTENT_TYPE_TEXT""]",,,"2024-11-22 00:00:00","[""AT"",""BE"",""BG"",""CY"",""CZ"",""DE"",""DK"",""EE"",""ES"",""FI"",""FR"",""GR"",""HR"",""HU"",""IE"",""IT"",""LI"",""LT"",""LU"",""LV"",""MT"",""NL"",""NO"",""PL"",""PT"",""RO"",""SE"",""SI"",""SK""]","2024-11-23 00:00:00","The decision was taken pursuant to own-initiative investigations.",SOURCE_VOLUNTARY,,Yes,AUTOMATED_DECISION_NOT_AUTOMATED,TikTok,7440371653856566049,"2024-11-23 07:22:12"
9b6f5474-2461-4cbe-8602-16957882019c,"[""DECISION_VISIBILITY_OTHER""]","Video not eligible for recommendation in the For You feed",,,,,,,,,,DECISION_GROUND_INCOMPATIBLE_CONTENT,,,,"Sexually Suggestive Content","We are mindful that certain behaviors related to sexual arousal or suggestiveness may be offensive to some people and may put young people at risk of exploitation. Content is ineligible for the For You feed and harder to find in search if it shows sex products or intends to sexually arouse (such as intimate kissing, sexualized posing, and seductive performances or allusions to sexual activity by adults). We proactively enforce our Community Guidelines through a mix of technology and human moderation. We have detected this policy violation using automated measures. We have used automated measures in making this decision.",,STATEMENT_CATEGORY_SCOPE_OF_PLATFORM_SERVICE,,,,"[""CONTENT_TYPE_VIDEO""]",,,"2024-11-23 00:00:00","[""AT"",""BE"",""BG"",""CY"",""CZ"",""DE"",""DK"",""EE"",""ES"",""FI"",""FR"",""GR"",""HR"",""HU"",""IE"",""IT"",""LI"",""LT"",""LU"",""LV"",""MT"",""NL"",""NO"",""PL"",""PT"",""RO"",""SE"",""SI"",""SK""]","2024-11-23 00:00:00","The decision was taken pursuant to own-initiative investigations.",SOURCE_VOLUNTARY,,Yes,AUTOMATED_DECISION_FULLY,TikTok,7440371653856582433,"2024-11-23 07:22:12"
ca1a4bd8-8f0e-4533-8ee0-36c35cc940fc,"[""DECISION_VISIBILITY_CONTENT_REMOVED""]",,,,,,,,,,,DECISION_GROUND_INCOMPATIBLE_CONTENT,,,,"Harassment and Bullying","We welcome the respectful expression of different viewpoints, but not toxicity or trolling. We do not allow language or behavior that harasses, humiliates, threatens, or doxes anyone. This also includes responding to such acts with retaliatory harassment (but excludes non-harassing counterspeech).We proactively enforce our Community Guidelines through a mix of technology and human moderation. We have detected this policy violation using automated measures. We have used automated measures in making this decision.",,STATEMENT_CATEGORY_ILLEGAL_OR_HARMFUL_SPEECH,,,,"[""CONTENT_TYPE_TEXT""]",,,"2024-11-23 00:00:00","[""AT"",""BE"",""BG"",""CY"",""CZ"",""DE"",""DK"",""EE"",""ES"",""FI"",""FR"",""GR"",""HR"",""HU"",""IE"",""IT"",""LI"",""LT"",""LU"",""LV"",""MT"",""NL"",""NO"",""PL"",""PT"",""RO"",""SE"",""SI"",""SK""]","2024-11-23 00:00:00","The decision was taken pursuant to own-initiative investigations.",SOURCE_VOLUNTARY,,Yes,AUTOMATED_DECISION_FULLY,TikTok,7440371658294041377,"2024-11-23 07:22:12"
01107cb6-3e9d-4605-9e34-5a6cc5a2b8ad,"[""DECISION_VISIBILITY_CONTENT_REMOVED""]",,,,,,,,,,,DECISION_GROUND_INCOMPATIBLE_CONTENT,,,,"Harassment and Bullying","We welcome the respectful expression of different viewpoints, but not toxicity or trolling. We do not allow language or behavior that harasses, humiliates, threatens, or doxes anyone. This also includes responding to such acts with retaliatory harassment (but excludes non-harassing counterspeech).We proactively enforce our Community Guidelines through a mix of technology and human moderation. We have detected this policy violation using automated measures. We have used automated measures in making this decision.",,STATEMENT_CATEGORY_ILLEGAL_OR_HARMFUL_SPEECH,,,,"[""CONTENT_TYPE_TEXT""]",,,"2024-11-23 00:00:00","[""AT"",""BE"",""BG"",""CY"",""CZ"",""DE"",""DK"",""EE"",""ES"",""FI"",""FR"",""GR"",""HR"",""HU"",""IE"",""IT"",""LI"",""LT"",""LU"",""LV"",""MT"",""NL"",""NO"",""PL"",""PT"",""RO"",""SE"",""SI"",""SK""]","2024-11-23 00:00:00","The decision was taken pursuant to own-initiative investigations.",SOURCE_VOLUNTARY,,Yes,AUTOMATED_DECISION_FULLY,TikTok,7440371653856598817,"2024-11-23 07:22:12"
02ef7f70-bcd9-460b-9fea-c402fbb8382a,"[""DECISION_VISIBILITY_CONTENT_REMOVED""]",,,,,,,,,,,DECISION_GROUND_INCOMPATIBLE_CONTENT,,,,"Harassment and Bullying","We welcome the respectful expression of different viewpoints, but not toxicity or trolling. We do not allow language or behavior that harasses, humiliates, threatens, or doxes anyone. This also includes responding to such acts with retaliatory harassment (but excludes non-harassing counterspeech).We proactively enforce our Community Guidelines through a mix of technology and human moderation. We have detected this policy violation using automated measures. We have used automated measures in making this decision.",,STATEMENT_CATEGORY_ILLEGAL_OR_HARMFUL_SPEECH,,,,"[""CONTENT_TYPE_TEXT""]",,,"2024-11-23 00:00:00","[""AT"",""BE"",""BG"",""CY"",""CZ"",""DE"",""DK"",""EE"",""ES"",""FI"",""FR"",""GR"",""HR"",""HU"",""IE"",""IT"",""LI"",""LT"",""LU"",""LV"",""MT"",""NL"",""NO"",""PL"",""PT"",""RO"",""SE"",""SI"",""SK""]","2024-11-23 00:00:00","The decision was taken pursuant to own-initiative investigations.",SOURCE_VOLUNTARY,,Yes,AUTOMATED_DECISION_FULLY,TikTok,7440371658294057761,"2024-11-23 07:22:12"
306eae31-6111-4789-acad-7242fc1172e9,"[""DECISION_VISIBILITY_OTHER""]","Video not eligible for recommendation in the For You feed",,,,,,,,,,DECISION_GROUND_INCOMPATIBLE_CONTENT,,,,"Community Guidelines","We maintain content eligibility standards for the For You feed (FYF) that prioritize safety and are informed by the diversity of our community and cultural norms. We make ineligible for the FYF certain content that may not be appropriate for a broad audience related to: (1) Behavioral Health, (2) Sensitive and Mature Themes, (3) Integrity and Authenticity, and (4) Regulated Goods. Content that is ineligible for the FYF can still be discovered in other ways, such as through search tools or by following an account.We proactively enforce our Community Guidelines through a mix of technology and human moderation. We have detected this policy violation using automated measures. We have used automated measures in making this decision.",,STATEMENT_CATEGORY_SCOPE_OF_PLATFORM_SERVICE,,,,"[""CONTENT_TYPE_VIDEO""]",,,"2024-11-23 00:00:00","[""AT"",""BE"",""BG"",""CY"",""CZ"",""DE"",""DK"",""EE"",""ES"",""FI"",""FR"",""GR"",""HR"",""HU"",""IE"",""IT"",""LI"",""LT"",""LU"",""LV"",""MT"",""NL"",""NO"",""PL"",""PT"",""RO"",""SE"",""SI"",""SK""]","2024-11-23 00:00:00","The decision was taken pursuant to own-initiative investigations.",SOURCE_VOLUNTARY,,Yes,AUTOMATED_DECISION_FULLY,TikTok,7440371658294074145,"2024-11-23 07:22:12"
e05937b5-3dcd-4a50-af74-55a561779b2e,"[""DECISION_VISIBILITY_OTHER""]","Video not eligible for recommendation in the For You feed",,,,,,,,,,DECISION_GROUND_INCOMPATIBLE_CONTENT,,,,"Community Guidelines","Your content is against our Community Guidelines. The guidelines include rules and standards for using TikTok that apply to everyone and everything on our platform.",,STATEMENT_CATEGORY_SCOPE_OF_PLATFORM_SERVICE,,,,"[""CONTENT_TYPE_VIDEO""]",,,"2024-11-23 00:00:00","[""AT"",""BE"",""BG"",""CY"",""CZ"",""DE"",""DK"",""EE"",""ES"",""FI"",""FR"",""GR"",""HR"",""HU"",""IE"",""IT"",""LI"",""LT"",""LU"",""LV"",""MT"",""NL"",""NO"",""PL"",""PT"",""RO"",""SE"",""SI"",""SK""]","2024-11-23 00:00:00","The decision was taken pursuant to own-initiative investigations.",SOURCE_VOLUNTARY,,Yes,AUTOMATED_DECISION_FULLY,TikTok,7440371653856615201,"2024-11-23 07:22:12"
5ec593db-d095-40b2-bf70-49486a0effec,"[""DECISION_VISIBILITY_OTHER""]","Video not eligible for recommendation in the For You feed",,,,,,,,,,DECISION_GROUND_INCOMPATIBLE_CONTENT,,,,"Community Guidelines","We maintain content eligibility standards for the For You feed (FYF) that prioritize safety and are informed by the diversity of our community and cultural norms. We make ineligible for the FYF certain content that may not be appropriate for a broad audience related to: (1) Behavioral Health, (2) Sensitive and Mature Themes, (3) Integrity and Authenticity, and (4) Regulated Goods. Content that is ineligible for the FYF can still be discovered in other ways, such as through search tools or by following an account.We proactively enforce our Community Guidelines through a mix of technology and human moderation. We have detected this policy violation using automated measures. We have used automated measures in making this decision.",,STATEMENT_CATEGORY_SCOPE_OF_PLATFORM_SERVICE,,,,"[""CONTENT_TYPE_VIDEO""]",,,"2024-11-23 00:00:00","[""AT"",""BE"",""BG"",""CY"",""CZ"",""DE"",""DK"",""EE"",""ES"",""FI"",""FR"",""GR"",""HR"",""HU"",""IE"",""IT"",""LI"",""LT"",""LU"",""LV"",""MT"",""NL"",""NO"",""PL"",""PT"",""RO"",""SE"",""SI"",""SK""]","2024-11-23 00:00:00","The decision was taken pursuant to own-initiative investigations.",SOURCE_VOLUNTARY,,Yes,AUTOMATED_DECISION_FULLY,TikTok,7440371660189866785,"2024-11-23 07:22:12"
e53d564d-83dd-4fef-a0a1-553d7e9d0f16,"[""DECISION_VISIBILITY_CONTENT_REMOVED""]",,,,,,,,,,,DECISION_GROUND_INCOMPATIBLE_CONTENT,,,,"Harassment and Bullying","We welcome the respectful expression of different viewpoints, but not toxicity or trolling. We do not allow language or behavior that harasses, humiliates, threatens, or doxes anyone. This also includes responding to such acts with retaliatory harassment (but excludes non-harassing counterspeech).We proactively enforce our Community Guidelines through a mix of technology and human moderation. We have detected this policy violation using automated measures. We have used automated measures in making this decision.",,STATEMENT_CATEGORY_ILLEGAL_OR_HARMFUL_SPEECH,,,,"[""CONTENT_TYPE_TEXT""]",,,"2024-11-23 00:00:00","[""AT"",""BE"",""BG"",""CY"",""CZ"",""DE"",""DK"",""EE"",""ES"",""FI"",""FR"",""GR"",""HR"",""HU"",""IE"",""IT"",""LI"",""LT"",""LU"",""LV"",""MT"",""NL"",""NO"",""PL"",""PT"",""RO"",""SE"",""SI"",""SK""]","2024-11-23 00:00:00","The decision was taken pursuant to own-initiative investigations.",SOURCE_VOLUNTARY,,Yes,AUTOMATED_DECISION_FULLY,TikTok,7440371658294090529,"2024-11-23 07:22:12"
9eda1751-57e5-48cd-8ae8-287f75fd62b3,"[""DECISION_VISIBILITY_CONTENT_REMOVED""]",,,,,,,,,,,DECISION_GROUND_INCOMPATIBLE_CONTENT,,,,"Harassment and Bullying","We welcome the respectful expression of different viewpoints, but not toxicity or trolling. We do not allow language or behavior that harasses, humiliates, threatens, or doxes anyone. This also includes responding to such acts with retaliatory harassment (but excludes non-harassing counterspeech).We proactively enforce our Community Guidelines through a mix of technology and human moderation. We have detected this policy violation using automated measures. We have used automated measures in making this decision.",,STATEMENT_CATEGORY_ILLEGAL_OR_HARMFUL_SPEECH,,,,"[""CONTENT_TYPE_TEXT""]",,,"2024-11-23 00:00:00","[""AT"",""BE"",""BG"",""CY"",""CZ"",""DE"",""DK"",""EE"",""ES"",""FI"",""FR"",""GR"",""HR"",""HU"",""IE"",""IT"",""LI"",""LT"",""LU"",""LV"",""MT"",""NL"",""NO"",""PL"",""PT"",""RO"",""SE"",""SI"",""SK""]","2024-11-23 00:00:00","The decision was taken pursuant to own-initiative investigations.",SOURCE_VOLUNTARY,,Yes,AUTOMATED_DECISION_FULLY,TikTok,7440371658294106913,"2024-11-23 07:22:12"
0eb69ed6-d78a-4407-bd42-e94aba9a7622,"[""DECISION_VISIBILITY_CONTENT_REMOVED""]",,,,,,,,,,,DECISION_GROUND_INCOMPATIBLE_CONTENT,,,,"Harassment and Bullying","We welcome the respectful expression of different viewpoints, but not toxicity or trolling. We do not allow language or behavior that harasses, humiliates, threatens, or doxes anyone. This also includes responding to such acts with retaliatory harassment (but excludes non-harassing counterspeech).We proactively enforce our Community Guidelines through a mix of technology and human moderation. We have detected this policy violation using automated measures. We have used automated measures in making this decision.",,STATEMENT_CATEGORY_ILLEGAL_OR_HARMFUL_SPEECH,,,,"[""CONTENT_TYPE_TEXT""]",,,"2024-11-23 00:00:00","[""AT"",""BE"",""BG"",""CY"",""CZ"",""DE"",""DK"",""EE"",""ES"",""FI"",""FR"",""GR"",""HR"",""HU"",""IE"",""IT"",""LI"",""LT"",""LU"",""LV"",""MT"",""NL"",""NO"",""PL"",""PT"",""RO"",""SE"",""SI"",""SK""]","2024-11-23 00:00:00","The decision was taken pursuant to own-initiative investigations.",SOURCE_VOLUNTARY,,Yes,AUTOMATED_DECISION_FULLY,TikTok,7440371660189883169,"2024-11-23 07:22:12"
795bf584-7790-453d-b872-5beaeb4eb6f1,"[""DECISION_VISIBILITY_CONTENT_REMOVED""]",,,,,,,,,,,DECISION_GROUND_INCOMPATIBLE_CONTENT,,,,"Harassment and Bullying","We welcome the respectful expression of different viewpoints, but not toxicity or trolling. We do not allow language or behavior that harasses, humiliates, threatens, or doxes anyone. This also includes responding to such acts with retaliatory harassment (but excludes non-harassing counterspeech).We proactively enforce our Community Guidelines through a mix of technology and human moderation. We have detected this policy violation using automated measures. We have used automated measures in making this decision.",,STATEMENT_CATEGORY_ILLEGAL_OR_HARMFUL_SPEECH,,,,"[""CONTENT_TYPE_TEXT""]",,,"2024-11-23 00:00:00","[""AT"",""BE"",""BG"",""CY"",""CZ"",""DE"",""DK"",""EE"",""ES"",""FI"",""FR"",""GR"",""HR"",""HU"",""IE"",""IT"",""LI"",""LT"",""LU"",""LV"",""MT"",""NL"",""NO"",""PL"",""PT"",""RO"",""SE"",""SI"",""SK""]","2024-11-23 00:00:00","The decision was taken pursuant to own-initiative investigations.",SOURCE_VOLUNTARY,,Yes,AUTOMATED_DECISION_FULLY,TikTok,7440371660189899553,"2024-11-23 07:22:12"
97f45b26-0d4d-4846-a21c-550eeb04ace8,"[""DECISION_VISIBILITY_CONTENT_REMOVED""]",,,,,,,,,,,DECISION_GROUND_INCOMPATIBLE_CONTENT,,,,"Harassment and Bullying","We welcome the respectful expression of different viewpoints, but not toxicity or trolling. We do not allow language or behavior that harasses, humiliates, threatens, or doxes anyone. This also includes responding to such acts with retaliatory harassment (but excludes non-harassing counterspeech).We proactively enforce our Community Guidelines through a mix of technology and human moderation. We have detected this policy violation using automated measures. We have used automated measures in making this decision.",,STATEMENT_CATEGORY_ILLEGAL_OR_HARMFUL_SPEECH,,,,"[""CONTENT_TYPE_TEXT""]",,,"2024-11-23 00:00:00","[""AT"",""BE"",""BG"",""CY"",""CZ"",""DE"",""DK"",""EE"",""ES"",""FI"",""FR"",""GR"",""HR"",""HU"",""IE"",""IT"",""LI"",""LT"",""LU"",""LV"",""MT"",""NL"",""NO"",""PL"",""PT"",""RO"",""SE"",""SI"",""SK""]","2024-11-23 00:00:00","The decision was taken pursuant to own-initiative investigations.",SOURCE_VOLUNTARY,,Yes,AUTOMATED_DECISION_FULLY,TikTok,7440371658294123297,"2024-11-23 07:22:12"
d9344222-4bfe-4d5e-b32e-ff0367d41e15,"[""DECISION_VISIBILITY_CONTENT_REMOVED""]",,,,,,,,,,,DECISION_GROUND_INCOMPATIBLE_CONTENT,,,,"Harassment and Bullying","We welcome the respectful expression of different viewpoints, but not toxicity or trolling. We do not allow language or behavior that harasses, humiliates, threatens, or doxes anyone. This also includes responding to such acts with retaliatory harassment (but excludes non-harassing counterspeech).We proactively enforce our Community Guidelines through a mix of technology and human moderation. We have detected this policy violation using automated measures. We have used automated measures in making this decision.",,STATEMENT_CATEGORY_ILLEGAL_OR_HARMFUL_SPEECH,,,,"[""CONTENT_TYPE_TEXT""]",,,"2024-11-23 00:00:00","[""AT"",""BE"",""BG"",""CY"",""CZ"",""DE"",""DK"",""EE"",""ES"",""FI"",""FR"",""GR"",""HR"",""HU"",""IE"",""IT"",""LI"",""LT"",""LU"",""LV"",""MT"",""NL"",""NO"",""PL"",""PT"",""RO"",""SE"",""SI"",""SK""]","2024-11-23 00:00:00","The decision was taken pursuant to own-initiative investigations.",SOURCE_VOLUNTARY,,Yes,AUTOMATED_DECISION_FULLY,TikTok,7440371658294139681,"2024-11-23 07:22:12"
aed9d15b-7d56-4090-87dd-d28ac862e1f1,"[""DECISION_VISIBILITY_CONTENT_REMOVED""]",,,,,,,,,,,DECISION_GROUND_INCOMPATIBLE_CONTENT,,,,"Harassment and Bullying","We welcome the respectful expression of different viewpoints, but not toxicity or trolling. We do not allow language or behavior that harasses, humiliates, threatens, or doxes anyone. This also includes responding to such acts with retaliatory harassment (but excludes non-harassing counterspeech).We proactively enforce our Community Guidelines through a mix of technology and human moderation. We have detected this policy violation using automated measures. We have used automated measures in making this decision.",,STATEMENT_CATEGORY_ILLEGAL_OR_HARMFUL_SPEECH,,,,"[""CONTENT_TYPE_TEXT""]",,,"2024-11-23 00:00:00","[""AT"",""BE"",""BG"",""CY"",""CZ"",""DE"",""DK"",""EE"",""ES"",""FI"",""FR"",""GR"",""HR"",""HU"",""IE"",""IT"",""LI"",""LT"",""LU"",""LV"",""MT"",""NL"",""NO"",""PL"",""PT"",""RO"",""SE"",""SI"",""SK""]","2024-11-23 00:00:00","The decision was taken pursuant to own-initiative investigations.",SOURCE_VOLUNTARY,,Yes,AUTOMATED_DECISION_FULLY,TikTok,7440371658294156065,"2024-11-23 07:22:12"
17009519-9cf8-492c-b8d4-229ca90c758d,"[""DECISION_VISIBILITY_CONTENT_REMOVED""]",,,,,,,,,,,DECISION_GROUND_INCOMPATIBLE_CONTENT,,,,"Harassment and Bullying","We welcome the respectful expression of different viewpoints, but not toxicity or trolling. We do not allow language or behavior that harasses, humiliates, threatens, or doxes anyone. This also includes responding to such acts with retaliatory harassment (but excludes non-harassing counterspeech).We proactively enforce our Community Guidelines through a mix of technology and human moderation. We have detected this policy violation using automated measures. We have used automated measures in making this decision.",,STATEMENT_CATEGORY_ILLEGAL_OR_HARMFUL_SPEECH,,,,"[""CONTENT_TYPE_TEXT""]",,,"2024-11-23 00:00:00","[""AT"",""BE"",""BG"",""CY"",""CZ"",""DE"",""DK"",""EE"",""ES"",""FI"",""FR"",""GR"",""HR"",""HU"",""IE"",""IT"",""LI"",""LT"",""LU"",""LV"",""MT"",""NL"",""NO"",""PL"",""PT"",""RO"",""SE"",""SI"",""SK""]","2024-11-23 00:00:00","The decision was taken pursuant to own-initiative investigations.",SOURCE_VOLUNTARY,,Yes,AUTOMATED_DECISION_FULLY,TikTok,7440371660189915937,"2024-11-23 07:22:12"
7734b17c-ec01-47fe-a625-97f873d9386e,"[""DECISION_VISIBILITY_CONTENT_REMOVED""]",,,,,,,,,,,DECISION_GROUND_INCOMPATIBLE_CONTENT,,,,"Harassment and Bullying","We welcome the respectful expression of different viewpoints, but not toxicity or trolling. We do not allow language or behavior that harasses, humiliates, threatens, or doxes anyone. This also includes responding to such acts with retaliatory harassment (but excludes non-harassing counterspeech).We proactively enforce our Community Guidelines through a mix of technology and human moderation. We have detected this policy violation using automated measures. We have used automated measures in making this decision.",,STATEMENT_CATEGORY_ILLEGAL_OR_HARMFUL_SPEECH,,,,"[""CONTENT_TYPE_TEXT""]",,,"2024-11-23 00:00:00","[""AT"",""BE"",""BG"",""CY"",""CZ"",""DE"",""DK"",""EE"",""ES"",""FI"",""FR"",""GR"",""HR"",""HU"",""IE"",""IT"",""LI"",""LT"",""LU"",""LV"",""MT"",""NL"",""NO"",""PL"",""PT"",""RO"",""SE"",""SI"",""SK""]","2024-11-23 00:00:00","The decision was taken pursuant to own-initiative investigations.",SOURCE_VOLUNTARY,,Yes,AUTOMATED_DECISION_FULLY,TikTok,7440371660189932321,"2024-11-23 07:22:12"
b02ac929-e7fd-4bcd-8db2-068e1eb4dbfe,"[""DECISION_VISIBILITY_CONTENT_REMOVED""]",,,,,,,,,,,DECISION_GROUND_INCOMPATIBLE_CONTENT,,,,"Harassment and Bullying","We welcome the respectful expression of different viewpoints, but not toxicity or trolling. We do not allow language or behavior that harasses, humiliates, threatens, or doxes anyone. This also includes responding to such acts with retaliatory harassment (but excludes non-harassing counterspeech).We proactively enforce our Community Guidelines through a mix of technology and human moderation. We have detected this policy violation using automated measures. We have used automated measures in making this decision.",,STATEMENT_CATEGORY_ILLEGAL_OR_HARMFUL_SPEECH,,,,"[""CONTENT_TYPE_TEXT""]",,,"2024-11-23 00:00:00","[""AT"",""BE"",""BG"",""CY"",""CZ"",""DE"",""DK"",""EE"",""ES"",""FI"",""FR"",""GR"",""HR"",""HU"",""IE"",""IT"",""LI"",""LT"",""LU"",""LV"",""MT"",""NL"",""NO"",""PL"",""PT"",""RO"",""SE"",""SI"",""SK""]","2024-11-23 00:00:00","The decision was taken pursuant to own-initiative investigations.",SOURCE_VOLUNTARY,,Yes,AUTOMATED_DECISION_FULLY,TikTok,7440371660189948705,"2024-11-23 07:22:12"
73c2d341-8c7e-4b98-aa3f-b2e4bce65bf1,"[""DECISION_VISIBILITY_CONTENT_REMOVED""]",,,,,,,,,,,DECISION_GROUND_INCOMPATIBLE_CONTENT,,,,"Harassment and Bullying","We welcome the respectful expression of different viewpoints, but not toxicity or trolling. We do not allow language or behavior that harasses, humiliates, threatens, or doxes anyone. This also includes responding to such acts with retaliatory harassment (but excludes non-harassing counterspeech).We proactively enforce our Community Guidelines through a mix of technology and human moderation. We have detected this policy violation using automated measures. We have used automated measures in making this decision.",,STATEMENT_CATEGORY_ILLEGAL_OR_HARMFUL_SPEECH,,,,"[""CONTENT_TYPE_TEXT""]",,,"2024-11-23 00:00:00","[""AT"",""BE"",""BG"",""CY"",""CZ"",""DE"",""DK"",""EE"",""ES"",""FI"",""FR"",""GR"",""HR"",""HU"",""IE"",""IT"",""LI"",""LT"",""LU"",""LV"",""MT"",""NL"",""NO"",""PL"",""PT"",""RO"",""SE"",""SI"",""SK""]","2024-11-23 00:00:00","The decision was taken pursuant to own-initiative investigations.",SOURCE_VOLUNTARY,,Yes,AUTOMATED_DECISION_FULLY,TikTok,7440371658294172449,"2024-11-23 07:22:12"
04e2d650-3860-42f5-8f79-acfb01f5879d,"[""DECISION_VISIBILITY_CONTENT_REMOVED""]",,,,,,,,,,,DECISION_GROUND_INCOMPATIBLE_CONTENT,,,,"Harassment and Bullying","We welcome the respectful expression of different viewpoints, but not toxicity or trolling. We do not allow language or behavior that harasses, humiliates, threatens, or doxes anyone. This also includes responding to such acts with retaliatory harassment (but excludes non-harassing counterspeech).We proactively enforce our Community Guidelines through a mix of technology and human moderation. We have detected this policy violation using automated measures. We have used automated measures in making this decision.",,STATEMENT_CATEGORY_ILLEGAL_OR_HARMFUL_SPEECH,,,,"[""CONTENT_TYPE_TEXT""]",,,"2024-11-23 00:00:00","[""AT"",""BE"",""BG"",""CY"",""CZ"",""DE"",""DK"",""EE"",""ES"",""FI"",""FR"",""GR"",""HR"",""HU"",""IE"",""IT"",""LI"",""LT"",""LU"",""LV"",""MT"",""NL"",""NO"",""PL"",""PT"",""RO"",""SE"",""SI"",""SK""]","2024-11-23 00:00:00","The decision was taken pursuant to own-initiative investigations.",SOURCE_VOLUNTARY,,Yes,AUTOMATED_DECISION_FULLY,TikTok,7440371658294188833,"2024-11-23 07:22:12"
6ccabc03-d0ea-4a5e-ae9e-7e100d786af5,"[""DECISION_VISIBILITY_CONTENT_REMOVED""]",,,,,,,,,,,DECISION_GROUND_INCOMPATIBLE_CONTENT,,,,"Hate Speech and Hateful Behaviors","TikTok is enriched by the various backgrounds of our community members. Our differences should be respected, rather than a cause for division. We do not allow any hateful behavior, hate speech, or promotion of hateful ideologies. This includes content that attacks a person or group because of protected attributes.We proactively enforce our Community Guidelines through a mix of technology and human moderation. We have detected this policy violation using automated measures. We have used automated measures in making this decision.",,STATEMENT_CATEGORY_ILLEGAL_OR_HARMFUL_SPEECH,,,,"[""CONTENT_TYPE_TEXT""]",,,"2024-11-23 00:00:00","[""AT"",""BE"",""BG"",""CY"",""CZ"",""DE"",""DK"",""EE"",""ES"",""FI"",""FR"",""GR"",""HR"",""HU"",""IE"",""IT"",""LI"",""LT"",""LU"",""LV"",""MT"",""NL"",""NO"",""PL"",""PT"",""RO"",""SE"",""SI"",""SK""]","2024-11-23 00:00:00","The decision was taken pursuant to own-initiative investigations.",SOURCE_VOLUNTARY,,Yes,AUTOMATED_DECISION_FULLY,TikTok,7440371663167822624,"2024-11-23 07:22:12"
a3fdff82-c160-42e4-8317-5bb2daa71262,"[""DECISION_VISIBILITY_CONTENT_REMOVED""]",,,,,,,,,,,DECISION_GROUND_INCOMPATIBLE_CONTENT,,,,"Sexual Exploitation and Gender-Based Violence","We are committed to providing a space that embraces gender equity, supports healthy relationships, and respects intimate privacy. We do not allow sexual exploitation or gender-based violence, including non-consensual sexual acts, image-based sexual abuse, sextortion, physical abuse, and sexual harassment.We proactively enforce our Community Guidelines through a mix of technology and human moderation. We have detected this policy violation using automated measures. We have used automated measures in making this decision.",,STATEMENT_CATEGORY_VIOLENCE,,,,"[""CONTENT_TYPE_TEXT""]",,,"2024-11-23 00:00:00","[""AT"",""BE"",""BG"",""CY"",""CZ"",""DE"",""DK"",""EE"",""ES"",""FI"",""FR"",""GR"",""HR"",""HU"",""IE"",""IT"",""LI"",""LT"",""LU"",""LV"",""MT"",""NL"",""NO"",""PL"",""PT"",""RO"",""SE"",""SI"",""SK""]","2024-11-23 00:00:00","The decision was taken pursuant to own-initiative investigations.",SOURCE_VOLUNTARY,,Yes,AUTOMATED_DECISION_FULLY,TikTok,7440371660189965089,"2024-11-23 07:22:12"
7d5499cd-53e8-471c-bff1-a724fb270402,"[""DECISION_VISIBILITY_CONTENT_REMOVED""]",,,,,,,,,,,DECISION_GROUND_INCOMPATIBLE_CONTENT,,,,"Hate Speech and Hateful Behaviors","TikTok is enriched by the various backgrounds of our community members. Our differences should be respected, rather than a cause for division. We do not allow any hateful behavior, hate speech, or promotion of hateful ideologies. This includes content that attacks a person or group because of protected attributes.We proactively enforce our Community Guidelines through a mix of technology and human moderation. We have detected this policy violation using automated measures. We have used automated measures in making this decision.",,STATEMENT_CATEGORY_ILLEGAL_OR_HARMFUL_SPEECH,,,,"[""CONTENT_TYPE_TEXT""]",,,"2024-11-23 00:00:00","[""AT"",""BE"",""BG"",""CY"",""CZ"",""DE"",""DK"",""EE"",""ES"",""FI"",""FR"",""GR"",""HR"",""HU"",""IE"",""IT"",""LI"",""LT"",""LU"",""LV"",""MT"",""NL"",""NO"",""PL"",""PT"",""RO"",""SE"",""SI"",""SK""]","2024-11-23 00:00:00","The decision was taken pursuant to own-initiative investigations.",SOURCE_VOLUNTARY,,Yes,AUTOMATED_DECISION_FULLY,TikTok,7440371660189981473,"2024-11-23 07:22:12"
bf8ffa7a-5b75-49d8-86f2-a8f1ea678c40,"[""DECISION_VISIBILITY_OTHER""]","Video not eligible for recommendation in the For You feed",,,,,,,,,,DECISION_GROUND_INCOMPATIBLE_CONTENT,,,,"Community Guidelines","We maintain content eligibility standards for the For You feed (FYF) that prioritize safety and are informed by the diversity of our community and cultural norms. We make ineligible for the FYF certain content that may not be appropriate for a broad audience related to: (1) Behavioral Health, (2) Sensitive and Mature Themes, (3) Integrity and Authenticity, and (4) Regulated Goods. Content that is ineligible for the FYF can still be discovered in other ways, such as through search tools or by following an account.We proactively enforce our Community Guidelines through a mix of technology and human moderation. We have detected this policy violation using automated measures. We have used automated measures in making this decision.",,STATEMENT_CATEGORY_SCOPE_OF_PLATFORM_SERVICE,,,,"[""CONTENT_TYPE_VIDEO""]",,,"2024-11-23 00:00:00","[""AT"",""BE"",""BG"",""CY"",""CZ"",""DE"",""DK"",""EE"",""ES"",""FI"",""FR"",""GR"",""HR"",""HU"",""IE"",""IT"",""LI"",""LT"",""LU"",""LV"",""MT"",""NL"",""NO"",""PL"",""PT"",""RO"",""SE"",""SI"",""SK""]","2024-11-23 00:00:00","The decision was taken pursuant to own-initiative investigations.",SOURCE_VOLUNTARY,,Yes,AUTOMATED_DECISION_FULLY,TikTok,7440371660189997857,"2024-11-23 07:22:12"
634f80e9-e80b-4f92-b9de-2dcfb93b9352,"[""DECISION_VISIBILITY_CONTENT_REMOVED""]",,,,,,,,,,,DECISION_GROUND_INCOMPATIBLE_CONTENT,,,,"Hate Speech and Hateful Behaviors","TikTok is enriched by the various backgrounds of our community members. Our differences should be respected, rather than a cause for division. We do not allow any hateful behavior, hate speech, or promotion of hateful ideologies. This includes content that attacks a person or group because of protected attributes.We proactively enforce our Community Guidelines through a mix of technology and human moderation. We have detected this policy violation using automated measures. We have used automated measures in making this decision.",,STATEMENT_CATEGORY_ILLEGAL_OR_HARMFUL_SPEECH,,,,"[""CONTENT_TYPE_TEXT""]",,,"2024-11-23 00:00:00","[""AT"",""BE"",""BG"",""CY"",""CZ"",""DE"",""DK"",""EE"",""ES"",""FI"",""FR"",""GR"",""HR"",""HU"",""IE"",""IT"",""LI"",""LT"",""LU"",""LV"",""MT"",""NL"",""NO"",""PL"",""PT"",""RO"",""SE"",""SI"",""SK""]","2024-11-23 00:00:00","The decision was taken pursuant to own-initiative investigations.",SOURCE_VOLUNTARY,,Yes,AUTOMATED_DECISION_FULLY,TikTok,7440371663167839008,"2024-11-23 07:22:12"
99836eb2-3e31-4eee-b79d-b788c36b0ab6,"[""DECISION_VISIBILITY_CONTENT_REMOVED""]",,,,,,,,,,,DECISION_GROUND_INCOMPATIBLE_CONTENT,,,,"Harassment and Bullying","We welcome the respectful expression of different viewpoints, but not toxicity or trolling. We do not allow language or behavior that harasses, humiliates, threatens, or doxes anyone. This also includes responding to such acts with retaliatory harassment (but excludes non-harassing counterspeech).We proactively enforce our Community Guidelines through a mix of technology and human moderation. We have detected this policy violation using automated measures. We have used automated measures in making this decision.",,STATEMENT_CATEGORY_ILLEGAL_OR_HARMFUL_SPEECH,,,,"[""CONTENT_TYPE_TEXT""]",,,"2024-11-23 00:00:00","[""AT"",""BE"",""BG"",""CY"",""CZ"",""DE"",""DK"",""EE"",""ES"",""FI"",""FR"",""GR"",""HR"",""HU"",""IE"",""IT"",""LI"",""LT"",""LU"",""LV"",""MT"",""NL"",""NO"",""PL"",""PT"",""RO"",""SE"",""SI"",""SK""]","2024-11-23 00:00:00","The decision was taken pursuant to own-initiative investigations.",SOURCE_VOLUNTARY,,Yes,AUTOMATED_DECISION_FULLY,TikTok,7440371660190014241,"2024-11-23 07:22:12"
5c1e1211-6d84-4a05-943f-18fa9accd474,"[""DECISION_VISIBILITY_CONTENT_REMOVED""]",,,,,,,,,,,DECISION_GROUND_INCOMPATIBLE_CONTENT,,,,"Harassment and Bullying","We welcome the respectful expression of different viewpoints, but not toxicity or trolling. We do not allow language or behavior that harasses, humiliates, threatens, or doxes anyone. This also includes responding to such acts with retaliatory harassment (but excludes non-harassing counterspeech).We proactively enforce our Community Guidelines through a mix of technology and human moderation. We have detected this policy violation using automated measures. We have used automated measures in making this decision.",,STATEMENT_CATEGORY_ILLEGAL_OR_HARMFUL_SPEECH,,,,"[""CONTENT_TYPE_TEXT""]",,,"2024-11-23 00:00:00","[""AT"",""BE"",""BG"",""CY"",""CZ"",""DE"",""DK"",""EE"",""ES"",""FI"",""FR"",""GR"",""HR"",""HU"",""IE"",""IT"",""LI"",""LT"",""LU"",""LV"",""MT"",""NL"",""NO"",""PL"",""PT"",""RO"",""SE"",""SI"",""SK""]","2024-11-23 00:00:00","The decision was taken pursuant to own-initiative investigations.",SOURCE_VOLUNTARY,,Yes,AUTOMATED_DECISION_FULLY,TikTok,7440371663167855392,"2024-11-23 07:22:12"
6db09d91-3a12-49e0-8c2c-e1870278f225,"[""DECISION_VISIBILITY_OTHER""]","Video not eligible for recommendation in the For You feed",,,,,,,,,,DECISION_GROUND_INCOMPATIBLE_CONTENT,,,,"Alcohol, Tobacco, and Drugs","While adults make personal choices about how they engage with alcohol, drugs, and tobacco, we recognize that there are risks connected to trading and using these substances. Content is ineligible for the For You feed and harder to find in search if it shows adults consuming excessive amounts of alcohol or tobacco products.We proactively enforce our Community Guidelines through a mix of technology and human moderation. We have detected this policy violation using automated measures. We have used automated measures in making this decision.",,STATEMENT_CATEGORY_SCOPE_OF_PLATFORM_SERVICE,,,,"[""CONTENT_TYPE_VIDEO""]",,,"2024-11-23 00:00:00","[""AT"",""BE"",""BG"",""CY"",""CZ"",""DE"",""DK"",""EE"",""ES"",""FI"",""FR"",""GR"",""HR"",""HU"",""IE"",""IT"",""LI"",""LT"",""LU"",""LV"",""MT"",""NL"",""NO"",""PL"",""PT"",""RO"",""SE"",""SI"",""SK""]","2024-11-23 00:00:00","The decision was taken pursuant to own-initiative investigations.",SOURCE_VOLUNTARY,,Yes,AUTOMATED_DECISION_FULLY,TikTok,7440371663167871776,"2024-11-23 07:22:12"
4a73611d-fb51-44f4-b9e0-583df3a916fd,"[""DECISION_VISIBILITY_CONTENT_REMOVED""]",,,,,,,,,,,DECISION_GROUND_INCOMPATIBLE_CONTENT,,,,"Harassment and Bullying","We welcome the respectful expression of different viewpoints, but not toxicity or trolling. We do not allow language or behavior that harasses, humiliates, threatens, or doxes anyone. This also includes responding to such acts with retaliatory harassment (but excludes non-harassing counterspeech).We proactively enforce our Community Guidelines through a mix of technology and human moderation. We have detected this policy violation using automated measures. We have used automated measures in making this decision.",,STATEMENT_CATEGORY_ILLEGAL_OR_HARMFUL_SPEECH,,,,"[""CONTENT_TYPE_TEXT""]",,,"2024-11-23 00:00:00","[""AT"",""BE"",""BG"",""CY"",""CZ"",""DE"",""DK"",""EE"",""ES"",""FI"",""FR"",""GR"",""HR"",""HU"",""IE"",""IT"",""LI"",""LT"",""LU"",""LV"",""MT"",""NL"",""NO"",""PL"",""PT"",""RO"",""SE"",""SI"",""SK""]","2024-11-23 00:00:00","The decision was taken pursuant to own-initiative investigations.",SOURCE_VOLUNTARY,,Yes,AUTOMATED_DECISION_FULLY,TikTok,7440371664283507488,"2024-11-23 07:22:12"
2452d153-d8ee-412d-8f1d-5c3d9c8872c8,"[""DECISION_VISIBILITY_CONTENT_REMOVED""]",,,,,,,,,,,DECISION_GROUND_INCOMPATIBLE_CONTENT,,,,"Harassment and Bullying","We welcome the respectful expression of different viewpoints, but not toxicity or trolling. We do not allow language or behavior that harasses, humiliates, threatens, or doxes anyone. This also includes responding to such acts with retaliatory harassment (but excludes non-harassing counterspeech).We proactively enforce our Community Guidelines through a mix of technology and human moderation. We have detected this policy violation using automated measures. We have used automated measures in making this decision.",,STATEMENT_CATEGORY_ILLEGAL_OR_HARMFUL_SPEECH,,,,"[""CONTENT_TYPE_TEXT""]",,,"2024-11-23 00:00:00","[""AT"",""BE"",""BG"",""CY"",""CZ"",""DE"",""DK"",""EE"",""ES"",""FI"",""FR"",""GR"",""HR"",""HU"",""IE"",""IT"",""LI"",""LT"",""LU"",""LV"",""MT"",""NL"",""NO"",""PL"",""PT"",""RO"",""SE"",""SI"",""SK""]","2024-11-23 00:00:00","The decision was taken pursuant to own-initiative investigations.",SOURCE_VOLUNTARY,,Yes,AUTOMATED_DECISION_FULLY,TikTok,7440371663167888160,"2024-11-23 07:22:12"
e54d05ae-4be0-4f34-923c-567cc160c138,"[""DECISION_VISIBILITY_OTHER""]","Video not eligible for recommendation in the For You feed",,,,,,,,,,DECISION_GROUND_INCOMPATIBLE_CONTENT,,,,"Dangerous Activities and Challenges","Most activities or challenges are appropriate for everyone, but some carry a risk of significant injury. Content is ineligible for the For You feed if it involves activities that are likely to lead to moderate physical harm, or includes professionals who are performing extreme sports and stunts that may endanger others.We proactively enforce our Community Guidelines through a mix of technology and human moderation. We have detected this policy violation using automated measures. We have used automated measures in making this decision.",,STATEMENT_CATEGORY_SCOPE_OF_PLATFORM_SERVICE,,,,"[""CONTENT_TYPE_VIDEO""]",,,"2024-11-23 00:00:00","[""AT"",""BE"",""BG"",""CY"",""CZ"",""DE"",""DK"",""EE"",""ES"",""FI"",""FR"",""GR"",""HR"",""HU"",""IE"",""IT"",""LI"",""LT"",""LU"",""LV"",""MT"",""NL"",""NO"",""PL"",""PT"",""RO"",""SE"",""SI"",""SK""]","2024-11-23 00:00:00","The decision was taken pursuant to own-initiative investigations.",SOURCE_VOLUNTARY,,Yes,AUTOMATED_DECISION_FULLY,TikTok,7440371664283523872,"2024-11-23 07:22:12"
c4bcc96b-a9a8-4d2b-b125-e0b3fa716045,"[""DECISION_VISIBILITY_OTHER""]","Video not eligible for recommendation in the For You feed",,,,,,,,,,DECISION_GROUND_INCOMPATIBLE_CONTENT,,,,"Community Guidelines","Your content is against our Community Guidelines. The guidelines include rules and standards for using TikTok that apply to everyone and everything on our platform.We proactively enforce our Community Guidelines through a mix of technology and human moderation. We have detected this policy violation using automated measures. We have used automated measures in making this decision.",,STATEMENT_CATEGORY_SCOPE_OF_PLATFORM_SERVICE,,,,"[""CONTENT_TYPE_OTHER""]","Video Sticker",,"2024-11-23 00:00:00","[""AT"",""BE"",""BG"",""CY"",""CZ"",""DE"",""DK"",""EE"",""ES"",""FI"",""FR"",""GR"",""HR"",""HU"",""IE"",""IT"",""LI"",""LT"",""LU"",""LV"",""MT"",""NL"",""NO"",""PL"",""PT"",""RO"",""SE"",""SI"",""SK""]","2024-11-23 00:00:00","The decision was taken pursuant to own-initiative investigations.",SOURCE_VOLUNTARY,,Yes,AUTOMATED_DECISION_FULLY,TikTok,7440371663167904544,"2024-11-23 07:22:12"
e2bfec48-2fb2-45d7-a97d-38471b5cdf38,"[""DECISION_VISIBILITY_OTHER""]","Video not eligible for recommendation in the For You feed",,,,,,,,,,DECISION_GROUND_INCOMPATIBLE_CONTENT,,,,"Community Guidelines","We maintain content eligibility standards for the For You feed (FYF) that prioritize safety and are informed by the diversity of our community and cultural norms. We make ineligible for the FYF certain content that may not be appropriate for a broad audience related to: (1) Behavioral Health, (2) Sensitive and Mature Themes, (3) Integrity and Authenticity, and (4) Regulated Goods. Content that is ineligible for the FYF can still be discovered in other ways, such as through search tools or by following an account.We proactively enforce our Community Guidelines through a mix of technology and human moderation. We have detected this policy violation using automated measures. We have used automated measures in making this decision.",,STATEMENT_CATEGORY_SCOPE_OF_PLATFORM_SERVICE,,,,"[""CONTENT_TYPE_VIDEO""]",,,"2024-11-23 00:00:00","[""AT"",""BE"",""BG"",""CY"",""CZ"",""DE"",""DK"",""EE"",""ES"",""FI"",""FR"",""GR"",""HR"",""HU"",""IE"",""IT"",""LI"",""LT"",""LU"",""LV"",""MT"",""NL"",""NO"",""PL"",""PT"",""RO"",""SE"",""SI"",""SK""]","2024-11-23 00:00:00","The decision was taken pursuant to own-initiative investigations.",SOURCE_VOLUNTARY,,Yes,AUTOMATED_DECISION_FULLY,TikTok,7440371664283540256,"2024-11-23 07:22:12"
d0a14d30-e75f-4366-9553-f13f2a15a637,"[""DECISION_VISIBILITY_OTHER""]","Video not eligible for recommendation in the For You feed",,,,,,,,,,DECISION_GROUND_INCOMPATIBLE_CONTENT,,,,"Community Guidelines","We maintain content eligibility standards for the For You feed (FYF) that prioritize safety and are informed by the diversity of our community and cultural norms. We make ineligible for the FYF certain content that may not be appropriate for a broad audience related to: (1) Behavioral Health, (2) Sensitive and Mature Themes, (3) Integrity and Authenticity, and (4) Regulated Goods. Content that is ineligible for the FYF can still be discovered in other ways, such as through search tools or by following an account.We proactively enforce our Community Guidelines through a mix of technology and human moderation. We have detected this policy violation using automated measures. We have used automated measures in making this decision.",,STATEMENT_CATEGORY_SCOPE_OF_PLATFORM_SERVICE,,,,"[""CONTENT_TYPE_VIDEO""]",,,"2024-11-23 00:00:00","[""AT"",""BE"",""BG"",""CY"",""CZ"",""DE"",""DK"",""EE"",""ES"",""FI"",""FR"",""GR"",""HR"",""HU"",""IE"",""IT"",""LI"",""LT"",""LU"",""LV"",""MT"",""NL"",""NO"",""PL"",""PT"",""RO"",""SE"",""SI"",""SK""]","2024-11-23 00:00:00","The decision was taken pursuant to own-initiative investigations.",SOURCE_VOLUNTARY,,Yes,AUTOMATED_DECISION_FULLY,TikTok,7440371664283556640,"2024-11-23 07:22:12"
2648a77d-a5ea-49ca-a0e1-0c728ce4e1f9,"[""DECISION_VISIBILITY_OTHER""]","Video not eligible for recommendation in the For You feed",,,,,,,,,,DECISION_GROUND_INCOMPATIBLE_CONTENT,,,,"Alcohol, Tobacco, and Drugs","While adults make personal choices about how they engage with alcohol, drugs, and tobacco, we recognize that there are risks connected to trading and using these substances. Content is ineligible for the For You feed and harder to find in search if it shows adults consuming excessive amounts of alcohol or tobacco products.We proactively enforce our Community Guidelines through a mix of technology and human moderation. We have detected this policy violation using automated measures. We have used automated measures in making this decision.",,STATEMENT_CATEGORY_SCOPE_OF_PLATFORM_SERVICE,,,,"[""CONTENT_TYPE_VIDEO""]",,,"2024-11-23 00:00:00","[""AT"",""BE"",""BG"",""CY"",""CZ"",""DE"",""DK"",""EE"",""ES"",""FI"",""FR"",""GR"",""HR"",""HU"",""IE"",""IT"",""LI"",""LT"",""LU"",""LV"",""MT"",""NL"",""NO"",""PL"",""PT"",""RO"",""SE"",""SI"",""SK""]","2024-11-23 00:00:00","The decision was taken pursuant to own-initiative investigations.",SOURCE_VOLUNTARY,,Yes,AUTOMATED_DECISION_FULLY,TikTok,7440371663167920928,"2024-11-23 07:22:12"
e2007f6c-3962-4f6f-ab27-2d96a9dea7ce,"[""DECISION_VISIBILITY_CONTENT_REMOVED""]",,,,,,,,,,,DECISION_GROUND_INCOMPATIBLE_CONTENT,,,,"Harassment and Bullying","We welcome the respectful expression of different viewpoints, but not toxicity or trolling. We do not allow language or behavior that harasses, humiliates, threatens, or doxes anyone. This also includes responding to such acts with retaliatory harassment (but excludes non-harassing counterspeech).We proactively enforce our Community Guidelines through a mix of technology and human moderation. We have detected this policy violation using automated measures. We have used automated measures in making this decision.",,STATEMENT_CATEGORY_ILLEGAL_OR_HARMFUL_SPEECH,,,,"[""CONTENT_TYPE_TEXT""]",,,"2024-11-23 00:00:00","[""AT"",""BE"",""BG"",""CY"",""CZ"",""DE"",""DK"",""EE"",""ES"",""FI"",""FR"",""GR"",""HR"",""HU"",""IE"",""IT"",""LI"",""LT"",""LU"",""LV"",""MT"",""NL"",""NO"",""PL"",""PT"",""RO"",""SE"",""SI"",""SK""]","2024-11-23 00:00:00","The decision was taken pursuant to own-initiative investigations.",SOURCE_VOLUNTARY,,Yes,AUTOMATED_DECISION_FULLY,TikTok,7440371664283573024,"2024-11-23 07:22:12"
05b545d6-67ff-448b-901a-af3f3de43452,"[""DECISION_VISIBILITY_OTHER""]","Video not eligible for recommendation in the For You feed",,,,,,,,,,DECISION_GROUND_INCOMPATIBLE_CONTENT,,,,"Community Guidelines","We maintain content eligibility standards for the For You feed (FYF) that prioritize safety and are informed by the diversity of our community and cultural norms. We make ineligible for the FYF certain content that may not be appropriate for a broad audience related to: (1) Behavioral Health, (2) Sensitive and Mature Themes, (3) Integrity and Authenticity, and (4) Regulated Goods. Content that is ineligible for the FYF can still be discovered in other ways, such as through search tools or by following an account.We proactively enforce our Community Guidelines through a mix of technology and human moderation. We have detected this policy violation using automated measures. We have used automated measures in making this decision.",,STATEMENT_CATEGORY_SCOPE_OF_PLATFORM_SERVICE,,,,"[""CONTENT_TYPE_VIDEO""]",,,"2024-11-23 00:00:00","[""AT"",""BE"",""BG"",""CY"",""CZ"",""DE"",""DK"",""EE"",""ES"",""FI"",""FR"",""GR"",""HR"",""HU"",""IE"",""IT"",""LI"",""LT"",""LU"",""LV"",""MT"",""NL"",""NO"",""PL"",""PT"",""RO"",""SE"",""SI"",""SK""]","2024-11-23 00:00:00","The decision was taken pursuant to own-initiative investigations.",SOURCE_VOLUNTARY,,Yes,AUTOMATED_DECISION_FULLY,TikTok,7440371663167937312,"2024-11-23 07:22:12"
62730be2-b154-4f4e-ad03-f2983480866f,"[""DECISION_VISIBILITY_CONTENT_REMOVED""]",,,,,,,,,,,DECISION_GROUND_INCOMPATIBLE_CONTENT,,,,"Harassment and Bullying","We welcome the respectful expression of different viewpoints, but not toxicity or trolling. We do not allow language or behavior that harasses, humiliates, threatens, or doxes anyone. This also includes responding to such acts with retaliatory harassment (but excludes non-harassing counterspeech).We proactively enforce our Community Guidelines through a mix of technology and human moderation. We have detected this policy violation using automated measures. We have used automated measures in making this decision.",,STATEMENT_CATEGORY_ILLEGAL_OR_HARMFUL_SPEECH,,,,"[""CONTENT_TYPE_TEXT""]",,,"2024-11-23 00:00:00","[""AT"",""BE"",""BG"",""CY"",""CZ"",""DE"",""DK"",""EE"",""ES"",""FI"",""FR"",""GR"",""HR"",""HU"",""IE"",""IT"",""LI"",""LT"",""LU"",""LV"",""MT"",""NL"",""NO"",""PL"",""PT"",""RO"",""SE"",""SI"",""SK""]","2024-11-23 00:00:00","The decision was taken pursuant to own-initiative investigations.",SOURCE_VOLUNTARY,,Yes,AUTOMATED_DECISION_FULLY,TikTok,7440371663167953696,"2024-11-23 07:22:12"
83ba52c3-6496-479a-9e6e-fd2c57492c3e,"[""DECISION_VISIBILITY_OTHER""]","Video not eligible for recommendation in the For You feed",,,,,,,,,,DECISION_GROUND_INCOMPATIBLE_CONTENT,,,,"Community Guidelines","We maintain content eligibility standards for the For You feed (FYF) that prioritize safety and are informed by the diversity of our community and cultural norms. We make ineligible for the FYF certain content that may not be appropriate for a broad audience related to: (1) Behavioral Health, (2) Sensitive and Mature Themes, (3) Integrity and Authenticity, and (4) Regulated Goods. Content that is ineligible for the FYF can still be discovered in other ways, such as through search tools or by following an account.We proactively enforce our Community Guidelines through a mix of technology and human moderation. We have detected this policy violation using automated measures. We have used automated measures in making this decision.",,STATEMENT_CATEGORY_SCOPE_OF_PLATFORM_SERVICE,,,,"[""CONTENT_TYPE_VIDEO""]",,,"2024-11-23 00:00:00","[""AT"",""BE"",""BG"",""CY"",""CZ"",""DE"",""DK"",""EE"",""ES"",""FI"",""FR"",""GR"",""HR"",""HU"",""IE"",""IT"",""LI"",""LT"",""LU"",""LV"",""MT"",""NL"",""NO"",""PL"",""PT"",""RO"",""SE"",""SI"",""SK""]","2024-11-23 00:00:00","The decision was taken pursuant to own-initiative investigations.",SOURCE_VOLUNTARY,,Yes,AUTOMATED_DECISION_FULLY,TikTok,7440371663167970080,"2024-11-23 07:22:12"
55c4981f-f2d6-4c1d-93d3-57b81f4d40b0,"[""DECISION_VISIBILITY_OTHER""]","Video not eligible for recommendation in the For You feed",,,,,,,,,,DECISION_GROUND_INCOMPATIBLE_CONTENT,,,,"Community Guidelines","We maintain content eligibility standards for the For You feed (FYF) that prioritize safety and are informed by the diversity of our community and cultural norms. We make ineligible for the FYF certain content that may not be appropriate for a broad audience related to: (1) Behavioral Health, (2) Sensitive and Mature Themes, (3) Integrity and Authenticity, and (4) Regulated Goods. Content that is ineligible for the FYF can still be discovered in other ways, such as through search tools or by following an account.We proactively enforce our Community Guidelines through a mix of technology and human moderation. We have detected this policy violation using automated measures. We have used automated measures in making this decision.",,STATEMENT_CATEGORY_SCOPE_OF_PLATFORM_SERVICE,,,,"[""CONTENT_TYPE_VIDEO""]",,,"2024-11-23 00:00:00","[""AT"",""BE"",""BG"",""CY"",""CZ"",""DE"",""DK"",""EE"",""ES"",""FI"",""FR"",""GR"",""HR"",""HU"",""IE"",""IT"",""LI"",""LT"",""LU"",""LV"",""MT"",""NL"",""NO"",""PL"",""PT"",""RO"",""SE"",""SI"",""SK""]","2024-11-23 00:00:00","The decision was taken pursuant to own-initiative investigations.",SOURCE_VOLUNTARY,,Yes,AUTOMATED_DECISION_FULLY,TikTok,7440371664283589408,"2024-11-23 07:22:12"
fe59e694-db3c-4ba9-985e-12e9927c8638,"[""DECISION_VISIBILITY_OTHER""]","Video not eligible for recommendation in the For You feed",,,,,,,,,,DECISION_GROUND_INCOMPATIBLE_CONTENT,,,,"Community Guidelines","We maintain content eligibility standards for the For You feed (FYF) that prioritize safety and are informed by the diversity of our community and cultural norms. We make ineligible for the FYF certain content that may not be appropriate for a broad audience related to: (1) Behavioral Health, (2) Sensitive and Mature Themes, (3) Integrity and Authenticity, and (4) Regulated Goods. Content that is ineligible for the FYF can still be discovered in other ways, such as through search tools or by following an account.We proactively enforce our Community Guidelines through a mix of technology and human moderation. We have detected this policy violation using automated measures. We have used automated measures in making this decision.",,STATEMENT_CATEGORY_SCOPE_OF_PLATFORM_SERVICE,,,,"[""CONTENT_TYPE_VIDEO""]",,,"2024-11-23 00:00:00","[""AT"",""BE"",""BG"",""CY"",""CZ"",""DE"",""DK"",""EE"",""ES"",""FI"",""FR"",""GR"",""HR"",""HU"",""IE"",""IT"",""LI"",""LT"",""LU"",""LV"",""MT"",""NL"",""NO"",""PL"",""PT"",""RO"",""SE"",""SI"",""SK""]","2024-11-23 00:00:00","The decision was taken pursuant to own-initiative investigations.",SOURCE_VOLUNTARY,,Yes,AUTOMATED_DECISION_FULLY,TikTok,7440371664283605792,"2024-11-23 07:22:12"
627ba860-f75c-4252-b0f8-46474e41e10c,"[""DECISION_VISIBILITY_CONTENT_REMOVED""]",,,,,,,,,,,DECISION_GROUND_INCOMPATIBLE_CONTENT,,,,"Hate Speech and Hateful Behaviors","TikTok is enriched by the various backgrounds of our community members. Our differences should be respected, rather than a cause for division. We do not allow any hateful behavior, hate speech, or promotion of hateful ideologies. This includes content that attacks a person or group because of protected attributes.We proactively enforce our Community Guidelines through a mix of technology and human moderation. We have detected this policy violation using automated measures. We have used automated measures in making this decision.",,STATEMENT_CATEGORY_ILLEGAL_OR_HARMFUL_SPEECH,,,,"[""CONTENT_TYPE_TEXT""]",,,"2024-11-23 00:00:00","[""AT"",""BE"",""BG"",""CY"",""CZ"",""DE"",""DK"",""EE"",""ES"",""FI"",""FR"",""GR"",""HR"",""HU"",""IE"",""IT"",""LI"",""LT"",""LU"",""LV"",""MT"",""NL"",""NO"",""PL"",""PT"",""RO"",""SE"",""SI"",""SK""]","2024-11-23 00:00:00","The decision was taken pursuant to own-initiative investigations.",SOURCE_VOLUNTARY,,Yes,AUTOMATED_DECISION_FULLY,TikTok,7440371667240491809,"2024-11-23 07:22:12"
4c784dca-dd1a-4a26-8a12-7bc296b1b34d,"[""DECISION_VISIBILITY_CONTENT_REMOVED""]",,,,,,,,,,,DECISION_GROUND_INCOMPATIBLE_CONTENT,,,,"Harassment and Bullying","We welcome the respectful expression of different viewpoints, but not toxicity or trolling. We do not allow language or behavior that harasses, humiliates, threatens, or doxes anyone. This also includes responding to such acts with retaliatory harassment (but excludes non-harassing counterspeech).We proactively enforce our Community Guidelines through a mix of technology and human moderation. We have detected this policy violation using automated measures. We have used automated measures in making this decision.",,STATEMENT_CATEGORY_ILLEGAL_OR_HARMFUL_SPEECH,,,,"[""CONTENT_TYPE_TEXT""]",,,"2024-11-23 00:00:00","[""AT"",""BE"",""BG"",""CY"",""CZ"",""DE"",""DK"",""EE"",""ES"",""FI"",""FR"",""GR"",""HR"",""HU"",""IE"",""IT"",""LI"",""LT"",""LU"",""LV"",""MT"",""NL"",""NO"",""PL"",""PT"",""RO"",""SE"",""SI"",""SK""]","2024-11-23 00:00:00","The decision was taken pursuant to own-initiative investigations.",SOURCE_VOLUNTARY,,Yes,AUTOMATED_DECISION_FULLY,TikTok,7440371667240508193,"2024-11-23 07:22:12"
13566969-ab72-43c3-b353-2acab2a6be0c,"[""DECISION_VISIBILITY_CONTENT_REMOVED""]",,,,,,,,,,,DECISION_GROUND_INCOMPATIBLE_CONTENT,,,,"Hate Speech and Hateful Behaviors","TikTok is enriched by the various backgrounds of our community members. Our differences should be respected, rather than a cause for division. We do not allow any hateful behavior, hate speech, or promotion of hateful ideologies. This includes content that attacks a person or group because of protected attributes.We proactively enforce our Community Guidelines through a mix of technology and human moderation. We have detected this policy violation using automated measures. We have used automated measures in making this decision.",,STATEMENT_CATEGORY_ILLEGAL_OR_HARMFUL_SPEECH,,,,"[""CONTENT_TYPE_TEXT""]",,,"2024-11-23 00:00:00","[""AT"",""BE"",""BG"",""CY"",""CZ"",""DE"",""DK"",""EE"",""ES"",""FI"",""FR"",""GR"",""HR"",""HU"",""IE"",""IT"",""LI"",""LT"",""LU"",""LV"",""MT"",""NL"",""NO"",""PL"",""PT"",""RO"",""SE"",""SI"",""SK""]","2024-11-23 00:00:00","The decision was taken pursuant to own-initiative investigations.",SOURCE_VOLUNTARY,,Yes,AUTOMATED_DECISION_FULLY,TikTok,7440371667240524577,"2024-11-23 07:22:12"
dea115b6-d598-4eb6-91eb-777d4fe985b4,"[""DECISION_VISIBILITY_OTHER""]","Video not eligible for recommendation in the For You feed",,,,,,,,,,DECISION_GROUND_INCOMPATIBLE_CONTENT,,,,"Community Guidelines","We maintain content eligibility standards for the For You feed (FYF) that prioritize safety and are informed by the diversity of our community and cultural norms. We make ineligible for the FYF certain content that may not be appropriate for a broad audience related to: (1) Behavioral Health, (2) Sensitive and Mature Themes, (3) Integrity and Authenticity, and (4) Regulated Goods. Content that is ineligible for the FYF can still be discovered in other ways, such as through search tools or by following an account.We proactively enforce our Community Guidelines through a mix of technology and human moderation. We have detected this policy violation using automated measures. We have used automated measures in making this decision.",,STATEMENT_CATEGORY_SCOPE_OF_PLATFORM_SERVICE,,,,"[""CONTENT_TYPE_VIDEO""]",,,"2024-11-23 00:00:00","[""AT"",""BE"",""BG"",""CY"",""CZ"",""DE"",""DK"",""EE"",""ES"",""FI"",""FR"",""GR"",""HR"",""HU"",""IE"",""IT"",""LI"",""LT"",""LU"",""LV"",""MT"",""NL"",""NO"",""PL"",""PT"",""RO"",""SE"",""SI"",""SK""]","2024-11-23 00:00:00","The decision was taken pursuant to own-initiative investigations.",SOURCE_VOLUNTARY,,Yes,AUTOMATED_DECISION_FULLY,TikTok,7440371664283622176,"2024-11-23 07:22:12"
97016e05-a7ac-4a1b-b780-7c0d8902844d,"[""DECISION_VISIBILITY_CONTENT_REMOVED""]",,,,,,,,,,,DECISION_GROUND_INCOMPATIBLE_CONTENT,,,,"Harassment and Bullying","We welcome the respectful expression of different viewpoints, but not toxicity or trolling. We do not allow language or behavior that harasses, humiliates, threatens, or doxes anyone. This also includes responding to such acts with retaliatory harassment (but excludes non-harassing counterspeech).We proactively enforce our Community Guidelines through a mix of technology and human moderation. We have detected this policy violation using automated measures. We have used automated measures in making this decision.",,STATEMENT_CATEGORY_ILLEGAL_OR_HARMFUL_SPEECH,,,,"[""CONTENT_TYPE_TEXT""]",,,"2024-11-23 00:00:00","[""AT"",""BE"",""BG"",""CY"",""CZ"",""DE"",""DK"",""EE"",""ES"",""FI"",""FR"",""GR"",""HR"",""HU"",""IE"",""IT"",""LI"",""LT"",""LU"",""LV"",""MT"",""NL"",""NO"",""PL"",""PT"",""RO"",""SE"",""SI"",""SK""]","2024-11-23 00:00:00","The decision was taken pursuant to own-initiative investigations.",SOURCE_VOLUNTARY,,Yes,AUTOMATED_DECISION_FULLY,TikTok,7440371664283638560,"2024-11-23 07:22:12"
4b423661-c03a-48f0-a249-08856099d60c,"[""DECISION_VISIBILITY_CONTENT_REMOVED""]",,,,,,,,,,,DECISION_GROUND_INCOMPATIBLE_CONTENT,,,,"Harassment and Bullying","We welcome the respectful expression of different viewpoints, but not toxicity or trolling. We do not allow language or behavior that harasses, humiliates, threatens, or doxes anyone. This also includes responding to such acts with retaliatory harassment (but excludes non-harassing counterspeech).We proactively enforce our Community Guidelines through a mix of technology and human moderation. We have detected this policy violation using automated measures. We have used automated measures in making this decision.",,STATEMENT_CATEGORY_ILLEGAL_OR_HARMFUL_SPEECH,,,,"[""CONTENT_TYPE_TEXT""]",,,"2024-11-23 00:00:00","[""AT"",""BE"",""BG"",""CY"",""CZ"",""DE"",""DK"",""EE"",""ES"",""FI"",""FR"",""GR"",""HR"",""HU"",""IE"",""IT"",""LI"",""LT"",""LU"",""LV"",""MT"",""NL"",""NO"",""PL"",""PT"",""RO"",""SE"",""SI"",""SK""]","2024-11-23 00:00:00","The decision was taken pursuant to own-initiative investigations.",SOURCE_VOLUNTARY,,Yes,AUTOMATED_DECISION_FULLY,TikTok,7440371664283654944,"2024-11-23 07:22:12"
d8b2b091-cd84-45f6-8176-d9a7957e59f6,"[""DECISION_VISIBILITY_CONTENT_REMOVED""]",,,,,,,,,,,DECISION_GROUND_INCOMPATIBLE_CONTENT,,,,"Personal Information","We are committed to making sure that any personal information shared intentionally or accidentally on TikTok does not lead to harm. We do not allow content that includes personal information that may create a risk of stalking, violence, phishing, fraud, identity theft, or financial exploitation, including content that someone has posted themselves or that they consented to being shared by others.We proactively enforce our Community Guidelines through a mix of technology and human moderation. We have detected this policy violation using automated measures. We have used automated measures in making this decision.",,STATEMENT_CATEGORY_DATA_PROTECTION_AND_PRIVACY_VIOLATIONS,,,,"[""CONTENT_TYPE_IMAGE""]",,,"2024-11-23 00:00:00","[""AT"",""BE"",""BG"",""CY"",""CZ"",""DE"",""DK"",""EE"",""ES"",""FI"",""FR"",""GR"",""HR"",""HU"",""IE"",""IT"",""LI"",""LT"",""LU"",""LV"",""MT"",""NL"",""NO"",""PL"",""PT"",""RO"",""SE"",""SI"",""SK""]","2024-11-23 00:00:00","The decision was taken pursuant to own-initiative investigations.",SOURCE_VOLUNTARY,,Yes,AUTOMATED_DECISION_FULLY,TikTok,7440371667504732961,"2024-11-23 07:22:12"
1eadcdfc-db2d-4a28-8475-6e41c33c5980,"[""DECISION_VISIBILITY_CONTENT_REMOVED""]",,,,,,,,,,,DECISION_GROUND_INCOMPATIBLE_CONTENT,,,,"Harassment and Bullying","We welcome the respectful expression of different viewpoints, but not toxicity or trolling. We do not allow language or behavior that harasses, humiliates, threatens, or doxes anyone. This also includes responding to such acts with retaliatory harassment (but excludes non-harassing counterspeech).We proactively enforce our Community Guidelines through a mix of technology and human moderation. We have detected this policy violation using automated measures. We have used automated measures in making this decision.",,STATEMENT_CATEGORY_ILLEGAL_OR_HARMFUL_SPEECH,,,,"[""CONTENT_TYPE_TEXT""]",,,"2024-11-23 00:00:00","[""AT"",""BE"",""BG"",""CY"",""CZ"",""DE"",""DK"",""EE"",""ES"",""FI"",""FR"",""GR"",""HR"",""HU"",""IE"",""IT"",""LI"",""LT"",""LU"",""LV"",""MT"",""NL"",""NO"",""PL"",""PT"",""RO"",""SE"",""SI"",""SK""]","2024-11-23 00:00:00","The decision was taken pursuant to own-initiative investigations.",SOURCE_VOLUNTARY,,Yes,AUTOMATED_DECISION_FULLY,TikTok,7440371667504749345,"2024-11-23 07:22:12"
653d2e70-6ebc-4c7a-8f91-e3cd88a3bb0c,"[""DECISION_VISIBILITY_CONTENT_REMOVED""]",,,,,,,,,,,DECISION_GROUND_INCOMPATIBLE_CONTENT,,,,"Harassment and Bullying","We welcome the respectful expression of different viewpoints, but not toxicity or trolling. We do not allow language or behavior that harasses, humiliates, threatens, or doxes anyone. This also includes responding to such acts with retaliatory harassment (but excludes non-harassing counterspeech).We proactively enforce our Community Guidelines through a mix of technology and human moderation. We have detected this policy violation using automated measures. We have used automated measures in making this decision.",,STATEMENT_CATEGORY_ILLEGAL_OR_HARMFUL_SPEECH,,,,"[""CONTENT_TYPE_TEXT""]",,,"2024-11-23 00:00:00","[""AT"",""BE"",""BG"",""CY"",""CZ"",""DE"",""DK"",""EE"",""ES"",""FI"",""FR"",""GR"",""HR"",""HU"",""IE"",""IT"",""LI"",""LT"",""LU"",""LV"",""MT"",""NL"",""NO"",""PL"",""PT"",""RO"",""SE"",""SI"",""SK""]","2024-11-23 00:00:00","The decision was taken pursuant to own-initiative investigations.",SOURCE_VOLUNTARY,,Yes,AUTOMATED_DECISION_FULLY,TikTok,7440371667240540961,"2024-11-23 07:22:12"
292f744d-55c0-4c43-ac72-fda9cb7a6f1f,"[""DECISION_VISIBILITY_OTHER""]","Video not eligible for recommendation in the For You feed",,,,,,,,,,DECISION_GROUND_INCOMPATIBLE_CONTENT,,,,"Dangerous Activities and Challenges","Most activities or challenges are appropriate for everyone, but some carry a risk of significant injury. Content is ineligible for the For You feed if it involves activities that are likely to lead to moderate physical harm, or includes professionals who are performing extreme sports and stunts that may endanger others.We proactively enforce our Community Guidelines through a mix of technology and human moderation. We have detected this policy violation using automated measures. We have used automated measures in making this decision.",,STATEMENT_CATEGORY_SCOPE_OF_PLATFORM_SERVICE,,,,"[""CONTENT_TYPE_VIDEO""]",,,"2024-11-23 00:00:00","[""AT"",""BE"",""BG"",""CY"",""CZ"",""DE"",""DK"",""EE"",""ES"",""FI"",""FR"",""GR"",""HR"",""HU"",""IE"",""IT"",""LI"",""LT"",""LU"",""LV"",""MT"",""NL"",""NO"",""PL"",""PT"",""RO"",""SE"",""SI"",""SK""]","2024-11-23 00:00:00","The decision was taken pursuant to own-initiative investigations.",SOURCE_VOLUNTARY,,Yes,AUTOMATED_DECISION_FULLY,TikTok,7440371667504765729,"2024-11-23 07:22:12"
ab57faf0-3389-4502-bf13-6d584dca1c26,"[""DECISION_VISIBILITY_OTHER""]","Video not eligible for recommendation in the For You feed",,,,,,,,,,DECISION_GROUND_INCOMPATIBLE_CONTENT,,,,"Community Guidelines","We maintain content eligibility standards for the For You feed (FYF) that prioritize safety and are informed by the diversity of our community and cultural norms. We make ineligible for the FYF certain content that may not be appropriate for a broad audience related to: (1) Behavioral Health, (2) Sensitive and Mature Themes, (3) Integrity and Authenticity, and (4) Regulated Goods. Content that is ineligible for the FYF can still be discovered in other ways, such as through search tools or by following an account.We proactively enforce our Community Guidelines through a mix of technology and human moderation. We have detected this policy violation using automated measures. We have used automated measures in making this decision.",,STATEMENT_CATEGORY_SCOPE_OF_PLATFORM_SERVICE,,,,"[""CONTENT_TYPE_VIDEO""]",,,"2024-11-23 00:00:00","[""AT"",""BE"",""BG"",""CY"",""CZ"",""DE"",""DK"",""EE"",""ES"",""FI"",""FR"",""GR"",""HR"",""HU"",""IE"",""IT"",""LI"",""LT"",""LU"",""LV"",""MT"",""NL"",""NO"",""PL"",""PT"",""RO"",""SE"",""SI"",""SK""]","2024-11-23 00:00:00","The decision was taken pursuant to own-initiative investigations.",SOURCE_VOLUNTARY,,Yes,AUTOMATED_DECISION_FULLY,TikTok,7440371667240557345,"2024-11-23 07:22:12"
b633c82a-fd76-4a07-983b-353142aefe87,"[""DECISION_VISIBILITY_CONTENT_REMOVED""]",,,,,,,,,,,DECISION_GROUND_INCOMPATIBLE_CONTENT,,,,"Harassment and Bullying","We welcome the respectful expression of different viewpoints, but not toxicity or trolling. We do not allow language or behavior that harasses, humiliates, threatens, or doxes anyone. This also includes responding to such acts with retaliatory harassment (but excludes non-harassing counterspeech).We proactively enforce our Community Guidelines through a mix of technology and human moderation. We have detected this policy violation using automated measures. We have used automated measures in making this decision.",,STATEMENT_CATEGORY_ILLEGAL_OR_HARMFUL_SPEECH,,,,"[""CONTENT_TYPE_TEXT""]",,,"2024-11-23 00:00:00","[""AT"",""BE"",""BG"",""CY"",""CZ"",""DE"",""DK"",""EE"",""ES"",""FI"",""FR"",""GR"",""HR"",""HU"",""IE"",""IT"",""LI"",""LT"",""LU"",""LV"",""MT"",""NL"",""NO"",""PL"",""PT"",""RO"",""SE"",""SI"",""SK""]","2024-11-23 00:00:00","The decision was taken pursuant to own-initiative investigations.",SOURCE_VOLUNTARY,,Yes,AUTOMATED_DECISION_FULLY,TikTok,7440371667240573729,"2024-11-23 07:22:12"
f2255b84-aa27-45ab-afac-54a22c400bbf,"[""DECISION_VISIBILITY_CONTENT_REMOVED""]",,,,,,,,,,,DECISION_GROUND_INCOMPATIBLE_CONTENT,,,,"Minimum Age Requirement","Users must be 13 years and older to have a TikTok account. We are deeply committed to ensuring that TikTok is a safe and positive experience for people under the age of 18. This starts by being old enough to use TikTok. If we learn someone is below the minimum age on TikTok, we will ban that account.We proactively enforce our Community Guidelines through a mix of technology and human moderation. We have detected this policy violation using automated measures. We have used automated measures in making this decision.",,STATEMENT_CATEGORY_PROTECTION_OF_MINORS,,,,"[""CONTENT_TYPE_TEXT""]",,,"2024-11-23 00:00:00","[""AT"",""BE"",""BG"",""CY"",""CZ"",""DE"",""DK"",""EE"",""ES"",""FI"",""FR"",""GR"",""HR"",""HU"",""IE"",""IT"",""LI"",""LT"",""LU"",""LV"",""MT"",""NL"",""NO"",""PL"",""PT"",""RO"",""SE"",""SI"",""SK""]","2024-11-23 00:00:00","The decision was taken pursuant to own-initiative investigations.",SOURCE_VOLUNTARY,,Yes,AUTOMATED_DECISION_FULLY,TikTok,7440371667240590113,"2024-11-23 07:22:12"
f5f06ff7-6ad5-46b6-b47a-6a46585419bc,"[""DECISION_VISIBILITY_CONTENT_REMOVED""]",,,,,,,,,,,DECISION_GROUND_INCOMPATIBLE_CONTENT,,,,"Harassment and Bullying","We welcome the respectful expression of different viewpoints, but not toxicity or trolling. We do not allow language or behavior that harasses, humiliates, threatens, or doxes anyone. This also includes responding to such acts with retaliatory harassment (but excludes non-harassing counterspeech).We proactively enforce our Community Guidelines through a mix of technology and human moderation. We have detected this policy violation using automated measures. We have used automated measures in making this decision.",,STATEMENT_CATEGORY_ILLEGAL_OR_HARMFUL_SPEECH,,,,"[""CONTENT_TYPE_TEXT""]",,,"2024-11-23 00:00:00","[""AT"",""BE"",""BG"",""CY"",""CZ"",""DE"",""DK"",""EE"",""ES"",""FI"",""FR"",""GR"",""HR"",""HU"",""IE"",""IT"",""LI"",""LT"",""LU"",""LV"",""MT"",""NL"",""NO"",""PL"",""PT"",""RO"",""SE"",""SI"",""SK""]","2024-11-23 00:00:00","The decision was taken pursuant to own-initiative investigations.",SOURCE_VOLUNTARY,,Yes,AUTOMATED_DECISION_FULLY,TikTok,7440371667504782113,"2024-11-23 07:22:12"
c210d777-1fcb-4b22-bd3f-07e4b7307c78,"[""DECISION_VISIBILITY_OTHER""]","Video not eligible for recommendation in the For You feed",,,,,,,,,,DECISION_GROUND_INCOMPATIBLE_CONTENT,,,,"Sexually Suggestive Content","We are mindful that certain behaviors related to sexual arousal or suggestiveness may be offensive to some people and may put young people at risk of exploitation. Content is ineligible for the For You feed and harder to find in search if it shows sex products or intends to sexually arouse (such as intimate kissing, sexualized posing, and seductive performances or allusions to sexual activity by adults). We proactively enforce our Community Guidelines through a mix of technology and human moderation. We have detected this policy violation using automated measures. We have used automated measures in making this decision.",,STATEMENT_CATEGORY_SCOPE_OF_PLATFORM_SERVICE,,,,"[""CONTENT_TYPE_VIDEO""]",,,"2024-11-23 00:00:00","[""AT"",""BE"",""BG"",""CY"",""CZ"",""DE"",""DK"",""EE"",""ES"",""FI"",""FR"",""GR"",""HR"",""HU"",""IE"",""IT"",""LI"",""LT"",""LU"",""LV"",""MT"",""NL"",""NO"",""PL"",""PT"",""RO"",""SE"",""SI"",""SK""]","2024-11-23 00:00:00","The decision was taken pursuant to own-initiative investigations.",SOURCE_VOLUNTARY,,Yes,AUTOMATED_DECISION_FULLY,TikTok,7440371667504798497,"2024-11-23 07:22:12"
3ae4f27d-d31c-4e3d-aeac-abe324c82ac6,"[""DECISION_VISIBILITY_CONTENT_REMOVED""]",,,,,,,,,,,DECISION_GROUND_INCOMPATIBLE_CONTENT,,,,"Hate Speech and Hateful Behaviors","TikTok is enriched by the various backgrounds of our community members. Our differences should be respected, rather than a cause for division. We do not allow any hateful behavior, hate speech, or promotion of hateful ideologies. This includes content that attacks a person or group because of protected attributes.We proactively enforce our Community Guidelines through a mix of technology and human moderation. We have detected this policy violation using automated measures. We have used automated measures in making this decision.",,STATEMENT_CATEGORY_ILLEGAL_OR_HARMFUL_SPEECH,,,,"[""CONTENT_TYPE_TEXT""]",,,"2024-11-23 00:00:00","[""AT"",""BE"",""BG"",""CY"",""CZ"",""DE"",""DK"",""EE"",""ES"",""FI"",""FR"",""GR"",""HR"",""HU"",""IE"",""IT"",""LI"",""LT"",""LU"",""LV"",""MT"",""NL"",""NO"",""PL"",""PT"",""RO"",""SE"",""SI"",""SK""]","2024-11-23 00:00:00","The decision was taken pursuant to own-initiative investigations.",SOURCE_VOLUNTARY,,Yes,AUTOMATED_DECISION_FULLY,TikTok,7440371667240606497,"2024-11-23 07:22:12"
64d0c166-bed2-409d-942f-fc9f5af3372e,"[""DECISION_VISIBILITY_CONTENT_REMOVED""]",,,,,,,,,,,DECISION_GROUND_INCOMPATIBLE_CONTENT,,,,"Harassment and Bullying","We welcome the respectful expression of different viewpoints, but not toxicity or trolling. We do not allow language or behavior that harasses, humiliates, threatens, or doxes anyone. This also includes responding to such acts with retaliatory harassment (but excludes non-harassing counterspeech).We proactively enforce our Community Guidelines through a mix of technology and human moderation. We have detected this policy violation using automated measures. We have used automated measures in making this decision.",,STATEMENT_CATEGORY_ILLEGAL_OR_HARMFUL_SPEECH,,,,"[""CONTENT_TYPE_TEXT""]",,,"2024-11-23 00:00:00","[""AT"",""BE"",""BG"",""CY"",""CZ"",""DE"",""DK"",""EE"",""ES"",""FI"",""FR"",""GR"",""HR"",""HU"",""IE"",""IT"",""LI"",""LT"",""LU"",""LV"",""MT"",""NL"",""NO"",""PL"",""PT"",""RO"",""SE"",""SI"",""SK""]","2024-11-23 00:00:00","The decision was taken pursuant to own-initiative investigations.",SOURCE_VOLUNTARY,,Yes,AUTOMATED_DECISION_FULLY,TikTok,7440371667240622881,"2024-11-23 07:22:12"
5208eb1b-0267-4431-a81b-df6ab8384026,"[""DECISION_VISIBILITY_CONTENT_REMOVED""]",,,,,,,,,,,DECISION_GROUND_INCOMPATIBLE_CONTENT,,,,"Harassment and Bullying","We welcome the respectful expression of different viewpoints, but not toxicity or trolling. We do not allow language or behavior that harasses, humiliates, threatens, or doxes anyone. This also includes responding to such acts with retaliatory harassment (but excludes non-harassing counterspeech).We proactively enforce our Community Guidelines through a mix of technology and human moderation. We have detected this policy violation using automated measures. We have used automated measures in making this decision.",,STATEMENT_CATEGORY_ILLEGAL_OR_HARMFUL_SPEECH,,,,"[""CONTENT_TYPE_TEXT""]",,,"2024-11-23 00:00:00","[""AT"",""BE"",""BG"",""CY"",""CZ"",""DE"",""DK"",""EE"",""ES"",""FI"",""FR"",""GR"",""HR"",""HU"",""IE"",""IT"",""LI"",""LT"",""LU"",""LV"",""MT"",""NL"",""NO"",""PL"",""PT"",""RO"",""SE"",""SI"",""SK""]","2024-11-23 00:00:00","The decision was taken pursuant to own-initiative investigations.",SOURCE_VOLUNTARY,,Yes,AUTOMATED_DECISION_FULLY,TikTok,7440371667504814881,"2024-11-23 07:22:12"
c2e1f3f2-b182-4daf-8476-a481ad074b22,"[""DECISION_VISIBILITY_CONTENT_REMOVED""]",,,,,,,,,,,DECISION_GROUND_INCOMPATIBLE_CONTENT,,,,"Harassment and Bullying","We welcome the respectful expression of different viewpoints, but not toxicity or trolling. We do not allow language or behavior that harasses, humiliates, threatens, or doxes anyone. This also includes responding to such acts with retaliatory harassment (but excludes non-harassing counterspeech).We proactively enforce our Community Guidelines through a mix of technology and human moderation. We have detected this policy violation using automated measures. We have used automated measures in making this decision.",,STATEMENT_CATEGORY_ILLEGAL_OR_HARMFUL_SPEECH,,,,"[""CONTENT_TYPE_TEXT""]",,,"2024-11-23 00:00:00","[""AT"",""BE"",""BG"",""CY"",""CZ"",""DE"",""DK"",""EE"",""ES"",""FI"",""FR"",""GR"",""HR"",""HU"",""IE"",""IT"",""LI"",""LT"",""LU"",""LV"",""MT"",""NL"",""NO"",""PL"",""PT"",""RO"",""SE"",""SI"",""SK""]","2024-11-23 00:00:00","The decision was taken pursuant to own-initiative investigations.",SOURCE_VOLUNTARY,,Yes,AUTOMATED_DECISION_FULLY,TikTok,7440371667504831265,"2024-11-23 07:22:12"
82360e1c-9402-461d-a103-4205201adc83,"[""DECISION_VISIBILITY_OTHER""]","Video not eligible for recommendation in the For You feed",,,,,,,,,,DECISION_GROUND_INCOMPATIBLE_CONTENT,,,,"Community Guidelines","We maintain content eligibility standards for the For You feed (FYF) that prioritize safety and are informed by the diversity of our community and cultural norms. We make ineligible for the FYF certain content that may not be appropriate for a broad audience related to: (1) Behavioral Health, (2) Sensitive and Mature Themes, (3) Integrity and Authenticity, and (4) Regulated Goods. Content that is ineligible for the FYF can still be discovered in other ways, such as through search tools or by following an account.We proactively enforce our Community Guidelines through a mix of technology and human moderation. We have detected this policy violation using automated measures. We have used automated measures in making this decision.",,STATEMENT_CATEGORY_SCOPE_OF_PLATFORM_SERVICE,,,,"[""CONTENT_TYPE_VIDEO""]",,,"2024-11-23 00:00:00","[""AT"",""BE"",""BG"",""CY"",""CZ"",""DE"",""DK"",""EE"",""ES"",""FI"",""FR"",""GR"",""HR"",""HU"",""IE"",""IT"",""LI"",""LT"",""LU"",""LV"",""MT"",""NL"",""NO"",""PL"",""PT"",""RO"",""SE"",""SI"",""SK""]","2024-11-23 00:00:00","The decision was taken pursuant to own-initiative investigations.",SOURCE_VOLUNTARY,,Yes,AUTOMATED_DECISION_FULLY,TikTok,7440371667240639265,"2024-11-23 07:22:12"
ace3886b-d816-4bc1-953a-14255c66a5c3,"[""DECISION_VISIBILITY_CONTENT_REMOVED""]",,,,,,,,,,,DECISION_GROUND_INCOMPATIBLE_CONTENT,,,,"Harassment and Bullying","We welcome the respectful expression of different viewpoints, but not toxicity or trolling. We do not allow language or behavior that harasses, humiliates, threatens, or doxes anyone. This also includes responding to such acts with retaliatory harassment (but excludes non-harassing counterspeech).We proactively enforce our Community Guidelines through a mix of technology and human moderation. We have detected this policy violation using automated measures. We have used automated measures in making this decision.",,STATEMENT_CATEGORY_ILLEGAL_OR_HARMFUL_SPEECH,,,,"[""CONTENT_TYPE_TEXT""]",,,"2024-11-23 00:00:00","[""AT"",""BE"",""BG"",""CY"",""CZ"",""DE"",""DK"",""EE"",""ES"",""FI"",""FR"",""GR"",""HR"",""HU"",""IE"",""IT"",""LI"",""LT"",""LU"",""LV"",""MT"",""NL"",""NO"",""PL"",""PT"",""RO"",""SE"",""SI"",""SK""]","2024-11-23 00:00:00","The decision was taken pursuant to own-initiative investigations.",SOURCE_VOLUNTARY,,Yes,AUTOMATED_DECISION_FULLY,TikTok,7440371667504847649,"2024-11-23 07:22:12"
299c4ef3-2f82-4a8f-83ca-e8dc918703d8,"[""DECISION_VISIBILITY_OTHER""]","LIVE not eligible for recommendation and restricted in search results","2024-11-23 00:00:00",,,,,,,,,DECISION_GROUND_INCOMPATIBLE_CONTENT,,,,"Go LIVE minimum age requirement","Your LIVE is not eligible for recommendation and restricted in search results, because you may be under the age of 18. This is in line with the For You feed eligibility standards under our Community Guidelines.",,STATEMENT_CATEGORY_PROTECTION_OF_MINORS,,,,"[""CONTENT_TYPE_VIDEO""]",,,"2024-11-22 00:00:00","[""AT"",""BE"",""BG"",""CY"",""CZ"",""DE"",""DK"",""EE"",""ES"",""FI"",""FR"",""GR"",""HR"",""HU"",""IE"",""IS"",""IT"",""LI"",""LT"",""LU"",""LV"",""MT"",""NL"",""NO"",""PL"",""PT"",""RO"",""SE"",""SI"",""SK""]","2024-11-23 00:00:00","The decision was taken pursuant to own-initiative investigations",SOURCE_VOLUNTARY,,Yes,AUTOMATED_DECISION_NOT_AUTOMATED,TikTok,7440371668872076065,"2024-11-23 07:22:12"
bdf8ebc9-7e21-47bc-9131-3c7bec581633,"[""DECISION_VISIBILITY_CONTENT_REMOVED""]",,,,,,,,,,,DECISION_GROUND_INCOMPATIBLE_CONTENT,,,,"Harassment and Bullying","We welcome the respectful expression of different viewpoints, but not toxicity or trolling. We do not allow language or behavior that harasses, humiliates, threatens, or doxes anyone. This also includes responding to such acts with retaliatory harassment (but excludes non-harassing counterspeech).We proactively enforce our Community Guidelines through a mix of technology and human moderation. We have detected this policy violation using automated measures. We have used automated measures in making this decision.",,STATEMENT_CATEGORY_ILLEGAL_OR_HARMFUL_SPEECH,,,,"[""CONTENT_TYPE_TEXT""]",,,"2024-11-23 00:00:00","[""AT"",""BE"",""BG"",""CY"",""CZ"",""DE"",""DK"",""EE"",""ES"",""FI"",""FR"",""GR"",""HR"",""HU"",""IE"",""IT"",""LI"",""LT"",""LU"",""LV"",""MT"",""NL"",""NO"",""PL"",""PT"",""RO"",""SE"",""SI"",""SK""]","2024-11-23 00:00:00","The decision was taken pursuant to own-initiative investigations.",SOURCE_VOLUNTARY,,Yes,AUTOMATED_DECISION_FULLY,TikTok,7440371668872092449,"2024-11-23 07:22:12"
5382a6c2-18a7-48b2-8fda-226fd2a59627,"[""DECISION_VISIBILITY_CONTENT_REMOVED""]",,,,,,,,,,,DECISION_GROUND_INCOMPATIBLE_CONTENT,,,,"Harassment and Bullying","We welcome the respectful expression of different viewpoints, but not toxicity or trolling. We do not allow language or behavior that harasses, humiliates, threatens, or doxes anyone. This also includes responding to such acts with retaliatory harassment (but excludes non-harassing counterspeech).We proactively enforce our Community Guidelines through a mix of technology and human moderation. We have detected this policy violation using automated measures. We have used automated measures in making this decision.",,STATEMENT_CATEGORY_ILLEGAL_OR_HARMFUL_SPEECH,,,,"[""CONTENT_TYPE_TEXT""]",,,"2024-11-23 00:00:00","[""AT"",""BE"",""BG"",""CY"",""CZ"",""DE"",""DK"",""EE"",""ES"",""FI"",""FR"",""GR"",""HR"",""HU"",""IE"",""IT"",""LI"",""LT"",""LU"",""LV"",""MT"",""NL"",""NO"",""PL"",""PT"",""RO"",""SE"",""SI"",""SK""]","2024-11-23 00:00:00","The decision was taken pursuant to own-initiative investigations.",SOURCE_VOLUNTARY,,Yes,AUTOMATED_DECISION_FULLY,TikTok,7440371668872108833,"2024-11-23 07:22:12"
75c9ca1d-f93e-4871-9723-67e8ffe1e0ba,"[""DECISION_VISIBILITY_CONTENT_REMOVED""]",,,,,,,,,,,DECISION_GROUND_INCOMPATIBLE_CONTENT,,,,"Harassment and Bullying","We welcome the respectful expression of different viewpoints, but not toxicity or trolling. We do not allow language or behavior that harasses, humiliates, threatens, or doxes anyone. This also includes responding to such acts with retaliatory harassment (but excludes non-harassing counterspeech).We proactively enforce our Community Guidelines through a mix of technology and human moderation. We have detected this policy violation using automated measures. We have used automated measures in making this decision.",,STATEMENT_CATEGORY_ILLEGAL_OR_HARMFUL_SPEECH,,,,"[""CONTENT_TYPE_TEXT""]",,,"2024-11-23 00:00:00","[""AT"",""BE"",""BG"",""CY"",""CZ"",""DE"",""DK"",""EE"",""ES"",""FI"",""FR"",""GR"",""HR"",""HU"",""IE"",""IT"",""LI"",""LT"",""LU"",""LV"",""MT"",""NL"",""NO"",""PL"",""PT"",""RO"",""SE"",""SI"",""SK""]","2024-11-23 00:00:00","The decision was taken pursuant to own-initiative investigations.",SOURCE_VOLUNTARY,,Yes,AUTOMATED_DECISION_FULLY,TikTok,7440371667504864033,"2024-11-23 07:22:12"
c8629b77-dc01-4490-870e-6a50aa6456c1,"[""DECISION_VISIBILITY_OTHER""]","Video not eligible for recommendation in the For You feed",,,,,,,,,,DECISION_GROUND_INCOMPATIBLE_CONTENT,,,,"Community Guidelines","We maintain content eligibility standards for the For You feed (FYF) that prioritize safety and are informed by the diversity of our community and cultural norms. We make ineligible for the FYF certain content that may not be appropriate for a broad audience related to: (1) Behavioral Health, (2) Sensitive and Mature Themes, (3) Integrity and Authenticity, and (4) Regulated Goods. Content that is ineligible for the FYF can still be discovered in other ways, such as through search tools or by following an account.We proactively enforce our Community Guidelines through a mix of technology and human moderation. We have detected this policy violation using automated measures. We have used automated measures in making this decision.",,STATEMENT_CATEGORY_SCOPE_OF_PLATFORM_SERVICE,,,,"[""CONTENT_TYPE_VIDEO""]",,,"2024-11-23 00:00:00","[""AT"",""BE"",""BG"",""CY"",""CZ"",""DE"",""DK"",""EE"",""ES"",""FI"",""FR"",""GR"",""HR"",""HU"",""IE"",""IT"",""LI"",""LT"",""LU"",""LV"",""MT"",""NL"",""NO"",""PL"",""PT"",""RO"",""SE"",""SI"",""SK""]","2024-11-23 00:00:00","The decision was taken pursuant to own-initiative investigations.",SOURCE_VOLUNTARY,,Yes,AUTOMATED_DECISION_FULLY,TikTok,7440371667504880417,"2024-11-23 07:22:12"
8a2e3cd4-454f-4084-b902-36053d46ed0d,"[""DECISION_VISIBILITY_OTHER""]","Video not eligible for recommendation in the For You feed",,,,,,,,,,DECISION_GROUND_INCOMPATIBLE_CONTENT,,,,"Sexually Suggestive Content","We are mindful that certain behaviors related to sexual arousal or suggestiveness may be offensive to some people and may put young people at risk of exploitation. Content is ineligible for the For You feed and harder to find in search if it shows sex products or intends to sexually arouse (such as intimate kissing, sexualized posing, and seductive performances or allusions to sexual activity by adults). We proactively enforce our Community Guidelines through a mix of technology and human moderation. We have detected this policy violation using automated measures. We have used automated measures in making this decision.",,STATEMENT_CATEGORY_SCOPE_OF_PLATFORM_SERVICE,,,,"[""CONTENT_TYPE_VIDEO""]",,,"2024-11-23 00:00:00","[""AT"",""BE"",""BG"",""CY"",""CZ"",""DE"",""DK"",""EE"",""ES"",""FI"",""FR"",""GR"",""HR"",""HU"",""IE"",""IT"",""LI"",""LT"",""LU"",""LV"",""MT"",""NL"",""NO"",""PL"",""PT"",""RO"",""SE"",""SI"",""SK""]","2024-11-23 00:00:00","The decision was taken pursuant to own-initiative investigations.",SOURCE_VOLUNTARY,,Yes,AUTOMATED_DECISION_FULLY,TikTok,7440371670738541345,"2024-11-23 07:22:12"
a0d07b9f-6d2c-4cf5-b2b3-c900e168b0f7,"[""DECISION_VISIBILITY_CONTENT_REMOVED""]",,,,,,,,,,,DECISION_GROUND_INCOMPATIBLE_CONTENT,,,,"Sexually Suggestive Content","We welcome performances and dances where people can creatively express themselves, celebrate their culture, or seek to entertain. We are mindful that certain behaviors related to sexual arousal or suggestiveness may be offensive to some people and may put young people at risk of exploitation. We do not allow seductive performances or allusions to sexual activity by young people, or the use of sexually explicit narratives by anyone.We proactively enforce our Community Guidelines through a mix of technology and human moderation. We have detected this policy violation using automated measures. We have used automated measures in making this decision.",,STATEMENT_CATEGORY_SCOPE_OF_PLATFORM_SERVICE,,,,"[""CONTENT_TYPE_TEXT""]",,,"2024-11-23 00:00:00","[""AT"",""BE"",""BG"",""CY"",""CZ"",""DE"",""DK"",""EE"",""ES"",""FI"",""FR"",""GR"",""HR"",""HU"",""IE"",""IT"",""LI"",""LT"",""LU"",""LV"",""MT"",""NL"",""NO"",""PL"",""PT"",""RO"",""SE"",""SI"",""SK""]","2024-11-23 00:00:00","The decision was taken pursuant to own-initiative investigations.",SOURCE_VOLUNTARY,,Yes,AUTOMATED_DECISION_FULLY,TikTok,7440371668872125217,"2024-11-23 07:22:12"
e0a870fb-c237-40dd-9e45-505374b95bee,"[""DECISION_VISIBILITY_CONTENT_REMOVED""]",,,,,,,,,,,DECISION_GROUND_INCOMPATIBLE_CONTENT,,,,"Harassment and Bullying","We welcome the respectful expression of different viewpoints, but not toxicity or trolling. We do not allow language or behavior that harasses, humiliates, threatens, or doxes anyone. This also includes responding to such acts with retaliatory harassment (but excludes non-harassing counterspeech).We proactively enforce our Community Guidelines through a mix of technology and human moderation. We have detected this policy violation using automated measures. We have used automated measures in making this decision.",,STATEMENT_CATEGORY_ILLEGAL_OR_HARMFUL_SPEECH,,,,"[""CONTENT_TYPE_TEXT""]",,,"2024-11-23 00:00:00","[""AT"",""BE"",""BG"",""CY"",""CZ"",""DE"",""DK"",""EE"",""ES"",""FI"",""FR"",""GR"",""HR"",""HU"",""IE"",""IT"",""LI"",""LT"",""LU"",""LV"",""MT"",""NL"",""NO"",""PL"",""PT"",""RO"",""SE"",""SI"",""SK""]","2024-11-23 00:00:00","The decision was taken pursuant to own-initiative investigations.",SOURCE_VOLUNTARY,,Yes,AUTOMATED_DECISION_FULLY,TikTok,7440371670738557729,"2024-11-23 07:22:12"
8e3bd475-79e1-4942-b230-9dc71999fcca,"[""DECISION_VISIBILITY_CONTENT_REMOVED""]",,,,,,,,,,,DECISION_GROUND_INCOMPATIBLE_CONTENT,,,,"Sexually Suggestive Content","We welcome performances and dances where people can creatively express themselves, celebrate their culture, or seek to entertain. We are mindful that certain behaviors related to sexual arousal or suggestiveness may be offensive to some people and may put young people at risk of exploitation. We do not allow seductive performances or allusions to sexual activity by young people, or the use of sexually explicit narratives by anyone.We proactively enforce our Community Guidelines through a mix of technology and human moderation. We have detected this policy violation using automated measures. We have used automated measures in making this decision.",,STATEMENT_CATEGORY_SCOPE_OF_PLATFORM_SERVICE,,,,"[""CONTENT_TYPE_TEXT""]",,,"2024-11-23 00:00:00","[""AT"",""BE"",""BG"",""CY"",""CZ"",""DE"",""DK"",""EE"",""ES"",""FI"",""FR"",""GR"",""HR"",""HU"",""IE"",""IT"",""LI"",""LT"",""LU"",""LV"",""MT"",""NL"",""NO"",""PL"",""PT"",""RO"",""SE"",""SI"",""SK""]","2024-11-23 00:00:00","The decision was taken pursuant to own-initiative investigations.",SOURCE_VOLUNTARY,,Yes,AUTOMATED_DECISION_FULLY,TikTok,7440371670738574113,"2024-11-23 07:22:12"
21fa8969-ffd0-43b9-8904-cfcc65e98a0f,"[""DECISION_VISIBILITY_OTHER""]","Photo not eligible for recommendation in the For You feed, and visibility restricted in search results",,,,,,,,,,DECISION_GROUND_INCOMPATIBLE_CONTENT,,,,"Civic and Election Integrity","We want to enable the informed exchange of civic ideas in a way that fosters productive dialogue. Your video didn’t meet our eligibility standards for the For You Feed. Please review our Community Guidelines for more information.We proactively enforce our Community Guidelines through a mix of technology and human moderation. We have detected this policy violation using automated measures. We have used automated measures in making this decision.",,STATEMENT_CATEGORY_NEGATIVE_EFFECTS_ON_CIVIC_DISCOURSE_OR_ELECTIONS,,,,"[""CONTENT_TYPE_IMAGE""]",,,"2024-11-23 00:00:00","[""AT"",""BE"",""BG"",""CY"",""CZ"",""DE"",""DK"",""EE"",""ES"",""FI"",""FR"",""GR"",""HR"",""HU"",""IE"",""IT"",""LI"",""LT"",""LU"",""LV"",""MT"",""NL"",""NO"",""PL"",""PT"",""RO"",""SE"",""SI"",""SK""]","2024-11-23 00:00:00","The decision was taken pursuant to own-initiative investigations.",SOURCE_VOLUNTARY,,Yes,AUTOMATED_DECISION_FULLY,TikTok,7440371668872141601,"2024-11-23 07:22:12"
443a2853-5dbd-4741-b3f1-0e87b0ac6868,"[""DECISION_VISIBILITY_CONTENT_REMOVED""]",,,,,,,,,,,DECISION_GROUND_INCOMPATIBLE_CONTENT,,,,"Harassment and Bullying","We welcome the respectful expression of different viewpoints, but not toxicity or trolling. We do not allow language or behavior that harasses, humiliates, threatens, or doxes anyone. This also includes responding to such acts with retaliatory harassment (but excludes non-harassing counterspeech).We proactively enforce our Community Guidelines through a mix of technology and human moderation. We have detected this policy violation using automated measures. We have used automated measures in making this decision.",,STATEMENT_CATEGORY_ILLEGAL_OR_HARMFUL_SPEECH,,,,"[""CONTENT_TYPE_TEXT""]",,,"2024-11-23 00:00:00","[""AT"",""BE"",""BG"",""CY"",""CZ"",""DE"",""DK"",""EE"",""ES"",""FI"",""FR"",""GR"",""HR"",""HU"",""IE"",""IT"",""LI"",""LT"",""LU"",""LV"",""MT"",""NL"",""NO"",""PL"",""PT"",""RO"",""SE"",""SI"",""SK""]","2024-11-23 00:00:00","The decision was taken pursuant to own-initiative investigations.",SOURCE_VOLUNTARY,,Yes,AUTOMATED_DECISION_FULLY,TikTok,7440371670738590497,"2024-11-23 07:22:12"
4afae818-c966-4b74-868c-4ac266874894,"[""DECISION_VISIBILITY_CONTENT_REMOVED""]",,,,,,,,,,,DECISION_GROUND_INCOMPATIBLE_CONTENT,,,,"Hate Speech and Hateful Behaviors","TikTok is enriched by the various backgrounds of our community members. Our differences should be respected, rather than a cause for division. We do not allow any hateful behavior, hate speech, or promotion of hateful ideologies. This includes content that attacks a person or group because of protected attributes.We proactively enforce our Community Guidelines through a mix of technology and human moderation. We have detected this policy violation using automated measures. We have used automated measures in making this decision.",,STATEMENT_CATEGORY_ILLEGAL_OR_HARMFUL_SPEECH,,,,"[""CONTENT_TYPE_TEXT""]",,,"2024-11-23 00:00:00","[""AT"",""BE"",""BG"",""CY"",""CZ"",""DE"",""DK"",""EE"",""ES"",""FI"",""FR"",""GR"",""HR"",""HU"",""IE"",""IT"",""LI"",""LT"",""LU"",""LV"",""MT"",""NL"",""NO"",""PL"",""PT"",""RO"",""SE"",""SI"",""SK""]","2024-11-23 00:00:00","The decision was taken pursuant to own-initiative investigations.",SOURCE_VOLUNTARY,,Yes,AUTOMATED_DECISION_FULLY,TikTok,7440371670738606881,"2024-11-23 07:22:12"
8e9502a6-7e53-4688-9778-97d3d4a8e14f,"[""DECISION_VISIBILITY_CONTENT_REMOVED""]",,,,,,,,,,,DECISION_GROUND_INCOMPATIBLE_CONTENT,,,,"Harassment and Bullying","We welcome the respectful expression of different viewpoints, but not toxicity or trolling. We do not allow language or behavior that harasses, humiliates, threatens, or doxes anyone. This also includes responding to such acts with retaliatory harassment (but excludes non-harassing counterspeech).We proactively enforce our Community Guidelines through a mix of technology and human moderation. We have detected this policy violation using automated measures. We have used automated measures in making this decision.",,STATEMENT_CATEGORY_ILLEGAL_OR_HARMFUL_SPEECH,,,,"[""CONTENT_TYPE_TEXT""]",,,"2024-11-23 00:00:00","[""AT"",""BE"",""BG"",""CY"",""CZ"",""DE"",""DK"",""EE"",""ES"",""FI"",""FR"",""GR"",""HR"",""HU"",""IE"",""IT"",""LI"",""LT"",""LU"",""LV"",""MT"",""NL"",""NO"",""PL"",""PT"",""RO"",""SE"",""SI"",""SK""]","2024-11-23 00:00:00","The decision was taken pursuant to own-initiative investigations.",SOURCE_VOLUNTARY,,Yes,AUTOMATED_DECISION_FULLY,TikTok,7440371670738623265,"2024-11-23 07:22:12"
14a58446-8f97-416a-b183-48a28ee17ea5,"[""DECISION_VISIBILITY_CONTENT_REMOVED""]",,,,,,,,,,,DECISION_GROUND_INCOMPATIBLE_CONTENT,,,,"Hate Speech and Hateful Behaviors","TikTok is enriched by the various backgrounds of our community members. Our differences should be respected, rather than a cause for division. We do not allow any hateful behavior, hate speech, or promotion of hateful ideologies. This includes content that attacks a person or group because of protected attributes.We proactively enforce our Community Guidelines through a mix of technology and human moderation. We have detected this policy violation using automated measures. We have used automated measures in making this decision.",,STATEMENT_CATEGORY_ILLEGAL_OR_HARMFUL_SPEECH,,,,"[""CONTENT_TYPE_TEXT""]",,,"2024-11-23 00:00:00","[""AT"",""BE"",""BG"",""CY"",""CZ"",""DE"",""DK"",""EE"",""ES"",""FI"",""FR"",""GR"",""HR"",""HU"",""IE"",""IT"",""LI"",""LT"",""LU"",""LV"",""MT"",""NL"",""NO"",""PL"",""PT"",""RO"",""SE"",""SI"",""SK""]","2024-11-23 00:00:00","The decision was taken pursuant to own-initiative investigations.",SOURCE_VOLUNTARY,,Yes,AUTOMATED_DECISION_FULLY,TikTok,7440371670738639649,"2024-11-23 07:22:12"
29b8e295-133f-4612-b7e8-40f1cef00eeb,"[""DECISION_VISIBILITY_CONTENT_REMOVED""]",,,,,,,,,,,DECISION_GROUND_INCOMPATIBLE_CONTENT,,,,"Harassment and Bullying","We welcome the respectful expression of different viewpoints, but not toxicity or trolling. We do not allow language or behavior that harasses, humiliates, threatens, or doxes anyone. This also includes responding to such acts with retaliatory harassment (but excludes non-harassing counterspeech).We proactively enforce our Community Guidelines through a mix of technology and human moderation. We have detected this policy violation using automated measures. We have used automated measures in making this decision.",,STATEMENT_CATEGORY_ILLEGAL_OR_HARMFUL_SPEECH,,,,"[""CONTENT_TYPE_TEXT""]",,,"2024-11-23 00:00:00","[""AT"",""BE"",""BG"",""CY"",""CZ"",""DE"",""DK"",""EE"",""ES"",""FI"",""FR"",""GR"",""HR"",""HU"",""IE"",""IT"",""LI"",""LT"",""LU"",""LV"",""MT"",""NL"",""NO"",""PL"",""PT"",""RO"",""SE"",""SI"",""SK""]","2024-11-23 00:00:00","The decision was taken pursuant to own-initiative investigations.",SOURCE_VOLUNTARY,,Yes,AUTOMATED_DECISION_FULLY,TikTok,7440371668872157985,"2024-11-23 07:22:12"
942d1756-013b-482c-99c4-e7dfc4e32897,"[""DECISION_VISIBILITY_OTHER""]","Ad is not eligible for posting.",,,,,,,,,,DECISION_GROUND_INCOMPATIBLE_CONTENT,,,,"Our review indicates that your advertising content may violate TikTok's advertising policies by featuring a product/service which belongs to a prohibited industry of the targeted location(s) in your ad. For more policy details, please refer to ""TikTok Advertising Policies - Industry Entry"" (https://ads.tiktok.com/help/article?aid=6685586866860720134). Our review indicates that your advertising content may violate TikTok's advertising policies by promoting prohibited products or services in the t","Please change the promoted product/service in your ad or change the targeted location(s) in your ad group settings according to our policy. For more policy details, please refer to ""TikTok Advertising Policies - Industry Entry"" (https://ads.tiktok.com/help/article?aid=6685586866860720134). For more policy details, please refer to """"TikTok Advertising Policies - Industry Entry"" (https://ads.tiktok.com/help/article?aid=6685586866860720134).",,STATEMENT_CATEGORY_SCOPE_OF_PLATFORM_SERVICE,,,,"[""CONTENT_TYPE_VIDEO""]",,,"2024-11-23 00:00:00","[""RO""]","2024-11-23 00:00:00","The decision was taken pursuant to own-initiative investigations.",SOURCE_VOLUNTARY,,Yes,AUTOMATED_DECISION_FULLY,TikTok,7440371677898316577,"2024-11-23 07:22:13"
36212812-70e0-469f-893c-1399ddfb34fb,"[""DECISION_VISIBILITY_CONTENT_REMOVED""]",,,,,,,,,,,DECISION_GROUND_INCOMPATIBLE_CONTENT,,,,"Harassment and Bullying","We welcome the respectful expression of different viewpoints, but not toxicity or trolling. We do not allow language or behavior that harasses, humiliates, threatens, or doxes anyone. This also includes responding to such acts with retaliatory harassment (but excludes non-harassing counterspeech).We proactively enforce our Community Guidelines through a mix of technology and human moderation. We have detected this policy violation using automated measures. We have used automated measures in making this decision.",,STATEMENT_CATEGORY_ILLEGAL_OR_HARMFUL_SPEECH,,,,"[""CONTENT_TYPE_TEXT""]",,,"2024-11-23 00:00:00","[""AT"",""BE"",""BG"",""CY"",""CZ"",""DE"",""DK"",""EE"",""ES"",""FI"",""FR"",""GR"",""HR"",""HU"",""IE"",""IT"",""LI"",""LT"",""LU"",""LV"",""MT"",""NL"",""NO"",""PL"",""PT"",""RO"",""SE"",""SI"",""SK""]","2024-11-23 00:00:00","The decision was taken pursuant to own-initiative investigations.",SOURCE_VOLUNTARY,,Yes,AUTOMATED_DECISION_FULLY,TikTok,7440371677898332961,"2024-11-23 07:22:13"
148344c5-dc30-49ef-ba0b-f0cdff696044,"[""DECISION_VISIBILITY_OTHER""]","Video not eligible for recommendation in the For You feed",,,,,,,,,,DECISION_GROUND_INCOMPATIBLE_CONTENT,,,,"Community Guidelines","We maintain content eligibility standards for the For You feed (FYF) that prioritize safety and are informed by the diversity of our community and cultural norms. We make ineligible for the FYF certain content that may not be appropriate for a broad audience related to: (1) Behavioral Health, (2) Sensitive and Mature Themes, (3) Integrity and Authenticity, and (4) Regulated Goods. Content that is ineligible for the FYF can still be discovered in other ways, such as through search tools or by following an account.We proactively enforce our Community Guidelines through a mix of technology and human moderation. We have detected this policy violation using automated measures. We have used automated measures in making this decision.",,STATEMENT_CATEGORY_SCOPE_OF_PLATFORM_SERVICE,,,,"[""CONTENT_TYPE_VIDEO""]",,,"2024-11-23 00:00:00","[""AT"",""BE"",""BG"",""CY"",""CZ"",""DE"",""DK"",""EE"",""ES"",""FI"",""FR"",""GR"",""HR"",""HU"",""IE"",""IT"",""LI"",""LT"",""LU"",""LV"",""MT"",""NL"",""NO"",""PL"",""PT"",""RO"",""SE"",""SI"",""SK""]","2024-11-23 00:00:00","The decision was taken pursuant to own-initiative investigations.",SOURCE_VOLUNTARY,,Yes,AUTOMATED_DECISION_FULLY,TikTok,7440371677898349345,"2024-11-23 07:22:13"
9f91c594-6ebf-4bdd-8e37-cbeb9a3832ea,"[""DECISION_VISIBILITY_CONTENT_REMOVED""]",,,,,,,,,,,DECISION_GROUND_INCOMPATIBLE_CONTENT,,,,"Frauds and Scams","We want people to be able to use our platform to learn about ways to be financially responsible and consider economic transactions or investment opportunities, without worrying about scams or financial exploitation. We do not allow attempts to defraud or scam members of our community.We proactively enforce our Community Guidelines through a mix of technology and human moderation. We have detected this policy violation using automated measures. We have used automated measures in making this decision.",,STATEMENT_CATEGORY_SCAMS_AND_FRAUD,,,,"[""CONTENT_TYPE_VIDEO""]",,,"2024-11-23 00:00:00","[""AT"",""BE"",""BG"",""CY"",""CZ"",""DE"",""DK"",""EE"",""ES"",""FI"",""FR"",""GR"",""HR"",""HU"",""IE"",""IT"",""LI"",""LT"",""LU"",""LV"",""MT"",""NL"",""NO"",""PL"",""PT"",""RO"",""SE"",""SI"",""SK""]","2024-11-23 00:00:00","The decision was taken pursuant to own-initiative investigations.",SOURCE_VOLUNTARY,,Yes,AUTOMATED_DECISION_FULLY,TikTok,7440371679198534432,"2024-11-23 07:22:13"
25e75fca-ddb5-47b2-bedf-d47b18338d4d,"[""DECISION_VISIBILITY_OTHER""]","Video not eligible for recommendation in the For You feed",,,,,,,,,,DECISION_GROUND_INCOMPATIBLE_CONTENT,,,,"Community Guidelines","We maintain content eligibility standards for the For You feed (FYF) that prioritize safety and are informed by the diversity of our community and cultural norms. We make ineligible for the FYF certain content that may not be appropriate for a broad audience related to: (1) Behavioral Health, (2) Sensitive and Mature Themes, (3) Integrity and Authenticity, and (4) Regulated Goods. Content that is ineligible for the FYF can still be discovered in other ways, such as through search tools or by following an account.We proactively enforce our Community Guidelines through a mix of technology and human moderation. We have detected this policy violation using automated measures. We have used automated measures in making this decision.",,STATEMENT_CATEGORY_SCOPE_OF_PLATFORM_SERVICE,,,,"[""CONTENT_TYPE_VIDEO""]",,,"2024-11-23 00:00:00","[""AT"",""BE"",""BG"",""CY"",""CZ"",""DE"",""DK"",""EE"",""ES"",""FI"",""FR"",""GR"",""HR"",""HU"",""IE"",""IT"",""LI"",""LT"",""LU"",""LV"",""MT"",""NL"",""NO"",""PL"",""PT"",""RO"",""SE"",""SI"",""SK""]","2024-11-23 00:00:00","The decision was taken pursuant to own-initiative investigations.",SOURCE_VOLUNTARY,,Yes,AUTOMATED_DECISION_FULLY,TikTok,7440371679198550816,"2024-11-23 07:22:13"
c931e4fc-1e4b-4c9c-bfb0-99850a382a7a,,,,,,,,,DECISION_ACCOUNT_TERMINATED,,,DECISION_GROUND_INCOMPATIBLE_CONTENT,,,,"Community Guidelines Violations","Your account was permanently banned because of multiple policy violations.",,STATEMENT_CATEGORY_SCOPE_OF_PLATFORM_SERVICE,,,,"[""CONTENT_TYPE_OTHER""]","Account Ban",,"2023-03-07 00:00:00","[""AT"",""BE"",""BG"",""CY"",""CZ"",""DE"",""DK"",""EE"",""ES"",""FI"",""FR"",""GR"",""HR"",""HU"",""IE"",""IT"",""LI"",""LT"",""LU"",""LV"",""MT"",""NL"",""NO"",""PL"",""PT"",""RO"",""SE"",""SI"",""SK""]","2024-11-23 00:00:00","The decision was taken pursuant to own-initiative investigations",SOURCE_VOLUNTARY,,No,AUTOMATED_DECISION_NOT_AUTOMATED,TikTok,7440371679198567200,"2024-11-23 07:22:13"
744ce21e-907d-4388-bef6-de784c5b254a,,,,,,,,,DECISION_ACCOUNT_TERMINATED,,,DECISION_GROUND_INCOMPATIBLE_CONTENT,,,,"Advertising policy violation","Reasons why your account may have been suspended: - We received a report or complaint about your account from people on TikTok or other channels. - There are problems with your ad creative, or qualifications or services provided in your ads. - We suspected malicious behavior or intent during ad creation. - You made changes to your ad's landing page after launching the campaign.",,STATEMENT_CATEGORY_SCOPE_OF_PLATFORM_SERVICE,,,,"[""CONTENT_TYPE_OTHER""]","Account Suspended",,"2024-11-23 00:00:00","[""AT"",""BE"",""BG"",""CY"",""CZ"",""DE"",""DK"",""EE"",""ES"",""FI"",""FR"",""GR"",""HR"",""HU"",""IE"",""IT"",""LI"",""LT"",""LU"",""LV"",""MT"",""NL"",""NO"",""PL"",""PT"",""RO"",""SE"",""SI"",""SK""]","2024-11-23 00:00:00","The decision was taken pursuant to own-initiative investigations.",SOURCE_VOLUNTARY,,Yes,AUTOMATED_DECISION_FULLY,TikTok,7440371677898365729,"2024-11-23 07:22:13"
8abdc995-a880-4413-bd89-417b38e0971d,"[""DECISION_VISIBILITY_OTHER""]","Video not eligible for recommendation in the For You feed",,,,,,,,,,DECISION_GROUND_INCOMPATIBLE_CONTENT,,,,"Community Guidelines","We maintain content eligibility standards for the For You feed (FYF) that prioritize safety and are informed by the diversity of our community and cultural norms. We make ineligible for the FYF certain content that may not be appropriate for a broad audience related to: (1) Behavioral Health, (2) Sensitive and Mature Themes, (3) Integrity and Authenticity, and (4) Regulated Goods. Content that is ineligible for the FYF can still be discovered in other ways, such as through search tools or by following an account.We proactively enforce our Community Guidelines through a mix of technology and human moderation. We have detected this policy violation using automated measures. We have used automated measures in making this decision.",,STATEMENT_CATEGORY_SCOPE_OF_PLATFORM_SERVICE,,,,"[""CONTENT_TYPE_VIDEO""]",,,"2024-11-23 00:00:00","[""AT"",""BE"",""BG"",""CY"",""CZ"",""DE"",""DK"",""EE"",""ES"",""FI"",""FR"",""GR"",""HR"",""HU"",""IE"",""IT"",""LI"",""LT"",""LU"",""LV"",""MT"",""NL"",""NO"",""PL"",""PT"",""RO"",""SE"",""SI"",""SK""]","2024-11-23 00:00:00","The decision was taken pursuant to own-initiative investigations.",SOURCE_VOLUNTARY,,Yes,AUTOMATED_DECISION_FULLY,TikTok,7440371682121882401,"2024-11-23 07:22:13"
b4032c2e-10d9-4d0d-b27c-9f72ee87131c,"[""DECISION_VISIBILITY_CONTENT_REMOVED""]",,,,,,,,,,,DECISION_GROUND_INCOMPATIBLE_CONTENT,,,,"Harassment and Bullying","We welcome the respectful expression of different viewpoints, but not toxicity or trolling. We do not allow language or behavior that harasses, humiliates, threatens, or doxes anyone. This also includes responding to such acts with retaliatory harassment (but excludes non-harassing counterspeech).We proactively enforce our Community Guidelines through a mix of technology and human moderation. We have detected this policy violation using automated measures. We have used automated measures in making this decision.",,STATEMENT_CATEGORY_ILLEGAL_OR_HARMFUL_SPEECH,,,,"[""CONTENT_TYPE_TEXT""]",,,"2024-11-23 00:00:00","[""AT"",""BE"",""BG"",""CY"",""CZ"",""DE"",""DK"",""EE"",""ES"",""FI"",""FR"",""GR"",""HR"",""HU"",""IE"",""IT"",""LI"",""LT"",""LU"",""LV"",""MT"",""NL"",""NO"",""PL"",""PT"",""RO"",""SE"",""SI"",""SK""]","2024-11-23 00:00:00","The decision was taken pursuant to own-initiative investigations.",SOURCE_VOLUNTARY,,Yes,AUTOMATED_DECISION_FULLY,TikTok,7440371679198583584,"2024-11-23 07:22:13"
90f6c4c2-cbec-4bd8-87c8-abef0b30c444,"[""DECISION_VISIBILITY_CONTENT_REMOVED""]",,,,,,,,,,,DECISION_GROUND_INCOMPATIBLE_CONTENT,,,,"Civic and Election Integrity","Elections are important moments of community conversation and promote the values of an open society. We do not allow misinformation about civic and electoral processes, regardless of intent. This includes misinformation about how to vote, registering to vote, eligibility requirements of  candidates, the processes to count ballots and certify elections, and the final outcome of an election.We proactively enforce our Community Guidelines through a mix of technology and human moderation. We have detected this policy violation using automated measures. We have used automated measures in making this decision.",,STATEMENT_CATEGORY_NEGATIVE_EFFECTS_ON_CIVIC_DISCOURSE_OR_ELECTIONS,,,,"[""CONTENT_TYPE_IMAGE""]",,,"2024-11-23 00:00:00","[""AT"",""BE"",""BG"",""CY"",""CZ"",""DE"",""DK"",""EE"",""ES"",""FI"",""FR"",""GR"",""HR"",""HU"",""IE"",""IT"",""LI"",""LT"",""LU"",""LV"",""MT"",""NL"",""NO"",""PL"",""PT"",""RO"",""SE"",""SI"",""SK""]","2024-11-23 00:00:00","The decision was taken pursuant to own-initiative investigations.",SOURCE_VOLUNTARY,,Yes,AUTOMATED_DECISION_FULLY,TikTok,7440371679198599968,"2024-11-23 07:22:13"
fa9493a1-061b-4f53-9d2d-dc31f8097279,"[""DECISION_VISIBILITY_CONTENT_REMOVED""]",,,,,,,,,,,DECISION_GROUND_INCOMPATIBLE_CONTENT,,,,"Harassment and Bullying","We welcome the respectful expression of different viewpoints, but not toxicity or trolling. We do not allow language or behavior that harasses, humiliates, threatens, or doxes anyone. This also includes responding to such acts with retaliatory harassment (but excludes non-harassing counterspeech).We proactively enforce our Community Guidelines through a mix of technology and human moderation. We have detected this policy violation using automated measures. We have used automated measures in making this decision.",,STATEMENT_CATEGORY_ILLEGAL_OR_HARMFUL_SPEECH,,,,"[""CONTENT_TYPE_TEXT""]",,,"2024-11-23 00:00:00","[""AT"",""BE"",""BG"",""CY"",""CZ"",""DE"",""DK"",""EE"",""ES"",""FI"",""FR"",""GR"",""HR"",""HU"",""IE"",""IT"",""LI"",""LT"",""LU"",""LV"",""MT"",""NL"",""NO"",""PL"",""PT"",""RO"",""SE"",""SI"",""SK""]","2024-11-23 00:00:00","The decision was taken pursuant to own-initiative investigations.",SOURCE_VOLUNTARY,,Yes,AUTOMATED_DECISION_FULLY,TikTok,7440371684290337568,"2024-11-23 07:22:13"
6421644b-5412-4452-ba3f-505a832fc430,"[""DECISION_VISIBILITY_OTHER""]","Video not eligible for recommendation in the For You feed",,,,,,,,,,DECISION_GROUND_INCOMPATIBLE_CONTENT,,,,"Community Guidelines","We maintain content eligibility standards for the For You feed (FYF) that prioritize safety and are informed by the diversity of our community and cultural norms. We make ineligible for the FYF certain content that may not be appropriate for a broad audience related to: (1) Behavioral Health, (2) Sensitive and Mature Themes, (3) Integrity and Authenticity, and (4) Regulated Goods. Content that is ineligible for the FYF can still be discovered in other ways, such as through search tools or by following an account.We proactively enforce our Community Guidelines through a mix of technology and human moderation. We have detected this policy violation using automated measures. We have used automated measures in making this decision.",,STATEMENT_CATEGORY_SCOPE_OF_PLATFORM_SERVICE,,,,"[""CONTENT_TYPE_VIDEO""]",,,"2024-11-20 00:00:00","[""AT"",""BE"",""BG"",""CY"",""CZ"",""DE"",""DK"",""EE"",""ES"",""FI"",""FR"",""GR"",""HR"",""HU"",""IE"",""IT"",""LI"",""LT"",""LU"",""LV"",""MT"",""NL"",""NO"",""PL"",""PT"",""RO"",""SE"",""SI"",""SK""]","2024-11-23 00:00:00","The decision was taken pursuant to own-initiative investigations.",SOURCE_VOLUNTARY,,Yes,AUTOMATED_DECISION_FULLY,TikTok,7440371682121898785,"2024-11-23 07:22:13"
e65603b4-90e1-451f-8247-27a9d9f06eb8,"[""DECISION_VISIBILITY_CONTENT_REMOVED""]",,,,,,,,,,,DECISION_GROUND_INCOMPATIBLE_CONTENT,,,,"Harassment and Bullying","We welcome the respectful expression of different viewpoints, but not toxicity or trolling. We do not allow language or behavior that harasses, humiliates, threatens, or doxes anyone. This also includes responding to such acts with retaliatory harassment (but excludes non-harassing counterspeech).We proactively enforce our Community Guidelines through a mix of technology and human moderation. We have detected this policy violation using automated measures. We have used automated measures in making this decision.",,STATEMENT_CATEGORY_ILLEGAL_OR_HARMFUL_SPEECH,,,,"[""CONTENT_TYPE_TEXT""]",,,"2024-11-23 00:00:00","[""AT"",""BE"",""BG"",""CY"",""CZ"",""DE"",""DK"",""EE"",""ES"",""FI"",""FR"",""GR"",""HR"",""HU"",""IE"",""IT"",""LI"",""LT"",""LU"",""LV"",""MT"",""NL"",""NO"",""PL"",""PT"",""RO"",""SE"",""SI"",""SK""]","2024-11-23 00:00:00","The decision was taken pursuant to own-initiative investigations.",SOURCE_VOLUNTARY,,Yes,AUTOMATED_DECISION_FULLY,TikTok,7440371682121915169,"2024-11-23 07:22:13"
06635957-5d05-4f2f-815b-3985f81c00b6,"[""DECISION_VISIBILITY_CONTENT_REMOVED""]",,,,,,,,,,,DECISION_GROUND_INCOMPATIBLE_CONTENT,,,,"Harassment and Bullying","We welcome the respectful expression of different viewpoints, but not toxicity or trolling. We do not allow language or behavior that harasses, humiliates, threatens, or doxes anyone. This also includes responding to such acts with retaliatory harassment (but excludes non-harassing counterspeech).We proactively enforce our Community Guidelines through a mix of technology and human moderation. We have detected this policy violation using automated measures. We have used automated measures in making this decision.",,STATEMENT_CATEGORY_ILLEGAL_OR_HARMFUL_SPEECH,,,,"[""CONTENT_TYPE_TEXT""]",,,"2024-11-23 00:00:00","[""AT"",""BE"",""BG"",""CY"",""CZ"",""DE"",""DK"",""EE"",""ES"",""FI"",""FR"",""GR"",""HR"",""HU"",""IE"",""IT"",""LI"",""LT"",""LU"",""LV"",""MT"",""NL"",""NO"",""PL"",""PT"",""RO"",""SE"",""SI"",""SK""]","2024-11-23 00:00:00","The decision was taken pursuant to own-initiative investigations.",SOURCE_VOLUNTARY,,Yes,AUTOMATED_DECISION_FULLY,TikTok,7440371684290353952,"2024-11-23 07:22:13"
8d2443c4-20dd-41a2-ba64-3bfcb38ac492,"[""DECISION_VISIBILITY_OTHER""]","Video not eligible for recommendation in the For You feed",,,,,,,,,,DECISION_GROUND_INCOMPATIBLE_CONTENT,,,,"Community Guidelines","We maintain content eligibility standards for the For You feed (FYF) that prioritize safety and are informed by the diversity of our community and cultural norms. We make ineligible for the FYF certain content that may not be appropriate for a broad audience related to: (1) Behavioral Health, (2) Sensitive and Mature Themes, (3) Integrity and Authenticity, and (4) Regulated Goods. Content that is ineligible for the FYF can still be discovered in other ways, such as through search tools or by following an account.We proactively enforce our Community Guidelines through a mix of technology and human moderation. We have detected this policy violation using automated measures. We have used automated measures in making this decision.",,STATEMENT_CATEGORY_SCOPE_OF_PLATFORM_SERVICE,,,,"[""CONTENT_TYPE_VIDEO""]",,,"2024-11-23 00:00:00","[""AT"",""BE"",""BG"",""CY"",""CZ"",""DE"",""DK"",""EE"",""ES"",""FI"",""FR"",""GR"",""HR"",""HU"",""IE"",""IT"",""LI"",""LT"",""LU"",""LV"",""MT"",""NL"",""NO"",""PL"",""PT"",""RO"",""SE"",""SI"",""SK""]","2024-11-23 00:00:00","The decision was taken pursuant to own-initiative investigations.",SOURCE_VOLUNTARY,,Yes,AUTOMATED_DECISION_FULLY,TikTok,7440371684290370336,"2024-11-23 07:22:13"
bb171c5d-8584-42dc-8992-0157e9fff4c6,"[""DECISION_VISIBILITY_CONTENT_REMOVED""]",,,,,,,,,,,DECISION_GROUND_INCOMPATIBLE_CONTENT,,,,"Harassment and Bullying","We welcome the respectful expression of different viewpoints, but not toxicity or trolling. We do not allow language or behavior that harasses, humiliates, threatens, or doxes anyone. This also includes responding to such acts with retaliatory harassment (but excludes non-harassing counterspeech).We proactively enforce our Community Guidelines through a mix of technology and human moderation. We have detected this policy violation using automated measures. We have used automated measures in making this decision.",,STATEMENT_CATEGORY_ILLEGAL_OR_HARMFUL_SPEECH,,,,"[""CONTENT_TYPE_TEXT""]",,,"2024-11-23 00:00:00","[""AT"",""BE"",""BG"",""CY"",""CZ"",""DE"",""DK"",""EE"",""ES"",""FI"",""FR"",""GR"",""HR"",""HU"",""IE"",""IT"",""LI"",""LT"",""LU"",""LV"",""MT"",""NL"",""NO"",""PL"",""PT"",""RO"",""SE"",""SI"",""SK""]","2024-11-23 00:00:00","The decision was taken pursuant to own-initiative investigations.",SOURCE_VOLUNTARY,,Yes,AUTOMATED_DECISION_FULLY,TikTok,7440371682121931553,"2024-11-23 07:22:13"
c917ae8f-8fcc-4ade-9d7a-027736530d2d,"[""DECISION_VISIBILITY_CONTENT_REMOVED""]",,,,,,,,,,,DECISION_GROUND_INCOMPATIBLE_CONTENT,,,,"Harassment and Bullying","We welcome the respectful expression of different viewpoints, but not toxicity or trolling. We do not allow language or behavior that harasses, humiliates, threatens, or doxes anyone. This also includes responding to such acts with retaliatory harassment (but excludes non-harassing counterspeech).We proactively enforce our Community Guidelines through a mix of technology and human moderation. We have detected this policy violation using automated measures. We have used automated measures in making this decision.",,STATEMENT_CATEGORY_ILLEGAL_OR_HARMFUL_SPEECH,,,,"[""CONTENT_TYPE_TEXT""]",,,"2024-11-23 00:00:00","[""AT"",""BE"",""BG"",""CY"",""CZ"",""DE"",""DK"",""EE"",""ES"",""FI"",""FR"",""GR"",""HR"",""HU"",""IE"",""IT"",""LI"",""LT"",""LU"",""LV"",""MT"",""NL"",""NO"",""PL"",""PT"",""RO"",""SE"",""SI"",""SK""]","2024-11-23 00:00:00","The decision was taken pursuant to own-initiative investigations.",SOURCE_VOLUNTARY,,Yes,AUTOMATED_DECISION_FULLY,TikTok,7440371684290386720,"2024-11-23 07:22:13"
f5dc56f4-c62b-4ec6-83d8-807f7aa516b8,"[""DECISION_VISIBILITY_CONTENT_REMOVED""]",,,,,,,,,,,DECISION_GROUND_INCOMPATIBLE_CONTENT,,,,"Hate Speech and Hateful Behaviors","TikTok is enriched by the various backgrounds of our community members. Our differences should be respected, rather than a cause for division. We do not allow any hateful behavior, hate speech, or promotion of hateful ideologies. This includes content that attacks a person or group because of protected attributes.We proactively enforce our Community Guidelines through a mix of technology and human moderation. We have detected this policy violation using automated measures. We have used automated measures in making this decision.",,STATEMENT_CATEGORY_ILLEGAL_OR_HARMFUL_SPEECH,,,,"[""CONTENT_TYPE_TEXT""]",,,"2024-11-23 00:00:00","[""AT"",""BE"",""BG"",""CY"",""CZ"",""DE"",""DK"",""EE"",""ES"",""FI"",""FR"",""GR"",""HR"",""HU"",""IE"",""IT"",""LI"",""LT"",""LU"",""LV"",""MT"",""NL"",""NO"",""PL"",""PT"",""RO"",""SE"",""SI"",""SK""]","2024-11-23 00:00:00","The decision was taken pursuant to own-initiative investigations.",SOURCE_VOLUNTARY,,Yes,AUTOMATED_DECISION_FULLY,TikTok,7440371684290403104,"2024-11-23 07:22:13"
a2c63846-d6cd-4299-9ed5-390c87ca8858,"[""DECISION_VISIBILITY_OTHER""]","Video not eligible for recommendation in the For You feed",,,,,,,,,,DECISION_GROUND_INCOMPATIBLE_CONTENT,,,,"Sexually Suggestive Content","We are mindful that certain behaviors related to sexual arousal or suggestiveness may be offensive to some people and may put young people at risk of exploitation. Content is ineligible for the For You feed and harder to find in search if it shows sex products or intends to sexually arouse (such as intimate kissing, sexualized posing, and seductive performances or allusions to sexual activity by adults). We proactively enforce our Community Guidelines through a mix of technology and human moderation. We have detected this policy violation using automated measures. We have used automated measures in making this decision.",,STATEMENT_CATEGORY_SCOPE_OF_PLATFORM_SERVICE,,,,"[""CONTENT_TYPE_VIDEO""]",,,"2024-11-23 00:00:00","[""AT"",""BE"",""BG"",""CY"",""CZ"",""DE"",""DK"",""EE"",""ES"",""FI"",""FR"",""GR"",""HR"",""HU"",""IE"",""IT"",""LI"",""LT"",""LU"",""LV"",""MT"",""NL"",""NO"",""PL"",""PT"",""RO"",""SE"",""SI"",""SK""]","2024-11-23 00:00:00","The decision was taken pursuant to own-initiative investigations.",SOURCE_VOLUNTARY,,Yes,AUTOMATED_DECISION_FULLY,TikTok,7440371682121947937,"2024-11-23 07:22:13"
fac6d94f-19f5-4a8e-8cf6-0bc73b136bcb,"[""DECISION_VISIBILITY_CONTENT_REMOVED""]",,,,,,,,,,,DECISION_GROUND_INCOMPATIBLE_CONTENT,,,,"Sexual Exploitation and Gender-Based Violence","We are committed to providing a space that embraces gender equity, supports healthy relationships, and respects intimate privacy. We do not allow sexual exploitation or gender-based violence, including non-consensual sexual acts, image-based sexual abuse, sextortion, physical abuse, and sexual harassment.We proactively enforce our Community Guidelines through a mix of technology and human moderation. We have detected this policy violation using automated measures. We have used automated measures in making this decision.",,STATEMENT_CATEGORY_VIOLENCE,,,,"[""CONTENT_TYPE_TEXT""]",,,"2024-11-23 00:00:00","[""AT"",""BE"",""BG"",""CY"",""CZ"",""DE"",""DK"",""EE"",""ES"",""FI"",""FR"",""GR"",""HR"",""HU"",""IE"",""IT"",""LI"",""LT"",""LU"",""LV"",""MT"",""NL"",""NO"",""PL"",""PT"",""RO"",""SE"",""SI"",""SK""]","2024-11-23 00:00:00","The decision was taken pursuant to own-initiative investigations.",SOURCE_VOLUNTARY,,Yes,AUTOMATED_DECISION_FULLY,TikTok,7440371682121964321,"2024-11-23 07:22:13"
225bd884-63e7-477f-a4d3-77e516afb909,"[""DECISION_VISIBILITY_CONTENT_REMOVED""]",,,,,,,,,,,DECISION_GROUND_INCOMPATIBLE_CONTENT,,,,"Harassment and Bullying","We welcome the respectful expression of different viewpoints, but not toxicity or trolling. We do not allow language or behavior that harasses, humiliates, threatens, or doxes anyone. This also includes responding to such acts with retaliatory harassment (but excludes non-harassing counterspeech).We proactively enforce our Community Guidelines through a mix of technology and human moderation. We have detected this policy violation using automated measures. We have used automated measures in making this decision.",,STATEMENT_CATEGORY_ILLEGAL_OR_HARMFUL_SPEECH,,,,"[""CONTENT_TYPE_TEXT""]",,,"2024-11-23 00:00:00","[""AT"",""BE"",""BG"",""CY"",""CZ"",""DE"",""DK"",""EE"",""ES"",""FI"",""FR"",""GR"",""HR"",""HU"",""IE"",""IT"",""LI"",""LT"",""LU"",""LV"",""MT"",""NL"",""NO"",""PL"",""PT"",""RO"",""SE"",""SI"",""SK""]","2024-11-23 00:00:00","The decision was taken pursuant to own-initiative investigations.",SOURCE_VOLUNTARY,,Yes,AUTOMATED_DECISION_FULLY,TikTok,7440371684290419488,"2024-11-23 07:22:13"
30442cb9-8876-453a-bf13-b4ad4c04b8f7,"[""DECISION_VISIBILITY_OTHER""]","Video not eligible for recommendation in the For You feed",,,,,,,,,,DECISION_GROUND_INCOMPATIBLE_CONTENT,,,,"Dangerous Activities and Challenges","Most activities or challenges are appropriate for everyone, but some carry a risk of significant injury. Content is ineligible for the For You feed if it involves activities that are likely to lead to moderate physical harm, or includes professionals who are performing extreme sports and stunts that may endanger others.We proactively enforce our Community Guidelines through a mix of technology and human moderation. We have detected this policy violation using automated measures. We have used automated measures in making this decision.",,STATEMENT_CATEGORY_SCOPE_OF_PLATFORM_SERVICE,,,,"[""CONTENT_TYPE_VIDEO""]",,,"2024-11-23 00:00:00","[""AT"",""BE"",""BG"",""CY"",""CZ"",""DE"",""DK"",""EE"",""ES"",""FI"",""FR"",""GR"",""HR"",""HU"",""IE"",""IT"",""LI"",""LT"",""LU"",""LV"",""MT"",""NL"",""NO"",""PL"",""PT"",""RO"",""SE"",""SI"",""SK""]","2024-11-23 00:00:00","The decision was taken pursuant to own-initiative investigations.",SOURCE_VOLUNTARY,,Yes,AUTOMATED_DECISION_FULLY,TikTok,7440371684290435872,"2024-11-23 07:22:13"
47320896-5e5e-405e-b49a-6e05595932b3,"[""DECISION_VISIBILITY_OTHER""]","Video not eligible for recommendation in the For You feed",,,,,,,,,,DECISION_GROUND_INCOMPATIBLE_CONTENT,,,,"Community Guidelines","We maintain content eligibility standards for the For You feed (FYF) that prioritize safety and are informed by the diversity of our community and cultural norms. We make ineligible for the FYF certain content that may not be appropriate for a broad audience related to: (1) Behavioral Health, (2) Sensitive and Mature Themes, (3) Integrity and Authenticity, and (4) Regulated Goods. Content that is ineligible for the FYF can still be discovered in other ways, such as through search tools or by following an account.We proactively enforce our Community Guidelines through a mix of technology and human moderation. We have detected this policy violation using automated measures. We have used automated measures in making this decision.",,STATEMENT_CATEGORY_SCOPE_OF_PLATFORM_SERVICE,,,,"[""CONTENT_TYPE_VIDEO""]",,,"2024-11-23 00:00:00","[""AT"",""BE"",""BG"",""CY"",""CZ"",""DE"",""DK"",""EE"",""ES"",""FI"",""FR"",""GR"",""HR"",""HU"",""IE"",""IT"",""LI"",""LT"",""LU"",""LV"",""MT"",""NL"",""NO"",""PL"",""PT"",""RO"",""SE"",""SI"",""SK""]","2024-11-23 00:00:00","The decision was taken pursuant to own-initiative investigations.",SOURCE_VOLUNTARY,,Yes,AUTOMATED_DECISION_FULLY,TikTok,7440371684290452256,"2024-11-23 07:22:13"
04d4f0d2-a280-4db1-a301-a2432eacd4fe,"[""DECISION_VISIBILITY_CONTENT_REMOVED""]",,,,,,,,,,,DECISION_GROUND_INCOMPATIBLE_CONTENT,,,,"Harassment and Bullying","We welcome the respectful expression of different viewpoints, but not toxicity or trolling. We do not allow language or behavior that harasses, humiliates, threatens, or doxes anyone. This also includes responding to such acts with retaliatory harassment (but excludes non-harassing counterspeech).We proactively enforce our Community Guidelines through a mix of technology and human moderation. We have detected this policy violation using automated measures. We have used automated measures in making this decision.",,STATEMENT_CATEGORY_ILLEGAL_OR_HARMFUL_SPEECH,,,,"[""CONTENT_TYPE_TEXT""]",,,"2024-11-23 00:00:00","[""AT"",""BE"",""BG"",""CY"",""CZ"",""DE"",""DK"",""EE"",""ES"",""FI"",""FR"",""GR"",""HR"",""HU"",""IE"",""IT"",""LI"",""LT"",""LU"",""LV"",""MT"",""NL"",""NO"",""PL"",""PT"",""RO"",""SE"",""SI"",""SK""]","2024-11-23 00:00:00","The decision was taken pursuant to own-initiative investigations.",SOURCE_VOLUNTARY,,Yes,AUTOMATED_DECISION_FULLY,TikTok,7440371682121980705,"2024-11-23 07:22:13"
f9f19432-72d9-4198-a5e1-9626903b2866,"[""DECISION_VISIBILITY_OTHER""]","Video not eligible for recommendation in the For You feed",,,,,,,,,,DECISION_GROUND_INCOMPATIBLE_CONTENT,,,,"Alcohol, Tobacco, and Drugs","While adults make personal choices about how they engage with alcohol, drugs, and tobacco, we recognize that there are risks connected to trading and using these substances. Content is ineligible for the For You feed and harder to find in search if it shows adults consuming excessive amounts of alcohol or tobacco products.We proactively enforce our Community Guidelines through a mix of technology and human moderation. We have detected this policy violation using automated measures. We have used automated measures in making this decision.",,STATEMENT_CATEGORY_SCOPE_OF_PLATFORM_SERVICE,,,,"[""CONTENT_TYPE_VIDEO""]",,,"2024-11-23 00:00:00","[""AT"",""BE"",""BG"",""CY"",""CZ"",""DE"",""DK"",""EE"",""ES"",""FI"",""FR"",""GR"",""HR"",""HU"",""IE"",""IT"",""LI"",""LT"",""LU"",""LV"",""MT"",""NL"",""NO"",""PL"",""PT"",""RO"",""SE"",""SI"",""SK""]","2024-11-23 00:00:00","The decision was taken pursuant to own-initiative investigations.",SOURCE_VOLUNTARY,,Yes,AUTOMATED_DECISION_FULLY,TikTok,7440371682122013473,"2024-11-23 07:22:13"
41e9c926-1d2a-48d0-b6a0-784d1f40ed5d,"[""DECISION_VISIBILITY_CONTENT_REMOVED""]",,,,,,,,,,,DECISION_GROUND_INCOMPATIBLE_CONTENT,,,,"Harassment and Bullying","We welcome the respectful expression of different viewpoints, but not toxicity or trolling. We do not allow language or behavior that harasses, humiliates, threatens, or doxes anyone. This also includes responding to such acts with retaliatory harassment (but excludes non-harassing counterspeech).We proactively enforce our Community Guidelines through a mix of technology and human moderation. We have detected this policy violation using automated measures. We have used automated measures in making this decision.",,STATEMENT_CATEGORY_ILLEGAL_OR_HARMFUL_SPEECH,,,,"[""CONTENT_TYPE_TEXT""]",,,"2024-11-23 00:00:00","[""AT"",""BE"",""BG"",""CY"",""CZ"",""DE"",""DK"",""EE"",""ES"",""FI"",""FR"",""GR"",""HR"",""HU"",""IE"",""IT"",""LI"",""LT"",""LU"",""LV"",""MT"",""NL"",""NO"",""PL"",""PT"",""RO"",""SE"",""SI"",""SK""]","2024-11-23 00:00:00","The decision was taken pursuant to own-initiative investigations.",SOURCE_VOLUNTARY,,Yes,AUTOMATED_DECISION_FULLY,TikTok,7440371682121997089,"2024-11-23 07:22:13"
a7332619-413c-47f3-b2d0-c29a3275d4c7,"[""DECISION_VISIBILITY_OTHER""]","Video not eligible for recommendation in the For You feed",,,,,,,,,,DECISION_GROUND_INCOMPATIBLE_CONTENT,,,,"Community Guidelines","We maintain content eligibility standards for the For You feed (FYF) that prioritize safety and are informed by the diversity of our community and cultural norms. We make ineligible for the FYF certain content that may not be appropriate for a broad audience related to: (1) Behavioral Health, (2) Sensitive and Mature Themes, (3) Integrity and Authenticity, and (4) Regulated Goods. Content that is ineligible for the FYF can still be discovered in other ways, such as through search tools or by following an account.We proactively enforce our Community Guidelines through a mix of technology and human moderation. We have detected this policy violation using automated measures. We have used automated measures in making this decision.",,STATEMENT_CATEGORY_SCOPE_OF_PLATFORM_SERVICE,,,,"[""CONTENT_TYPE_VIDEO""]",,,"2024-11-23 00:00:00","[""AT"",""BE"",""BG"",""CY"",""CZ"",""DE"",""DK"",""EE"",""ES"",""FI"",""FR"",""GR"",""HR"",""HU"",""IE"",""IT"",""LI"",""LT"",""LU"",""LV"",""MT"",""NL"",""NO"",""PL"",""PT"",""RO"",""SE"",""SI"",""SK""]","2024-11-23 00:00:00","The decision was taken pursuant to own-initiative investigations.",SOURCE_VOLUNTARY,,Yes,AUTOMATED_DECISION_FULLY,TikTok,7440371684290468640,"2024-11-23 07:22:13"
4a4c1855-9972-43d5-8acb-b7d8402dbb6a,"[""DECISION_VISIBILITY_CONTENT_REMOVED""]",,,,,,,,,,,DECISION_GROUND_INCOMPATIBLE_CONTENT,,,,"Harassment and Bullying","We welcome the respectful expression of different viewpoints, but not toxicity or trolling. We do not allow language or behavior that harasses, humiliates, threatens, or doxes anyone. This also includes responding to such acts with retaliatory harassment (but excludes non-harassing counterspeech).We proactively enforce our Community Guidelines through a mix of technology and human moderation. We have detected this policy violation using automated measures. We have used automated measures in making this decision.",,STATEMENT_CATEGORY_ILLEGAL_OR_HARMFUL_SPEECH,,,,"[""CONTENT_TYPE_TEXT""]",,,"2024-11-23 00:00:00","[""AT"",""BE"",""BG"",""CY"",""CZ"",""DE"",""DK"",""EE"",""ES"",""FI"",""FR"",""GR"",""HR"",""HU"",""IE"",""IT"",""LI"",""LT"",""LU"",""LV"",""MT"",""NL"",""NO"",""PL"",""PT"",""RO"",""SE"",""SI"",""SK""]","2024-11-23 00:00:00","The decision was taken pursuant to own-initiative investigations.",SOURCE_VOLUNTARY,,Yes,AUTOMATED_DECISION_FULLY,TikTok,7440371684290485024,"2024-11-23 07:22:13"
ab54c2c7-50be-4544-b1c7-b53fcd5327bb,"[""DECISION_VISIBILITY_OTHER""]","Ad is not eligible for posting.",,,,,,,,,,DECISION_GROUND_INCOMPATIBLE_CONTENT,,,,"Our review indicates that your advertising content may violate TikTok's advertising policies by promoting prohibited products or services in the targeted locations. Our review indicates that your advertising content may violate TikTok's advertising policies by featuring a product/service which belongs to a prohibited industry of the targeted location(s) in your ad. For more policy details, please refer to ""TikTok Advertising Policies - Industry Entry"" (https://ads.tiktok.com/help/article?aid=668","For more policy details, please refer to """"TikTok Advertising Policies - Industry Entry"" (https://ads.tiktok.com/help/article?aid=6685586866860720134).Please change the promoted product/service in your ad or change the targeted location(s) in your ad group settings according to our policy. For more policy details, please refer to ""TikTok Advertising Policies - Industry Entry"" (https://ads.tiktok.com/help/article?aid=6685586866860720134).",,STATEMENT_CATEGORY_SCOPE_OF_PLATFORM_SERVICE,,,,"[""CONTENT_TYPE_VIDEO""]",,,"2024-11-23 00:00:00","[""RO""]","2024-11-23 00:00:00","The decision was taken pursuant to own-initiative investigations.",SOURCE_VOLUNTARY,,Yes,AUTOMATED_DECISION_FULLY,TikTok,7440371682122029857,"2024-11-23 07:22:13"
96b165b5-4e89-4700-a1b8-9b12c2447dac,"[""DECISION_VISIBILITY_OTHER""]","Photo not eligible for recommendation in the For You feed",,,,,,,,,,DECISION_GROUND_INCOMPATIBLE_CONTENT,,,,"Dangerous Activities and Challenges","Most activities or challenges are appropriate for everyone, but some carry a risk of significant injury. Content is ineligible for the For You feed if it involves activities that are likely to lead to moderate physical harm, or includes professionals who are performing extreme sports and stunts that may endanger others.We proactively enforce our Community Guidelines through a mix of technology and human moderation. We have detected this policy violation using automated measures. We have used automated measures in making this decision.",,STATEMENT_CATEGORY_NEGATIVE_EFFECTS_ON_CIVIC_DISCOURSE_OR_ELECTIONS,,,,"[""CONTENT_TYPE_IMAGE""]",,,"2024-11-23 00:00:00","[""AT"",""BE"",""BG"",""CY"",""CZ"",""DE"",""DK"",""EE"",""ES"",""FI"",""FR"",""GR"",""HR"",""HU"",""IE"",""IT"",""LI"",""LT"",""LU"",""LV"",""MT"",""NL"",""NO"",""PL"",""PT"",""RO"",""SE"",""SI"",""SK""]","2024-11-23 00:00:00","The decision was taken pursuant to own-initiative investigations.",SOURCE_VOLUNTARY,,Yes,AUTOMATED_DECISION_FULLY,TikTok,7440371687259904800,"2024-11-23 07:22:13"
86b9ea0e-8ea3-4ca3-8534-fd688e66f4c4,"[""DECISION_VISIBILITY_CONTENT_REMOVED""]",,,,,,,,,,,DECISION_GROUND_INCOMPATIBLE_CONTENT,,,,"Harassment and Bullying","We welcome the respectful expression of different viewpoints, but not toxicity or trolling. We do not allow language or behavior that harasses, humiliates, threatens, or doxes anyone. This also includes responding to such acts with retaliatory harassment (but excludes non-harassing counterspeech).We proactively enforce our Community Guidelines through a mix of technology and human moderation. We have detected this policy violation using automated measures. We have used automated measures in making this decision.",,STATEMENT_CATEGORY_ILLEGAL_OR_HARMFUL_SPEECH,,,,"[""CONTENT_TYPE_TEXT""]",,,"2024-11-23 00:00:00","[""AT"",""BE"",""BG"",""CY"",""CZ"",""DE"",""DK"",""EE"",""ES"",""FI"",""FR"",""GR"",""HR"",""HU"",""IE"",""IT"",""LI"",""LT"",""LU"",""LV"",""MT"",""NL"",""NO"",""PL"",""PT"",""RO"",""SE"",""SI"",""SK""]","2024-11-23 00:00:00","The decision was taken pursuant to own-initiative investigations.",SOURCE_VOLUNTARY,,Yes,AUTOMATED_DECISION_FULLY,TikTok,7440371687251516193,"2024-11-23 07:22:13"
74a755ef-1ce2-4222-8835-d204dcaa6cb5,"[""DECISION_VISIBILITY_CONTENT_REMOVED""]",,,,,,,,,,,DECISION_GROUND_INCOMPATIBLE_CONTENT,,,,"Sexually Suggestive Content","We welcome performances and dances where people can creatively express themselves, celebrate their culture, or seek to entertain. We are mindful that certain behaviors related to sexual arousal or suggestiveness may be offensive to some people and may put young people at risk of exploitation. We do not allow seductive performances or allusions to sexual activity by young people, or the use of sexually explicit narratives by anyone.We proactively enforce our Community Guidelines through a mix of technology and human moderation. We have detected this policy violation using automated measures. We have used automated measures in making this decision.",,STATEMENT_CATEGORY_SCOPE_OF_PLATFORM_SERVICE,,,,"[""CONTENT_TYPE_TEXT""]",,,"2024-11-23 00:00:00","[""AT"",""BE"",""BG"",""CY"",""CZ"",""DE"",""DK"",""EE"",""ES"",""FI"",""FR"",""GR"",""HR"",""HU"",""IE"",""IT"",""LI"",""LT"",""LU"",""LV"",""MT"",""NL"",""NO"",""PL"",""PT"",""RO"",""SE"",""SI"",""SK""]","2024-11-23 00:00:00","The decision was taken pursuant to own-initiative investigations.",SOURCE_VOLUNTARY,,Yes,AUTOMATED_DECISION_FULLY,TikTok,7440371687251532577,"2024-11-23 07:22:13"
882fd8be-3bea-41e3-aafa-d0373e2f06d5,"[""DECISION_VISIBILITY_CONTENT_REMOVED""]",,,,,,,,,,,DECISION_GROUND_INCOMPATIBLE_CONTENT,,,,"Harassment and Bullying","We welcome the respectful expression of different viewpoints, but not toxicity or trolling. We do not allow language or behavior that harasses, humiliates, threatens, or doxes anyone. This also includes responding to such acts with retaliatory harassment (but excludes non-harassing counterspeech).We proactively enforce our Community Guidelines through a mix of technology and human moderation. We have detected this policy violation using automated measures. We have used automated measures in making this decision.",,STATEMENT_CATEGORY_ILLEGAL_OR_HARMFUL_SPEECH,,,,"[""CONTENT_TYPE_TEXT""]",,,"2024-11-23 00:00:00","[""AT"",""BE"",""BG"",""CY"",""CZ"",""DE"",""DK"",""EE"",""ES"",""FI"",""FR"",""GR"",""HR"",""HU"",""IE"",""IT"",""LI"",""LT"",""LU"",""LV"",""MT"",""NL"",""NO"",""PL"",""PT"",""RO"",""SE"",""SI"",""SK""]","2024-11-23 00:00:00","The decision was taken pursuant to own-initiative investigations.",SOURCE_VOLUNTARY,,Yes,AUTOMATED_DECISION_FULLY,TikTok,7440371687259921184,"2024-11-23 07:22:13"
c908ea5d-a00d-485b-aa5d-f76df2b2ca4b,"[""DECISION_VISIBILITY_CONTENT_REMOVED""]",,,,,,,,,,,DECISION_GROUND_INCOMPATIBLE_CONTENT,,,,"Harassment and Bullying","We welcome the respectful expression of different viewpoints, but not toxicity or trolling. We do not allow language or behavior that harasses, humiliates, threatens, or doxes anyone. This also includes responding to such acts with retaliatory harassment (but excludes non-harassing counterspeech).We proactively enforce our Community Guidelines through a mix of technology and human moderation. We have detected this policy violation using automated measures. We have used automated measures in making this decision.",,STATEMENT_CATEGORY_ILLEGAL_OR_HARMFUL_SPEECH,,,,"[""CONTENT_TYPE_TEXT""]",,,"2024-11-23 00:00:00","[""AT"",""BE"",""BG"",""CY"",""CZ"",""DE"",""DK"",""EE"",""ES"",""FI"",""FR"",""GR"",""HR"",""HU"",""IE"",""IT"",""LI"",""LT"",""LU"",""LV"",""MT"",""NL"",""NO"",""PL"",""PT"",""RO"",""SE"",""SI"",""SK""]","2024-11-23 00:00:00","The decision was taken pursuant to own-initiative investigations.",SOURCE_VOLUNTARY,,Yes,AUTOMATED_DECISION_FULLY,TikTok,7440371687259937568,"2024-11-23 07:22:13"
356dbc53-5dd3-44a9-95a7-8c63dbfca108,"[""DECISION_VISIBILITY_CONTENT_REMOVED""]",,,,,,,,,,,DECISION_GROUND_INCOMPATIBLE_CONTENT,,,,"Harassment and Bullying","We welcome the respectful expression of different viewpoints, but not toxicity or trolling. We do not allow language or behavior that harasses, humiliates, threatens, or doxes anyone. This also includes responding to such acts with retaliatory harassment (but excludes non-harassing counterspeech).We proactively enforce our Community Guidelines through a mix of technology and human moderation. We have detected this policy violation using automated measures. We have used automated measures in making this decision.",,STATEMENT_CATEGORY_ILLEGAL_OR_HARMFUL_SPEECH,,,,"[""CONTENT_TYPE_TEXT""]",,,"2024-11-23 00:00:00","[""AT"",""BE"",""BG"",""CY"",""CZ"",""DE"",""DK"",""EE"",""ES"",""FI"",""FR"",""GR"",""HR"",""HU"",""IE"",""IT"",""LI"",""LT"",""LU"",""LV"",""MT"",""NL"",""NO"",""PL"",""PT"",""RO"",""SE"",""SI"",""SK""]","2024-11-23 00:00:00","The decision was taken pursuant to own-initiative investigations.",SOURCE_VOLUNTARY,,Yes,AUTOMATED_DECISION_FULLY,TikTok,7440371687259953952,"2024-11-23 07:22:13"
e8aa6cae-ca48-4cac-9254-797a8f6042d9,"[""DECISION_VISIBILITY_CONTENT_REMOVED""]",,,,,,,,,,,DECISION_GROUND_INCOMPATIBLE_CONTENT,,,,"Harassment and Bullying","We welcome the respectful expression of different viewpoints, but not toxicity or trolling. We do not allow language or behavior that harasses, humiliates, threatens, or doxes anyone. This also includes responding to such acts with retaliatory harassment (but excludes non-harassing counterspeech).We proactively enforce our Community Guidelines through a mix of technology and human moderation. We have detected this policy violation using automated measures. We have used automated measures in making this decision.",,STATEMENT_CATEGORY_ILLEGAL_OR_HARMFUL_SPEECH,,,,"[""CONTENT_TYPE_TEXT""]",,,"2024-11-23 00:00:00","[""AT"",""BE"",""BG"",""CY"",""CZ"",""DE"",""DK"",""EE"",""ES"",""FI"",""FR"",""GR"",""HR"",""HU"",""IE"",""IT"",""LI"",""LT"",""LU"",""LV"",""MT"",""NL"",""NO"",""PL"",""PT"",""RO"",""SE"",""SI"",""SK""]","2024-11-23 00:00:00","The decision was taken pursuant to own-initiative investigations.",SOURCE_VOLUNTARY,,Yes,AUTOMATED_DECISION_FULLY,TikTok,7440371687251548961,"2024-11-23 07:22:13"
0a051bae-c0c3-497a-a387-ce2f915741ac,"[""DECISION_VISIBILITY_CONTENT_REMOVED""]",,,,,,,,,,,DECISION_GROUND_INCOMPATIBLE_CONTENT,,,,"Harassment and Bullying","We welcome the respectful expression of different viewpoints, but not toxicity or trolling. We do not allow language or behavior that harasses, humiliates, threatens, or doxes anyone. This also includes responding to such acts with retaliatory harassment (but excludes non-harassing counterspeech).We proactively enforce our Community Guidelines through a mix of technology and human moderation. We have detected this policy violation using automated measures. We have used automated measures in making this decision.",,STATEMENT_CATEGORY_ILLEGAL_OR_HARMFUL_SPEECH,,,,"[""CONTENT_TYPE_TEXT""]",,,"2024-11-23 00:00:00","[""AT"",""BE"",""BG"",""CY"",""CZ"",""DE"",""DK"",""EE"",""ES"",""FI"",""FR"",""GR"",""HR"",""HU"",""IE"",""IT"",""LI"",""LT"",""LU"",""LV"",""MT"",""NL"",""NO"",""PL"",""PT"",""RO"",""SE"",""SI"",""SK""]","2024-11-23 00:00:00","The decision was taken pursuant to own-initiative investigations.",SOURCE_VOLUNTARY,,Yes,AUTOMATED_DECISION_FULLY,TikTok,7440371687259970336,"2024-11-23 07:22:13"
56a33650-1844-45a3-82d7-e6541eb022d1,"[""DECISION_VISIBILITY_CONTENT_REMOVED""]",,,,,,,,,,,DECISION_GROUND_INCOMPATIBLE_CONTENT,,,,"Harassment and Bullying","We welcome the respectful expression of different viewpoints, but not toxicity or trolling. We do not allow language or behavior that harasses, humiliates, threatens, or doxes anyone. This also includes responding to such acts with retaliatory harassment (but excludes non-harassing counterspeech).We proactively enforce our Community Guidelines through a mix of technology and human moderation. We have detected this policy violation using automated measures. We have used automated measures in making this decision.",,STATEMENT_CATEGORY_ILLEGAL_OR_HARMFUL_SPEECH,,,,"[""CONTENT_TYPE_TEXT""]",,,"2024-11-23 00:00:00","[""AT"",""BE"",""BG"",""CY"",""CZ"",""DE"",""DK"",""EE"",""ES"",""FI"",""FR"",""GR"",""HR"",""HU"",""IE"",""IT"",""LI"",""LT"",""LU"",""LV"",""MT"",""NL"",""NO"",""PL"",""PT"",""RO"",""SE"",""SI"",""SK""]","2024-11-23 00:00:00","The decision was taken pursuant to own-initiative investigations.",SOURCE_VOLUNTARY,,Yes,AUTOMATED_DECISION_FULLY,TikTok,7440371687251565345,"2024-11-23 07:22:13"
1004ab57-e8fd-4444-8b3b-d97349906b35,"[""DECISION_VISIBILITY_OTHER""]","Video not eligible for recommendation in the For You feed",,,,,,,,,,DECISION_GROUND_INCOMPATIBLE_CONTENT,,,,"Community Guidelines","We maintain content eligibility standards for the For You feed (FYF) that prioritize safety and are informed by the diversity of our community and cultural norms. We make ineligible for the FYF certain content that may not be appropriate for a broad audience related to: (1) Behavioral Health, (2) Sensitive and Mature Themes, (3) Integrity and Authenticity, and (4) Regulated Goods. Content that is ineligible for the FYF can still be discovered in other ways, such as through search tools or by following an account.We proactively enforce our Community Guidelines through a mix of technology and human moderation. We have detected this policy violation using automated measures. We have used automated measures in making this decision.",,STATEMENT_CATEGORY_SCOPE_OF_PLATFORM_SERVICE,,,,"[""CONTENT_TYPE_VIDEO""]",,,"2024-11-23 00:00:00","[""AT"",""BE"",""BG"",""CY"",""CZ"",""DE"",""DK"",""EE"",""ES"",""FI"",""FR"",""GR"",""HR"",""HU"",""IE"",""IT"",""LI"",""LT"",""LU"",""LV"",""MT"",""NL"",""NO"",""PL"",""PT"",""RO"",""SE"",""SI"",""SK""]","2024-11-23 00:00:00","The decision was taken pursuant to own-initiative investigations.",SOURCE_VOLUNTARY,,Yes,AUTOMATED_DECISION_FULLY,TikTok,7440371687259986720,"2024-11-23 07:22:13"
14f8da24-ca8a-4868-ad58-5788c1a72a1b,"[""DECISION_VISIBILITY_CONTENT_REMOVED""]",,,,,,,,,,,DECISION_GROUND_INCOMPATIBLE_CONTENT,,,,"Harassment and Bullying","We welcome the respectful expression of different viewpoints, but not toxicity or trolling. We do not allow language or behavior that harasses, humiliates, threatens, or doxes anyone. This also includes responding to such acts with retaliatory harassment (but excludes non-harassing counterspeech).We proactively enforce our Community Guidelines through a mix of technology and human moderation. We have detected this policy violation using automated measures. We have used automated measures in making this decision.",,STATEMENT_CATEGORY_ILLEGAL_OR_HARMFUL_SPEECH,,,,"[""CONTENT_TYPE_TEXT""]",,,"2024-11-23 00:00:00","[""AT"",""BE"",""BG"",""CY"",""CZ"",""DE"",""DK"",""EE"",""ES"",""FI"",""FR"",""GR"",""HR"",""HU"",""IE"",""IT"",""LI"",""LT"",""LU"",""LV"",""MT"",""NL"",""NO"",""PL"",""PT"",""RO"",""SE"",""SI"",""SK""]","2024-11-23 00:00:00","The decision was taken pursuant to own-initiative investigations.",SOURCE_VOLUNTARY,,Yes,AUTOMATED_DECISION_FULLY,TikTok,7440371687251581729,"2024-11-23 07:22:13"
24905146-600f-4747-b026-5a9f437c0713,"[""DECISION_VISIBILITY_CONTENT_REMOVED""]",,,,,,,,,,,DECISION_GROUND_INCOMPATIBLE_CONTENT,,,,"Harassment and Bullying","We welcome the respectful expression of different viewpoints, but not toxicity or trolling. We do not allow language or behavior that harasses, humiliates, threatens, or doxes anyone. This also includes responding to such acts with retaliatory harassment (but excludes non-harassing counterspeech).We proactively enforce our Community Guidelines through a mix of technology and human moderation. We have detected this policy violation using automated measures. We have used automated measures in making this decision.",,STATEMENT_CATEGORY_ILLEGAL_OR_HARMFUL_SPEECH,,,,"[""CONTENT_TYPE_TEXT""]",,,"2024-11-23 00:00:00","[""AT"",""BE"",""BG"",""CY"",""CZ"",""DE"",""DK"",""EE"",""ES"",""FI"",""FR"",""GR"",""HR"",""HU"",""IE"",""IT"",""LI"",""LT"",""LU"",""LV"",""MT"",""NL"",""NO"",""PL"",""PT"",""RO"",""SE"",""SI"",""SK""]","2024-11-23 00:00:00","The decision was taken pursuant to own-initiative investigations.",SOURCE_VOLUNTARY,,Yes,AUTOMATED_DECISION_FULLY,TikTok,7440371687251598113,"2024-11-23 07:22:13"
e31c495b-a8af-4c56-9480-ae9f91512b3a,"[""DECISION_VISIBILITY_CONTENT_REMOVED""]",,,,,,,,,,,DECISION_GROUND_INCOMPATIBLE_CONTENT,,,,"Community Guidelines","Your content is against our Community Guidelines. The guidelines include rules and standards for using TikTok that apply to everyone and everything on our platform.We proactively enforce our Community Guidelines through a mix of technology and human moderation. We have detected this policy violation using automated measures. We have used automated measures in making this decision.",,STATEMENT_CATEGORY_SCOPE_OF_PLATFORM_SERVICE,,,,"[""CONTENT_TYPE_IMAGE""]",,,"2024-08-26 00:00:00","[""AT"",""BE"",""BG"",""CY"",""CZ"",""DE"",""DK"",""EE"",""ES"",""FI"",""FR"",""GR"",""HR"",""HU"",""IE"",""IT"",""LI"",""LT"",""LU"",""LV"",""MT"",""NL"",""NO"",""PL"",""PT"",""RO"",""SE"",""SI"",""SK""]","2024-11-23 00:00:00","The decision was taken pursuant to own-initiative investigations.",SOURCE_VOLUNTARY,,Yes,AUTOMATED_DECISION_FULLY,TikTok,7440371687260003104,"2024-11-23 07:22:13"
c8700a4f-7803-41af-b59b-74c7dc4c3790,"[""DECISION_VISIBILITY_OTHER""]","Photo not eligible for recommendation in the For You feed",,,,,,,,,,DECISION_GROUND_INCOMPATIBLE_CONTENT,,,,"Community Guidelines","Your content is against our Community Guidelines. The guidelines include rules and standards for using TikTok that apply to everyone and everything on our platform.",,STATEMENT_CATEGORY_DATA_PROTECTION_AND_PRIVACY_VIOLATIONS,,,,"[""CONTENT_TYPE_IMAGE""]",,,"2024-11-23 00:00:00","[""AT"",""BE"",""BG"",""CY"",""CZ"",""DE"",""DK"",""EE"",""ES"",""FI"",""FR"",""GR"",""HR"",""HU"",""IE"",""IT"",""LI"",""LT"",""LU"",""LV"",""MT"",""NL"",""NO"",""PL"",""PT"",""RO"",""SE"",""SI"",""SK""]","2024-11-23 00:00:00","The decision was taken pursuant to own-initiative investigations.",SOURCE_VOLUNTARY,,Yes,AUTOMATED_DECISION_FULLY,TikTok,7440371687251614497,"2024-11-23 07:22:13"
8b5fed65-53d4-4c68-8850-9a0fb9e7f96a,"[""DECISION_VISIBILITY_CONTENT_REMOVED""]",,,,,,,,,,,DECISION_GROUND_INCOMPATIBLE_CONTENT,,,,"Civic and Election Integrity","Elections are important moments of community conversation and promote the values of an open society. We do not allow misinformation about civic and electoral processes, regardless of intent. This includes misinformation about how to vote, registering to vote, eligibility requirements of  candidates, the processes to count ballots and certify elections, and the final outcome of an election.Users and 3rd-parties can report policy violations to us. We have detected this policy violation based on a report that the content violated our Community Guidelines. We have used automated measures to make the decision.",,STATEMENT_CATEGORY_NEGATIVE_EFFECTS_ON_CIVIC_DISCOURSE_OR_ELECTIONS,,,,"[""CONTENT_TYPE_IMAGE""]",,,"2024-11-23 00:00:00","[""AT"",""BE"",""BG"",""CY"",""CZ"",""DE"",""DK"",""EE"",""ES"",""FI"",""FR"",""GR"",""HR"",""HU"",""IE"",""IT"",""LI"",""LT"",""LU"",""LV"",""MT"",""NL"",""NO"",""PL"",""PT"",""RO"",""SE"",""SI"",""SK""]","2024-11-23 00:00:00","The decision was taken in response to a report alleging a violation of our Community Guidelines.",SOURCE_VOLUNTARY,,No,AUTOMATED_DECISION_FULLY,TikTok,7440371687260019488,"2024-11-23 07:22:13"
ab3fd7c5-843a-47c9-8788-f357f8f8ba22,"[""DECISION_VISIBILITY_CONTENT_REMOVED""]",,,,,,,,,,,DECISION_GROUND_INCOMPATIBLE_CONTENT,,,,"Community Guidelines","Your content is against our Community Guidelines. The guidelines include rules and standards for using TikTok that apply to everyone and everything on our platform.We proactively enforce our Community Guidelines through a mix of technology and human moderation. We have detected this policy violation using automated measures. We have used automated measures in making this decision.",,STATEMENT_CATEGORY_SCOPE_OF_PLATFORM_SERVICE,,,,"[""CONTENT_TYPE_IMAGE""]",,,"2024-08-19 00:00:00","[""AT"",""BE"",""BG"",""CY"",""CZ"",""DE"",""DK"",""EE"",""ES"",""FI"",""FR"",""GR"",""HR"",""HU"",""IE"",""IT"",""LI"",""LT"",""LU"",""LV"",""MT"",""NL"",""NO"",""PL"",""PT"",""RO"",""SE"",""SI"",""SK""]","2024-11-23 00:00:00","The decision was taken pursuant to own-initiative investigations.",SOURCE_VOLUNTARY,,Yes,AUTOMATED_DECISION_FULLY,TikTok,7440371687260035872,"2024-11-23 07:22:13"
35516b86-f866-476b-ae71-5bb3f4f5fd66,"[""DECISION_VISIBILITY_CONTENT_REMOVED""]",,,,,,,,,,,DECISION_GROUND_INCOMPATIBLE_CONTENT,,,,"Harassment and Bullying","We welcome the respectful expression of different viewpoints, but not toxicity or trolling. We do not allow language or behavior that harasses, humiliates, threatens, or doxes anyone. This also includes responding to such acts with retaliatory harassment (but excludes non-harassing counterspeech).We proactively enforce our Community Guidelines through a mix of technology and human moderation. We have detected this policy violation using automated measures. We have used automated measures in making this decision.",,STATEMENT_CATEGORY_ILLEGAL_OR_HARMFUL_SPEECH,,,,"[""CONTENT_TYPE_TEXT""]",,,"2024-11-23 00:00:00","[""AT"",""BE"",""BG"",""CY"",""CZ"",""DE"",""DK"",""EE"",""ES"",""FI"",""FR"",""GR"",""HR"",""HU"",""IE"",""IT"",""LI"",""LT"",""LU"",""LV"",""MT"",""NL"",""NO"",""PL"",""PT"",""RO"",""SE"",""SI"",""SK""]","2024-11-23 00:00:00","The decision was taken pursuant to own-initiative investigations.",SOURCE_VOLUNTARY,,Yes,AUTOMATED_DECISION_FULLY,TikTok,7440371687251630881,"2024-11-23 07:22:13"
39d51d1a-c334-45fe-b1bf-9919a1d22a1e,"[""DECISION_VISIBILITY_CONTENT_REMOVED""]",,,,,,,,,,,DECISION_GROUND_INCOMPATIBLE_CONTENT,,,,"Harassment and Bullying","We welcome the respectful expression of different viewpoints, but not toxicity or trolling. We do not allow language or behavior that harasses, humiliates, threatens, or doxes anyone. This also includes responding to such acts with retaliatory harassment (but excludes non-harassing counterspeech).We proactively enforce our Community Guidelines through a mix of technology and human moderation. We have detected this policy violation using automated measures. We have used automated measures in making this decision.",,STATEMENT_CATEGORY_ILLEGAL_OR_HARMFUL_SPEECH,,,,"[""CONTENT_TYPE_TEXT""]",,,"2024-11-23 00:00:00","[""AT"",""BE"",""BG"",""CY"",""CZ"",""DE"",""DK"",""EE"",""ES"",""FI"",""FR"",""GR"",""HR"",""HU"",""IE"",""IT"",""LI"",""LT"",""LU"",""LV"",""MT"",""NL"",""NO"",""PL"",""PT"",""RO"",""SE"",""SI"",""SK""]","2024-11-23 00:00:00","The decision was taken pursuant to own-initiative investigations.",SOURCE_VOLUNTARY,,Yes,AUTOMATED_DECISION_FULLY,TikTok,7440371687260052256,"2024-11-23 07:22:13"
b99160a1-98f8-4cc5-bf92-b6e58210fa51,"[""DECISION_VISIBILITY_OTHER""]","Video not eligible for recommendation in the For You feed",,,,,,,,,,DECISION_GROUND_INCOMPATIBLE_CONTENT,,,,"Community Guidelines","We maintain content eligibility standards for the For You feed (FYF) that prioritize safety and are informed by the diversity of our community and cultural norms. We make ineligible for the FYF certain content that may not be appropriate for a broad audience related to: (1) Behavioral Health, (2) Sensitive and Mature Themes, (3) Integrity and Authenticity, and (4) Regulated Goods. Content that is ineligible for the FYF can still be discovered in other ways, such as through search tools or by following an account.We proactively enforce our Community Guidelines through a mix of technology and human moderation. We have detected this policy violation using automated measures. We have used automated measures in making this decision.",,STATEMENT_CATEGORY_SCOPE_OF_PLATFORM_SERVICE,,,,"[""CONTENT_TYPE_VIDEO""]",,,"2024-11-23 00:00:00","[""AT"",""BE"",""BG"",""CY"",""CZ"",""DE"",""DK"",""EE"",""ES"",""FI"",""FR"",""GR"",""HR"",""HU"",""IE"",""IT"",""LI"",""LT"",""LU"",""LV"",""MT"",""NL"",""NO"",""PL"",""PT"",""RO"",""SE"",""SI"",""SK""]","2024-11-23 00:00:00","The decision was taken pursuant to own-initiative investigations.",SOURCE_VOLUNTARY,,Yes,AUTOMATED_DECISION_FULLY,TikTok,7440371690430798624,"2024-11-23 07:22:13"
44e72e64-f26b-475b-b9e9-f24d87000b10,"[""DECISION_VISIBILITY_CONTENT_REMOVED""]",,,,,,,,,,,DECISION_GROUND_INCOMPATIBLE_CONTENT,,,,"Hate Speech and Hateful Behaviors","TikTok is enriched by the various backgrounds of our community members. Our differences should be respected, rather than a cause for division. We do not allow any hateful behavior, hate speech, or promotion of hateful ideologies. This includes content that attacks a person or group because of protected attributes.We proactively enforce our Community Guidelines through a mix of technology and human moderation. We have detected this policy violation using automated measures. We have used automated measures in making this decision.",,STATEMENT_CATEGORY_ILLEGAL_OR_HARMFUL_SPEECH,,,,"[""CONTENT_TYPE_TEXT""]",,,"2024-11-23 00:00:00","[""AT"",""BE"",""BG"",""CY"",""CZ"",""DE"",""DK"",""EE"",""ES"",""FI"",""FR"",""GR"",""HR"",""HU"",""IE"",""IT"",""LI"",""LT"",""LU"",""LV"",""MT"",""NL"",""NO"",""PL"",""PT"",""RO"",""SE"",""SI"",""SK""]","2024-11-23 00:00:00","The decision was taken pursuant to own-initiative investigations.",SOURCE_VOLUNTARY,,Yes,AUTOMATED_DECISION_FULLY,TikTok,7440371687251647265,"2024-11-23 07:22:13"
351472f3-eec0-42d8-8903-3372f45b1839,"[""DECISION_VISIBILITY_CONTENT_REMOVED""]",,,,,,,,,,,DECISION_GROUND_INCOMPATIBLE_CONTENT,,,,"Community Guidelines","Your content is against our Community Guidelines. The guidelines include rules and standards for using TikTok that apply to everyone and everything on our platform.We proactively enforce our Community Guidelines through a mix of technology and human moderation. We have detected this policy violation using automated measures. We have used automated measures in making this decision.",,STATEMENT_CATEGORY_SCOPE_OF_PLATFORM_SERVICE,,,,"[""CONTENT_TYPE_IMAGE""]",,,"2024-11-21 00:00:00","[""AT"",""BE"",""BG"",""CY"",""CZ"",""DE"",""DK"",""EE"",""ES"",""FI"",""FR"",""GR"",""HR"",""HU"",""IE"",""IT"",""LI"",""LT"",""LU"",""LV"",""MT"",""NL"",""NO"",""PL"",""PT"",""RO"",""SE"",""SI"",""SK""]","2024-11-23 00:00:00","The decision was taken pursuant to own-initiative investigations.",SOURCE_VOLUNTARY,,Yes,AUTOMATED_DECISION_FULLY,TikTok,7440371687251663649,"2024-11-23 07:22:13"
82bdb508-8fc0-46cb-9ab1-3e3505ff5747,"[""DECISION_VISIBILITY_CONTENT_REMOVED""]",,,,,,,,,,,DECISION_GROUND_INCOMPATIBLE_CONTENT,,,,"Harassment and Bullying","We welcome the respectful expression of different viewpoints, but not toxicity or trolling. We do not allow language or behavior that harasses, humiliates, threatens, or doxes anyone. This also includes responding to such acts with retaliatory harassment (but excludes non-harassing counterspeech).We proactively enforce our Community Guidelines through a mix of technology and human moderation. We have detected this policy violation using automated measures. We have used automated measures in making this decision.",,STATEMENT_CATEGORY_ILLEGAL_OR_HARMFUL_SPEECH,,,,"[""CONTENT_TYPE_TEXT""]",,,"2024-11-23 00:00:00","[""AT"",""BE"",""BG"",""CY"",""CZ"",""DE"",""DK"",""EE"",""ES"",""FI"",""FR"",""GR"",""HR"",""HU"",""IE"",""IT"",""LI"",""LT"",""LU"",""LV"",""MT"",""NL"",""NO"",""PL"",""PT"",""RO"",""SE"",""SI"",""SK""]","2024-11-23 00:00:00","The decision was taken pursuant to own-initiative investigations.",SOURCE_VOLUNTARY,,Yes,AUTOMATED_DECISION_FULLY,TikTok,7440371690430815008,"2024-11-23 07:22:13"
8622f54d-49a4-4af6-a86a-2c9288631b47,"[""DECISION_VISIBILITY_CONTENT_REMOVED""]",,,,,,,,,,,DECISION_GROUND_INCOMPATIBLE_CONTENT,,,,"Community Guidelines","Your content is against our Community Guidelines. The guidelines include rules and standards for using TikTok that apply to everyone and everything on our platform.We proactively enforce our Community Guidelines through a mix of technology and human moderation. We have detected this policy violation using automated measures. We have used automated measures in making this decision.",,STATEMENT_CATEGORY_SCOPE_OF_PLATFORM_SERVICE,,,,"[""CONTENT_TYPE_IMAGE""]",,,"2024-08-18 00:00:00","[""AT"",""BE"",""BG"",""CY"",""CZ"",""DE"",""DK"",""EE"",""ES"",""FI"",""FR"",""GR"",""HR"",""HU"",""IE"",""IT"",""LI"",""LT"",""LU"",""LV"",""MT"",""NL"",""NO"",""PL"",""PT"",""RO"",""SE"",""SI"",""SK""]","2024-11-23 00:00:00","The decision was taken pursuant to own-initiative investigations.",SOURCE_VOLUNTARY,,Yes,AUTOMATED_DECISION_FULLY,TikTok,7440371690430831392,"2024-11-23 07:22:13"
985f24ac-d3c2-4842-b468-90eb6fa37a3b,"[""DECISION_VISIBILITY_CONTENT_REMOVED""]",,,,,,,,,,,DECISION_GROUND_INCOMPATIBLE_CONTENT,,,,"Community Guidelines","Your content is against our Community Guidelines. The guidelines include rules and standards for using TikTok that apply to everyone and everything on our platform.We proactively enforce our Community Guidelines through a mix of technology and human moderation. We have detected this policy violation using automated measures. We have used automated measures in making this decision.",,STATEMENT_CATEGORY_SCOPE_OF_PLATFORM_SERVICE,,,,"[""CONTENT_TYPE_IMAGE""]",,,"2024-06-03 00:00:00","[""AT"",""BE"",""BG"",""CY"",""CZ"",""DE"",""DK"",""EE"",""ES"",""FI"",""FR"",""GR"",""HR"",""HU"",""IE"",""IT"",""LI"",""LT"",""LU"",""LV"",""MT"",""NL"",""NO"",""PL"",""PT"",""RO"",""SE"",""SI"",""SK""]","2024-11-23 00:00:00","The decision was taken pursuant to own-initiative investigations.",SOURCE_VOLUNTARY,,Yes,AUTOMATED_DECISION_FULLY,TikTok,7440371690430847776,"2024-11-23 07:22:13"
0561cf5e-d95c-4c11-949f-b3931dd6c0a1,"[""DECISION_VISIBILITY_CONTENT_REMOVED""]",,,,,,,,,,,DECISION_GROUND_INCOMPATIBLE_CONTENT,,,,"Community Guidelines","Your content is against our Community Guidelines. The guidelines include rules and standards for using TikTok that apply to everyone and everything on our platform.We proactively enforce our Community Guidelines through a mix of technology and human moderation. We have detected this policy violation using automated measures. We have used automated measures in making this decision.",,STATEMENT_CATEGORY_SCOPE_OF_PLATFORM_SERVICE,,,,"[""CONTENT_TYPE_IMAGE""]",,,"2024-04-13 00:00:00","[""AT"",""BE"",""BG"",""CY"",""CZ"",""DE"",""DK"",""EE"",""ES"",""FI"",""FR"",""GR"",""HR"",""HU"",""IE"",""IT"",""LI"",""LT"",""LU"",""LV"",""MT"",""NL"",""NO"",""PL"",""PT"",""RO"",""SE"",""SI"",""SK""]","2024-11-23 00:00:00","The decision was taken pursuant to own-initiative investigations.",SOURCE_VOLUNTARY,,Yes,AUTOMATED_DECISION_FULLY,TikTok,7440371690258832161,"2024-11-23 07:22:15"
773cb229-66c2-4933-9815-8d66cf9cb14b,"[""DECISION_VISIBILITY_CONTENT_REMOVED""]",,,,,,,,,,,DECISION_GROUND_INCOMPATIBLE_CONTENT,,,,"Community Guidelines","Your content is against our Community Guidelines. The guidelines include rules and standards for using TikTok that apply to everyone and everything on our platform.We proactively enforce our Community Guidelines through a mix of technology and human moderation. We have detected this policy violation using automated measures. We have used automated measures in making this decision.",,STATEMENT_CATEGORY_SCOPE_OF_PLATFORM_SERVICE,,,,"[""CONTENT_TYPE_IMAGE""]",,,"2024-04-11 00:00:00","[""AT"",""BE"",""BG"",""CY"",""CZ"",""DE"",""DK"",""EE"",""ES"",""FI"",""FR"",""GR"",""HR"",""HU"",""IE"",""IT"",""LI"",""LT"",""LU"",""LV"",""MT"",""NL"",""NO"",""PL"",""PT"",""RO"",""SE"",""SI"",""SK""]","2024-11-23 00:00:00","The decision was taken pursuant to own-initiative investigations.",SOURCE_VOLUNTARY,,Yes,AUTOMATED_DECISION_FULLY,TikTok,7440371690258848545,"2024-11-23 07:22:15"
ef23c8f4-694a-4def-8fb0-af03d55dc1ee,"[""DECISION_VISIBILITY_CONTENT_REMOVED""]",,,,,,,,,,,DECISION_GROUND_INCOMPATIBLE_CONTENT,,,,"Community Guidelines","Your content is against our Community Guidelines. The guidelines include rules and standards for using TikTok that apply to everyone and everything on our platform.We proactively enforce our Community Guidelines through a mix of technology and human moderation. We have detected this policy violation using automated measures. We have used automated measures in making this decision.",,STATEMENT_CATEGORY_SCOPE_OF_PLATFORM_SERVICE,,,,"[""CONTENT_TYPE_IMAGE""]",,,"2024-04-13 00:00:00","[""AT"",""BE"",""BG"",""CY"",""CZ"",""DE"",""DK"",""EE"",""ES"",""FI"",""FR"",""GR"",""HR"",""HU"",""IE"",""IT"",""LI"",""LT"",""LU"",""LV"",""MT"",""NL"",""NO"",""PL"",""PT"",""RO"",""SE"",""SI"",""SK""]","2024-11-23 00:00:00","The decision was taken pursuant to own-initiative investigations.",SOURCE_VOLUNTARY,,Yes,AUTOMATED_DECISION_FULLY,TikTok,7440371690258864929,"2024-11-23 07:22:15"
9d427c2d-a5ee-4cb7-bfae-05f9b3a52cc8,"[""DECISION_VISIBILITY_CONTENT_REMOVED""]",,,,,,,,,,,DECISION_GROUND_INCOMPATIBLE_CONTENT,,,,"Community Guidelines","Your content is against our Community Guidelines. The guidelines include rules and standards for using TikTok that apply to everyone and everything on our platform.We proactively enforce our Community Guidelines through a mix of technology and human moderation. We have detected this policy violation using automated measures. We have used automated measures in making this decision.",,STATEMENT_CATEGORY_SCOPE_OF_PLATFORM_SERVICE,,,,"[""CONTENT_TYPE_IMAGE""]",,,"2024-04-22 00:00:00","[""AT"",""BE"",""BG"",""CY"",""CZ"",""DE"",""DK"",""EE"",""ES"",""FI"",""FR"",""GR"",""HR"",""HU"",""IE"",""IT"",""LI"",""LT"",""LU"",""LV"",""MT"",""NL"",""NO"",""PL"",""PT"",""RO"",""SE"",""SI"",""SK""]","2024-11-23 00:00:00","The decision was taken pursuant to own-initiative investigations.",SOURCE_VOLUNTARY,,Yes,AUTOMATED_DECISION_FULLY,TikTok,7440371690258881313,"2024-11-23 07:22:15"
f8a62c62-6375-473e-bb50-655933ed3d0e,"[""DECISION_VISIBILITY_CONTENT_REMOVED""]",,,,,,,,,,,DECISION_GROUND_INCOMPATIBLE_CONTENT,,,,"Community Guidelines","Your content is against our Community Guidelines. The guidelines include rules and standards for using TikTok that apply to everyone and everything on our platform.We proactively enforce our Community Guidelines through a mix of technology and human moderation. We have detected this policy violation using automated measures. We have used automated measures in making this decision.",,STATEMENT_CATEGORY_SCOPE_OF_PLATFORM_SERVICE,,,,"[""CONTENT_TYPE_IMAGE""]",,,"2024-04-15 00:00:00","[""AT"",""BE"",""BG"",""CY"",""CZ"",""DE"",""DK"",""EE"",""ES"",""FI"",""FR"",""GR"",""HR"",""HU"",""IE"",""IT"",""LI"",""LT"",""LU"",""LV"",""MT"",""NL"",""NO"",""PL"",""PT"",""RO"",""SE"",""SI"",""SK""]","2024-11-23 00:00:00","The decision was taken pursuant to own-initiative investigations.",SOURCE_VOLUNTARY,,Yes,AUTOMATED_DECISION_FULLY,TikTok,7440371690430864160,"2024-11-23 07:22:15"
8baa282a-e05c-4611-b430-6ae65ad0ee54,"[""DECISION_VISIBILITY_CONTENT_REMOVED""]",,,,,,,,,,,DECISION_GROUND_INCOMPATIBLE_CONTENT,,,,"Community Guidelines","Your content is against our Community Guidelines. The guidelines include rules and standards for using TikTok that apply to everyone and everything on our platform.We proactively enforce our Community Guidelines through a mix of technology and human moderation. We have detected this policy violation using automated measures. We have used automated measures in making this decision.",,STATEMENT_CATEGORY_SCOPE_OF_PLATFORM_SERVICE,,,,"[""CONTENT_TYPE_IMAGE""]",,,"2024-04-21 00:00:00","[""AT"",""BE"",""BG"",""CY"",""CZ"",""DE"",""DK"",""EE"",""ES"",""FI"",""FR"",""GR"",""HR"",""HU"",""IE"",""IT"",""LI"",""LT"",""LU"",""LV"",""MT"",""NL"",""NO"",""PL"",""PT"",""RO"",""SE"",""SI"",""SK""]","2024-11-23 00:00:00","The decision was taken pursuant to own-initiative investigations.",SOURCE_VOLUNTARY,,Yes,AUTOMATED_DECISION_FULLY,TikTok,7440371690430880544,"2024-11-23 07:22:15"
e0b86599-fa80-4054-a946-9ef0ada2c568,"[""DECISION_VISIBILITY_CONTENT_REMOVED""]",,,,,,,,,,,DECISION_GROUND_INCOMPATIBLE_CONTENT,,,,"Community Guidelines","Your content is against our Community Guidelines. The guidelines include rules and standards for using TikTok that apply to everyone and everything on our platform.We proactively enforce our Community Guidelines through a mix of technology and human moderation. We have detected this policy violation using automated measures. We have used automated measures in making this decision.",,STATEMENT_CATEGORY_SCOPE_OF_PLATFORM_SERVICE,,,,"[""CONTENT_TYPE_IMAGE""]",,,"2024-06-06 00:00:00","[""AT"",""BE"",""BG"",""CY"",""CZ"",""DE"",""DK"",""EE"",""ES"",""FI"",""FR"",""GR"",""HR"",""HU"",""IE"",""IT"",""LI"",""LT"",""LU"",""LV"",""MT"",""NL"",""NO"",""PL"",""PT"",""RO"",""SE"",""SI"",""SK""]","2024-11-23 00:00:00","The decision was taken pursuant to own-initiative investigations.",SOURCE_VOLUNTARY,,Yes,AUTOMATED_DECISION_FULLY,TikTok,7440371690258897697,"2024-11-23 07:22:15"
f9c16777-1b6f-461e-9cf0-83f7055b280d,"[""DECISION_VISIBILITY_CONTENT_REMOVED""]",,,,,,,,,,,DECISION_GROUND_INCOMPATIBLE_CONTENT,,,,"Community Guidelines","Your content is against our Community Guidelines. The guidelines include rules and standards for using TikTok that apply to everyone and everything on our platform.We proactively enforce our Community Guidelines through a mix of technology and human moderation. We have detected this policy violation using automated measures. We have used automated measures in making this decision.",,STATEMENT_CATEGORY_SCOPE_OF_PLATFORM_SERVICE,,,,"[""CONTENT_TYPE_IMAGE""]",,,"2024-04-23 00:00:00","[""AT"",""BE"",""BG"",""CY"",""CZ"",""DE"",""DK"",""EE"",""ES"",""FI"",""FR"",""GR"",""HR"",""HU"",""IE"",""IT"",""LI"",""LT"",""LU"",""LV"",""MT"",""NL"",""NO"",""PL"",""PT"",""RO"",""SE"",""SI"",""SK""]","2024-11-23 00:00:00","The decision was taken pursuant to own-initiative investigations.",SOURCE_VOLUNTARY,,Yes,AUTOMATED_DECISION_FULLY,TikTok,7440371690258914081,"2024-11-23 07:22:15"
f93d2d0a-e0fb-4540-bbae-b76b16c9135e,"[""DECISION_VISIBILITY_CONTENT_REMOVED""]",,,,,,,,,,,DECISION_GROUND_INCOMPATIBLE_CONTENT,,,,"Community Guidelines","Your content is against our Community Guidelines. The guidelines include rules and standards for using TikTok that apply to everyone and everything on our platform.We proactively enforce our Community Guidelines through a mix of technology and human moderation. We have detected this policy violation using automated measures. We have used automated measures in making this decision.",,STATEMENT_CATEGORY_SCOPE_OF_PLATFORM_SERVICE,,,,"[""CONTENT_TYPE_IMAGE""]",,,"2024-04-20 00:00:00","[""AT"",""BE"",""BG"",""CY"",""CZ"",""DE"",""DK"",""EE"",""ES"",""FI"",""FR"",""GR"",""HR"",""HU"",""IE"",""IT"",""LI"",""LT"",""LU"",""LV"",""MT"",""NL"",""NO"",""PL"",""PT"",""RO"",""SE"",""SI"",""SK""]","2024-11-23 00:00:00","The decision was taken pursuant to own-initiative investigations.",SOURCE_VOLUNTARY,,Yes,AUTOMATED_DECISION_FULLY,TikTok,7440371690430896928,"2024-11-23 07:22:15"
ea1768eb-073a-4e30-8208-5a481b956433,"[""DECISION_VISIBILITY_CONTENT_REMOVED""]",,,,,,,,,,,DECISION_GROUND_INCOMPATIBLE_CONTENT,,,,"Community Guidelines","Your content is against our Community Guidelines. The guidelines include rules and standards for using TikTok that apply to everyone and everything on our platform.We proactively enforce our Community Guidelines through a mix of technology and human moderation. We have detected this policy violation using automated measures. We have used automated measures in making this decision.",,STATEMENT_CATEGORY_SCOPE_OF_PLATFORM_SERVICE,,,,"[""CONTENT_TYPE_IMAGE""]",,,"2024-04-10 00:00:00","[""AT"",""BE"",""BG"",""CY"",""CZ"",""DE"",""DK"",""EE"",""ES"",""FI"",""FR"",""GR"",""HR"",""HU"",""IE"",""IT"",""LI"",""LT"",""LU"",""LV"",""MT"",""NL"",""NO"",""PL"",""PT"",""RO"",""SE"",""SI"",""SK""]","2024-11-23 00:00:00","The decision was taken pursuant to own-initiative investigations.",SOURCE_VOLUNTARY,,Yes,AUTOMATED_DECISION_FULLY,TikTok,7440371690430913312,"2024-11-23 07:22:15"
a9f5559b-450e-45bb-8049-c3a6bd050ee3,"[""DECISION_VISIBILITY_OTHER""]","Photo not eligible for recommendation in the For You feed",,,,,,,,,,DECISION_GROUND_INCOMPATIBLE_CONTENT,,,,"Community Guidelines","Your content is against our Community Guidelines. The guidelines include rules and standards for using TikTok that apply to everyone and everything on our platform.",,STATEMENT_CATEGORY_DATA_PROTECTION_AND_PRIVACY_VIOLATIONS,,,,"[""CONTENT_TYPE_IMAGE""]",,,"2024-11-23 00:00:00","[""AT"",""BE"",""BG"",""CY"",""CZ"",""DE"",""DK"",""EE"",""ES"",""FI"",""FR"",""GR"",""HR"",""HU"",""IE"",""IT"",""LI"",""LT"",""LU"",""LV"",""MT"",""NL"",""NO"",""PL"",""PT"",""RO"",""SE"",""SI"",""SK""]","2024-11-23 00:00:00","The decision was taken pursuant to own-initiative investigations.",SOURCE_VOLUNTARY,,Yes,AUTOMATED_DECISION_FULLY,TikTok,7440371690430929696,"2024-11-23 07:22:15"
e66f296a-4d0d-442f-a3cd-b0b9431f107c,"[""DECISION_VISIBILITY_OTHER""]","Photo not eligible for recommendation in the For You feed",,,,,,,,,,DECISION_GROUND_INCOMPATIBLE_CONTENT,,,,"Community Guidelines","Your content is against our Community Guidelines. The guidelines include rules and standards for using TikTok that apply to everyone and everything on our platform.",,STATEMENT_CATEGORY_NEGATIVE_EFFECTS_ON_CIVIC_DISCOURSE_OR_ELECTIONS,,,,"[""CONTENT_TYPE_IMAGE""]",,,"2024-11-23 00:00:00","[""AT"",""BE"",""BG"",""CY"",""CZ"",""DE"",""DK"",""EE"",""ES"",""FI"",""FR"",""GR"",""HR"",""HU"",""IE"",""IT"",""LI"",""LT"",""LU"",""LV"",""MT"",""NL"",""NO"",""PL"",""PT"",""RO"",""SE"",""SI"",""SK""]","2024-11-23 00:00:00","The decision was taken pursuant to own-initiative investigations.",SOURCE_VOLUNTARY,,Yes,AUTOMATED_DECISION_FULLY,TikTok,7440371690258930465,"2024-11-23 07:22:15"
156f2240-d11c-44c9-9c50-0cd92cf2b86d,"[""DECISION_VISIBILITY_CONTENT_REMOVED""]",,,,,,,,,,,DECISION_GROUND_INCOMPATIBLE_CONTENT,,,,"Hate Speech and Hateful Behaviors","TikTok is enriched by the various backgrounds of our community members. Our differences should be respected, rather than a cause for division. We do not allow any hateful behavior, hate speech, or promotion of hateful ideologies. This includes content that attacks a person or group because of protected attributes.We proactively enforce our Community Guidelines through a mix of technology and human moderation. We have detected this policy violation using automated measures. We have used automated measures in making this decision.",,STATEMENT_CATEGORY_ILLEGAL_OR_HARMFUL_SPEECH,,,,"[""CONTENT_TYPE_TEXT""]",,,"2024-11-23 00:00:00","[""AT"",""BE"",""BG"",""CY"",""CZ"",""DE"",""DK"",""EE"",""ES"",""FI"",""FR"",""GR"",""HR"",""HU"",""IE"",""IT"",""LI"",""LT"",""LU"",""LV"",""MT"",""NL"",""NO"",""PL"",""PT"",""RO"",""SE"",""SI"",""SK""]","2024-11-23 00:00:00","The decision was taken pursuant to own-initiative investigations.",SOURCE_VOLUNTARY,,Yes,AUTOMATED_DECISION_FULLY,TikTok,7440371690258946849,"2024-11-23 07:22:15"
a28ab729-a50b-42bf-9a79-7cdc9bde2ecd,"[""DECISION_VISIBILITY_CONTENT_REMOVED""]",,,,,,,,,,,DECISION_GROUND_INCOMPATIBLE_CONTENT,,,,"Harassment and Bullying","We welcome the respectful expression of different viewpoints, but not toxicity or trolling. We do not allow language or behavior that harasses, humiliates, threatens, or doxes anyone. This also includes responding to such acts with retaliatory harassment (but excludes non-harassing counterspeech).We proactively enforce our Community Guidelines through a mix of technology and human moderation. We have detected this policy violation using automated measures. We have used automated measures in making this decision.",,STATEMENT_CATEGORY_ILLEGAL_OR_HARMFUL_SPEECH,,,,"[""CONTENT_TYPE_TEXT""]",,,"2024-11-23 00:00:00","[""AT"",""BE"",""BG"",""CY"",""CZ"",""DE"",""DK"",""EE"",""ES"",""FI"",""FR"",""GR"",""HR"",""HU"",""IE"",""IT"",""LI"",""LT"",""LU"",""LV"",""MT"",""NL"",""NO"",""PL"",""PT"",""RO"",""SE"",""SI"",""SK""]","2024-11-23 00:00:00","The decision was taken pursuant to own-initiative investigations.",SOURCE_VOLUNTARY,,Yes,AUTOMATED_DECISION_FULLY,TikTok,7440371690258963233,"2024-11-23 07:22:15"
1788a7b9-e913-4879-8aab-ac6b137e3049,"[""DECISION_VISIBILITY_OTHER""]","Video not eligible for recommendation in the For You feed",,,,,,,,,,DECISION_GROUND_INCOMPATIBLE_CONTENT,,,,"Dangerous Activities and Challenges","Most activities or challenges are appropriate for everyone, but some carry a risk of significant injury. Content is ineligible for the For You feed if it involves activities that are likely to lead to moderate physical harm, or includes professionals who are performing extreme sports and stunts that may endanger others.We proactively enforce our Community Guidelines through a mix of technology and human moderation. We have detected this policy violation using automated measures. We have used automated measures in making this decision.",,STATEMENT_CATEGORY_SCOPE_OF_PLATFORM_SERVICE,,,,"[""CONTENT_TYPE_VIDEO""]",,,"2024-11-23 00:00:00","[""AT"",""BE"",""BG"",""CY"",""CZ"",""DE"",""DK"",""EE"",""ES"",""FI"",""FR"",""GR"",""HR"",""HU"",""IE"",""IT"",""LI"",""LT"",""LU"",""LV"",""MT"",""NL"",""NO"",""PL"",""PT"",""RO"",""SE"",""SI"",""SK""]","2024-11-23 00:00:00","The decision was taken pursuant to own-initiative investigations.",SOURCE_VOLUNTARY,,Yes,AUTOMATED_DECISION_FULLY,TikTok,7440371690258979617,"2024-11-23 07:22:15"
42c8c18f-a167-4490-8b13-7e4ca350da99,"[""DECISION_VISIBILITY_CONTENT_REMOVED""]",,,,,,,,,,,DECISION_GROUND_INCOMPATIBLE_CONTENT,,,,"Minimum Age Requirement","Users must be 13 years and older to have a TikTok account. We are deeply committed to ensuring that TikTok is a safe and positive experience for people under the age of 18. This starts by being old enough to use TikTok. If we learn someone is below the minimum age on TikTok, we will ban that account.We proactively enforce our Community Guidelines through a mix of technology and human moderation. We have detected this policy violation using automated measures. We have used automated measures in making this decision.",,STATEMENT_CATEGORY_PROTECTION_OF_MINORS,,,,"[""CONTENT_TYPE_TEXT""]",,,"2024-11-23 00:00:00","[""AT"",""BE"",""BG"",""CY"",""CZ"",""DE"",""DK"",""EE"",""ES"",""FI"",""FR"",""GR"",""HR"",""HU"",""IE"",""IT"",""LI"",""LT"",""LU"",""LV"",""MT"",""NL"",""NO"",""PL"",""PT"",""RO"",""SE"",""SI"",""SK""]","2024-11-23 00:00:00","The decision was taken pursuant to own-initiative investigations.",SOURCE_VOLUNTARY,,Yes,AUTOMATED_DECISION_FULLY,TikTok,7440371690430946080,"2024-11-23 07:22:15"
3ee30690-0c87-4f6a-a86e-2d15bd08a1db,"[""DECISION_VISIBILITY_CONTENT_REMOVED""]",,,,,,,,,,,DECISION_GROUND_INCOMPATIBLE_CONTENT,,,,"Violent Behaviors and Criminal Activities","We recognize that online content related to violence can cause real-world harm. We do not allow any violent threats, incitement to violence, or promotion of criminal activities that may harm people, animals, or property. If there is a specific, credible, and imminent threat to human life or serious physical injury, we will report it to relevant law enforcement authorities.We proactively enforce our Community Guidelines through a mix of technology and human moderation. We have detected this policy violation using automated measures. We have used automated measures in making this decision.",,STATEMENT_CATEGORY_VIOLENCE,,,,"[""CONTENT_TYPE_TEXT""]",,,"2024-11-23 00:00:00","[""AT"",""BE"",""BG"",""CY"",""CZ"",""DE"",""DK"",""EE"",""ES"",""FI"",""FR"",""GR"",""HR"",""HU"",""IE"",""IT"",""LI"",""LT"",""LU"",""LV"",""MT"",""NL"",""NO"",""PL"",""PT"",""RO"",""SE"",""SI"",""SK""]","2024-11-23 00:00:00","The decision was taken pursuant to own-initiative investigations.",SOURCE_VOLUNTARY,,Yes,AUTOMATED_DECISION_FULLY,TikTok,7440371692892855072,"2024-11-23 07:22:15"
5ce41fd5-19dc-47a9-a31e-9ce79d12cac6,"[""DECISION_VISIBILITY_CONTENT_REMOVED""]",,,,,,,,,,,DECISION_GROUND_INCOMPATIBLE_CONTENT,,,,"Hate Speech and Hateful Behaviors","TikTok is enriched by the various backgrounds of our community members. Our differences should be respected, rather than a cause for division. We do not allow any hateful behavior, hate speech, or promotion of hateful ideologies. This includes content that attacks a person or group because of protected attributes.We proactively enforce our Community Guidelines through a mix of technology and human moderation. We have detected this policy violation using automated measures. We have used automated measures in making this decision.",,STATEMENT_CATEGORY_ILLEGAL_OR_HARMFUL_SPEECH,,,,"[""CONTENT_TYPE_TEXT""]",,,"2024-11-23 00:00:00","[""AT"",""BE"",""BG"",""CY"",""CZ"",""DE"",""DK"",""EE"",""ES"",""FI"",""FR"",""GR"",""HR"",""HU"",""IE"",""IT"",""LI"",""LT"",""LU"",""LV"",""MT"",""NL"",""NO"",""PL"",""PT"",""RO"",""SE"",""SI"",""SK""]","2024-11-23 00:00:00","The decision was taken pursuant to own-initiative investigations.",SOURCE_VOLUNTARY,,Yes,AUTOMATED_DECISION_FULLY,TikTok,7440371693295508257,"2024-11-23 07:22:15"
ae99fc1b-c2e6-4fae-ae25-ff6e3d821e8d,"[""DECISION_VISIBILITY_CONTENT_REMOVED""]",,,,,,,,,,,DECISION_GROUND_INCOMPATIBLE_CONTENT,,,,"Harassment and Bullying","We welcome the respectful expression of different viewpoints, but not toxicity or trolling. We do not allow language or behavior that harasses, humiliates, threatens, or doxes anyone. This also includes responding to such acts with retaliatory harassment (but excludes non-harassing counterspeech).We proactively enforce our Community Guidelines through a mix of technology and human moderation. We have detected this policy violation using automated measures. We have used automated measures in making this decision.",,STATEMENT_CATEGORY_ILLEGAL_OR_HARMFUL_SPEECH,,,,"[""CONTENT_TYPE_TEXT""]",,,"2024-11-23 00:00:00","[""AT"",""BE"",""BG"",""CY"",""CZ"",""DE"",""DK"",""EE"",""ES"",""FI"",""FR"",""GR"",""HR"",""HU"",""IE"",""IT"",""LI"",""LT"",""LU"",""LV"",""MT"",""NL"",""NO"",""PL"",""PT"",""RO"",""SE"",""SI"",""SK""]","2024-11-23 00:00:00","The decision was taken pursuant to own-initiative investigations.",SOURCE_VOLUNTARY,,Yes,AUTOMATED_DECISION_FULLY,TikTok,7440371692892871456,"2024-11-23 07:22:15"
1caf8095-9492-47b9-acd7-8eb1fea5d2f6,"[""DECISION_VISIBILITY_CONTENT_REMOVED""]",,,,,,,,,,,DECISION_GROUND_INCOMPATIBLE_CONTENT,,,,"Harassment and Bullying","We welcome the respectful expression of different viewpoints, but not toxicity or trolling. We do not allow language or behavior that harasses, humiliates, threatens, or doxes anyone. This also includes responding to such acts with retaliatory harassment (but excludes non-harassing counterspeech).We proactively enforce our Community Guidelines through a mix of technology and human moderation. We have detected this policy violation using automated measures. We have used automated measures in making this decision.",,STATEMENT_CATEGORY_ILLEGAL_OR_HARMFUL_SPEECH,,,,"[""CONTENT_TYPE_TEXT""]",,,"2024-11-23 00:00:00","[""AT"",""BE"",""BG"",""CY"",""CZ"",""DE"",""DK"",""EE"",""ES"",""FI"",""FR"",""GR"",""HR"",""HU"",""IE"",""IT"",""LI"",""LT"",""LU"",""LV"",""MT"",""NL"",""NO"",""PL"",""PT"",""RO"",""SE"",""SI"",""SK""]","2024-11-23 00:00:00","The decision was taken pursuant to own-initiative investigations.",SOURCE_VOLUNTARY,,Yes,AUTOMATED_DECISION_FULLY,TikTok,7440371692892887840,"2024-11-23 07:22:15"
71d8d670-f25b-46ba-8de6-62eab8e5fee1,"[""DECISION_VISIBILITY_CONTENT_REMOVED""]",,,,,,,,,,,DECISION_GROUND_INCOMPATIBLE_CONTENT,,,,"Harassment and Bullying","We welcome the respectful expression of different viewpoints, but not toxicity or trolling. We do not allow language or behavior that harasses, humiliates, threatens, or doxes anyone. This also includes responding to such acts with retaliatory harassment (but excludes non-harassing counterspeech).We proactively enforce our Community Guidelines through a mix of technology and human moderation. We have detected this policy violation using automated measures. We have used automated measures in making this decision.",,STATEMENT_CATEGORY_ILLEGAL_OR_HARMFUL_SPEECH,,,,"[""CONTENT_TYPE_TEXT""]",,,"2024-11-23 00:00:00","[""AT"",""BE"",""BG"",""CY"",""CZ"",""DE"",""DK"",""EE"",""ES"",""FI"",""FR"",""GR"",""HR"",""HU"",""IE"",""IT"",""LI"",""LT"",""LU"",""LV"",""MT"",""NL"",""NO"",""PL"",""PT"",""RO"",""SE"",""SI"",""SK""]","2024-11-23 00:00:00","The decision was taken pursuant to own-initiative investigations.",SOURCE_VOLUNTARY,,Yes,AUTOMATED_DECISION_FULLY,TikTok,7440371693295524641,"2024-11-23 07:22:15"
9b268575-5cb6-46e5-9b48-165d32312f65,"[""DECISION_VISIBILITY_CONTENT_REMOVED""]",,,,,,,,,,,DECISION_GROUND_INCOMPATIBLE_CONTENT,,,,"Hate Speech and Hateful Behaviors","TikTok is enriched by the various backgrounds of our community members. Our differences should be respected, rather than a cause for division. We do not allow any hateful behavior, hate speech, or promotion of hateful ideologies. This includes content that attacks a person or group because of protected attributes.We proactively enforce our Community Guidelines through a mix of technology and human moderation. We have detected this policy violation using automated measures. We have used automated measures in making this decision.",,STATEMENT_CATEGORY_ILLEGAL_OR_HARMFUL_SPEECH,,,,"[""CONTENT_TYPE_TEXT""]",,,"2024-11-23 00:00:00","[""AT"",""BE"",""BG"",""CY"",""CZ"",""DE"",""DK"",""EE"",""ES"",""FI"",""FR"",""GR"",""HR"",""HU"",""IE"",""IT"",""LI"",""LT"",""LU"",""LV"",""MT"",""NL"",""NO"",""PL"",""PT"",""RO"",""SE"",""SI"",""SK""]","2024-11-23 00:00:00","The decision was taken pursuant to own-initiative investigations.",SOURCE_VOLUNTARY,,Yes,AUTOMATED_DECISION_FULLY,TikTok,7440371692892904224,"2024-11-23 07:22:15"
ff2baeeb-349d-40c1-8cb2-6df07e364a90,"[""DECISION_VISIBILITY_OTHER""]","Video not eligible for recommendation in the For You feed",,,,,,,,,,DECISION_GROUND_INCOMPATIBLE_CONTENT,,,,"Community Guidelines","We maintain content eligibility standards for the For You feed (FYF) that prioritize safety and are informed by the diversity of our community and cultural norms. We make ineligible for the FYF certain content that may not be appropriate for a broad audience related to: (1) Behavioral Health, (2) Sensitive and Mature Themes, (3) Integrity and Authenticity, and (4) Regulated Goods. Content that is ineligible for the FYF can still be discovered in other ways, such as through search tools or by following an account.We proactively enforce our Community Guidelines through a mix of technology and human moderation. We have detected this policy violation using automated measures. We have used automated measures in making this decision.",,STATEMENT_CATEGORY_SCOPE_OF_PLATFORM_SERVICE,,,,"[""CONTENT_TYPE_VIDEO""]",,,"2024-11-23 00:00:00","[""AT"",""BE"",""BG"",""CY"",""CZ"",""DE"",""DK"",""EE"",""ES"",""FI"",""FR"",""GR"",""HR"",""HU"",""IE"",""IT"",""LI"",""LT"",""LU"",""LV"",""MT"",""NL"",""NO"",""PL"",""PT"",""RO"",""SE"",""SI"",""SK""]","2024-11-23 00:00:00","The decision was taken pursuant to own-initiative investigations.",SOURCE_VOLUNTARY,,Yes,AUTOMATED_DECISION_FULLY,TikTok,7440371693295541025,"2024-11-23 07:22:15"
7cb14ca0-249a-43fa-818e-d333cb9f0197,"[""DECISION_VISIBILITY_CONTENT_REMOVED""]",,,,,,,,,,,DECISION_GROUND_INCOMPATIBLE_CONTENT,,,,"Sexual Exploitation and Gender-Based Violence","We are committed to providing a space that embraces gender equity, supports healthy relationships, and respects intimate privacy. We do not allow sexual exploitation or gender-based violence, including non-consensual sexual acts, image-based sexual abuse, sextortion, physical abuse, and sexual harassment.We proactively enforce our Community Guidelines through a mix of technology and human moderation. We have detected this policy violation using automated measures. We have used automated measures in making this decision.",,STATEMENT_CATEGORY_VIOLENCE,,,,"[""CONTENT_TYPE_TEXT""]",,,"2024-11-23 00:00:00","[""AT"",""BE"",""BG"",""CY"",""CZ"",""DE"",""DK"",""EE"",""ES"",""FI"",""FR"",""GR"",""HR"",""HU"",""IE"",""IT"",""LI"",""LT"",""LU"",""LV"",""MT"",""NL"",""NO"",""PL"",""PT"",""RO"",""SE"",""SI"",""SK""]","2024-11-23 00:00:00","The decision was taken pursuant to own-initiative investigations.",SOURCE_VOLUNTARY,,Yes,AUTOMATED_DECISION_FULLY,TikTok,7440371693295557409,"2024-11-23 07:22:15"
0fa9b865-e9f1-4b2a-9030-38df1fc000fb,"[""DECISION_VISIBILITY_CONTENT_REMOVED""]",,,,,,,,,,,DECISION_GROUND_INCOMPATIBLE_CONTENT,,,,"Harassment and Bullying","We welcome the respectful expression of different viewpoints, but not toxicity or trolling. We do not allow language or behavior that harasses, humiliates, threatens, or doxes anyone. This also includes responding to such acts with retaliatory harassment (but excludes non-harassing counterspeech).We proactively enforce our Community Guidelines through a mix of technology and human moderation. We have detected this policy violation using automated measures. We have used automated measures in making this decision.",,STATEMENT_CATEGORY_ILLEGAL_OR_HARMFUL_SPEECH,,,,"[""CONTENT_TYPE_TEXT""]",,,"2024-11-23 00:00:00","[""AT"",""BE"",""BG"",""CY"",""CZ"",""DE"",""DK"",""EE"",""ES"",""FI"",""FR"",""GR"",""HR"",""HU"",""IE"",""IT"",""LI"",""LT"",""LU"",""LV"",""MT"",""NL"",""NO"",""PL"",""PT"",""RO"",""SE"",""SI"",""SK""]","2024-11-23 00:00:00","The decision was taken pursuant to own-initiative investigations.",SOURCE_VOLUNTARY,,Yes,AUTOMATED_DECISION_FULLY,TikTok,7440371693295573793,"2024-11-23 07:22:15"
e716eabf-9e63-49c9-8148-850d1c6bd2ee,"[""DECISION_VISIBILITY_CONTENT_REMOVED""]",,,,,,,,,,,DECISION_GROUND_INCOMPATIBLE_CONTENT,,,,"Harassment and Bullying","We welcome the respectful expression of different viewpoints, but not toxicity or trolling. We do not allow language or behavior that harasses, humiliates, threatens, or doxes anyone. This also includes responding to such acts with retaliatory harassment (but excludes non-harassing counterspeech).We proactively enforce our Community Guidelines through a mix of technology and human moderation. We have detected this policy violation using automated measures. We have used automated measures in making this decision.",,STATEMENT_CATEGORY_ILLEGAL_OR_HARMFUL_SPEECH,,,,"[""CONTENT_TYPE_TEXT""]",,,"2024-11-23 00:00:00","[""AT"",""BE"",""BG"",""CY"",""CZ"",""DE"",""DK"",""EE"",""ES"",""FI"",""FR"",""GR"",""HR"",""HU"",""IE"",""IT"",""LI"",""LT"",""LU"",""LV"",""MT"",""NL"",""NO"",""PL"",""PT"",""RO"",""SE"",""SI"",""SK""]","2024-11-23 00:00:00","The decision was taken pursuant to own-initiative investigations.",SOURCE_VOLUNTARY,,Yes,AUTOMATED_DECISION_FULLY,TikTok,7440371692892920608,"2024-11-23 07:22:15"
94a1130c-23d3-4272-b667-db19343f5584,"[""DECISION_VISIBILITY_CONTENT_REMOVED""]",,,,,,,,,,,DECISION_GROUND_INCOMPATIBLE_CONTENT,,,,"Hate Speech and Hateful Behaviors","TikTok is enriched by the various backgrounds of our community members. Our differences should be respected, rather than a cause for division. We do not allow any hateful behavior, hate speech, or promotion of hateful ideologies. This includes content that attacks a person or group because of protected attributes.We proactively enforce our Community Guidelines through a mix of technology and human moderation. We have detected this policy violation using automated measures. We have used automated measures in making this decision.",,STATEMENT_CATEGORY_ILLEGAL_OR_HARMFUL_SPEECH,,,,"[""CONTENT_TYPE_TEXT""]",,,"2024-11-23 00:00:00","[""AT"",""BE"",""BG"",""CY"",""CZ"",""DE"",""DK"",""EE"",""ES"",""FI"",""FR"",""GR"",""HR"",""HU"",""IE"",""IT"",""LI"",""LT"",""LU"",""LV"",""MT"",""NL"",""NO"",""PL"",""PT"",""RO"",""SE"",""SI"",""SK""]","2024-11-23 00:00:00","The decision was taken pursuant to own-initiative investigations.",SOURCE_VOLUNTARY,,Yes,AUTOMATED_DECISION_FULLY,TikTok,7440371692892936992,"2024-11-23 07:22:15"
4bfb46ad-d8f9-453d-a6a9-0a321965791e,"[""DECISION_VISIBILITY_OTHER""]","Video not eligible for recommendation in the For You feed",,,,,,,,,,DECISION_GROUND_INCOMPATIBLE_CONTENT,,,,"Community Guidelines","We maintain content eligibility standards for the For You feed (FYF) that prioritize safety and are informed by the diversity of our community and cultural norms. We make ineligible for the FYF certain content that may not be appropriate for a broad audience related to: (1) Behavioral Health, (2) Sensitive and Mature Themes, (3) Integrity and Authenticity, and (4) Regulated Goods. Content that is ineligible for the FYF can still be discovered in other ways, such as through search tools or by following an account.We proactively enforce our Community Guidelines through a mix of technology and human moderation. We have detected this policy violation using automated measures. We have used automated measures in making this decision.",,STATEMENT_CATEGORY_SCOPE_OF_PLATFORM_SERVICE,,,,"[""CONTENT_TYPE_VIDEO""]",,,"2024-11-23 00:00:00","[""AT"",""BE"",""BG"",""CY"",""CZ"",""DE"",""DK"",""EE"",""ES"",""FI"",""FR"",""GR"",""HR"",""HU"",""IE"",""IT"",""LI"",""LT"",""LU"",""LV"",""MT"",""NL"",""NO"",""PL"",""PT"",""RO"",""SE"",""SI"",""SK""]","2024-11-23 00:00:00","The decision was taken pursuant to own-initiative investigations.",SOURCE_VOLUNTARY,,Yes,AUTOMATED_DECISION_FULLY,TikTok,7440371692892953376,"2024-11-23 07:22:15"
85169258-fd45-4e8f-8ac4-1bf4dab1e1b3,"[""DECISION_VISIBILITY_OTHER""]","Video not eligible for recommendation in the For You feed",,,,,,,,,,DECISION_GROUND_INCOMPATIBLE_CONTENT,,,,"Community Guidelines","We maintain content eligibility standards for the For You feed (FYF) that prioritize safety and are informed by the diversity of our community and cultural norms. We make ineligible for the FYF certain content that may not be appropriate for a broad audience related to: (1) Behavioral Health, (2) Sensitive and Mature Themes, (3) Integrity and Authenticity, and (4) Regulated Goods. Content that is ineligible for the FYF can still be discovered in other ways, such as through search tools or by following an account.We proactively enforce our Community Guidelines through a mix of technology and human moderation. We have detected this policy violation using automated measures. We have used automated measures in making this decision.",,STATEMENT_CATEGORY_SCOPE_OF_PLATFORM_SERVICE,,,,"[""CONTENT_TYPE_VIDEO""]",,,"2024-11-23 00:00:00","[""AT"",""BE"",""BG"",""CY"",""CZ"",""DE"",""DK"",""EE"",""ES"",""FI"",""FR"",""GR"",""HR"",""HU"",""IE"",""IT"",""LI"",""LT"",""LU"",""LV"",""MT"",""NL"",""NO"",""PL"",""PT"",""RO"",""SE"",""SI"",""SK""]","2024-11-23 00:00:00","The decision was taken pursuant to own-initiative investigations.",SOURCE_VOLUNTARY,,Yes,AUTOMATED_DECISION_FULLY,TikTok,7440371693295590177,"2024-11-23 07:22:15"
83701203-751c-4d11-9283-65c7967c280d,"[""DECISION_VISIBILITY_CONTENT_REMOVED""]",,,,,,,,,,,DECISION_GROUND_INCOMPATIBLE_CONTENT,,,,"Hate Speech and Hateful Behaviors","TikTok is enriched by the various backgrounds of our community members. Our differences should be respected, rather than a cause for division. We do not allow any hateful behavior, hate speech, or promotion of hateful ideologies. This includes content that attacks a person or group because of protected attributes.We proactively enforce our Community Guidelines through a mix of technology and human moderation. We have detected this policy violation using automated measures. We have used automated measures in making this decision.",,STATEMENT_CATEGORY_ILLEGAL_OR_HARMFUL_SPEECH,,,,"[""CONTENT_TYPE_TEXT""]",,,"2024-11-23 00:00:00","[""AT"",""BE"",""BG"",""CY"",""CZ"",""DE"",""DK"",""EE"",""ES"",""FI"",""FR"",""GR"",""HR"",""HU"",""IE"",""IT"",""LI"",""LT"",""LU"",""LV"",""MT"",""NL"",""NO"",""PL"",""PT"",""RO"",""SE"",""SI"",""SK""]","2024-11-23 00:00:00","The decision was taken pursuant to own-initiative investigations.",SOURCE_VOLUNTARY,,Yes,AUTOMATED_DECISION_FULLY,TikTok,7440371692892969760,"2024-11-23 07:22:15"
aa595490-a9eb-4c97-ab14-3d44345722f7,"[""DECISION_VISIBILITY_OTHER""]","Video not eligible for recommendation in the For You feed",,,,,,,,,,DECISION_GROUND_INCOMPATIBLE_CONTENT,,,,"Community Guidelines","We maintain content eligibility standards for the For You feed (FYF) that prioritize safety and are informed by the diversity of our community and cultural norms. We make ineligible for the FYF certain content that may not be appropriate for a broad audience related to: (1) Behavioral Health, (2) Sensitive and Mature Themes, (3) Integrity and Authenticity, and (4) Regulated Goods. Content that is ineligible for the FYF can still be discovered in other ways, such as through search tools or by following an account.We proactively enforce our Community Guidelines through a mix of technology and human moderation. We have detected this policy violation using automated measures. We have used automated measures in making this decision.",,STATEMENT_CATEGORY_SCOPE_OF_PLATFORM_SERVICE,,,,"[""CONTENT_TYPE_VIDEO""]",,,"2024-11-23 00:00:00","[""AT"",""BE"",""BG"",""CY"",""CZ"",""DE"",""DK"",""EE"",""ES"",""FI"",""FR"",""GR"",""HR"",""HU"",""IE"",""IT"",""LI"",""LT"",""LU"",""LV"",""MT"",""NL"",""NO"",""PL"",""PT"",""RO"",""SE"",""SI"",""SK""]","2024-11-23 00:00:00","The decision was taken pursuant to own-initiative investigations.",SOURCE_VOLUNTARY,,Yes,AUTOMATED_DECISION_FULLY,TikTok,7440371693295606561,"2024-11-23 07:22:15"
68999d2f-f1b4-4096-9f01-872b23fdb239,"[""DECISION_VISIBILITY_CONTENT_REMOVED""]",,,,,,,,,,,DECISION_GROUND_INCOMPATIBLE_CONTENT,,,,"Community Guidelines","Your content is against our Community Guidelines. The guidelines include rules and standards for using TikTok that apply to everyone and everything on our platform.We proactively enforce our Community Guidelines through a mix of technology and human moderation. We have detected this policy violation using automated measures. We have used automated measures in making this decision.",,STATEMENT_CATEGORY_SCOPE_OF_PLATFORM_SERVICE,,,,"[""CONTENT_TYPE_IMAGE""]",,,"2023-12-11 00:00:00","[""AT"",""BE"",""BG"",""CY"",""CZ"",""DE"",""DK"",""EE"",""ES"",""FI"",""FR"",""GR"",""HR"",""HU"",""IE"",""IT"",""LI"",""LT"",""LU"",""LV"",""MT"",""NL"",""NO"",""PL"",""PT"",""RO"",""SE"",""SI"",""SK""]","2024-11-23 00:00:00","The decision was taken pursuant to own-initiative investigations.",SOURCE_VOLUNTARY,,Yes,AUTOMATED_DECISION_FULLY,TikTok,7440371692892986144,"2024-11-23 07:22:15"
2cd7eb09-c382-44e2-83b8-04fcc8df1e41,"[""DECISION_VISIBILITY_CONTENT_REMOVED""]",,,,,,,,,,,DECISION_GROUND_INCOMPATIBLE_CONTENT,,,,"Community Guidelines","Your content is against our Community Guidelines. The guidelines include rules and standards for using TikTok that apply to everyone and everything on our platform.We proactively enforce our Community Guidelines through a mix of technology and human moderation. We have detected this policy violation using automated measures. We have used automated measures in making this decision.",,STATEMENT_CATEGORY_SCOPE_OF_PLATFORM_SERVICE,,,,"[""CONTENT_TYPE_IMAGE""]",,,"2023-02-04 00:00:00","[""AT"",""BE"",""BG"",""CY"",""CZ"",""DE"",""DK"",""EE"",""ES"",""FI"",""FR"",""GR"",""HR"",""HU"",""IE"",""IT"",""LI"",""LT"",""LU"",""LV"",""MT"",""NL"",""NO"",""PL"",""PT"",""RO"",""SE"",""SI"",""SK""]","2024-11-23 00:00:00","The decision was taken pursuant to own-initiative investigations.",SOURCE_VOLUNTARY,,Yes,AUTOMATED_DECISION_FULLY,TikTok,7440371475984505633,"2024-11-23 07:22:15"
bed0ca6c-0eb5-47ba-abc7-2950c58c35a4,"[""DECISION_VISIBILITY_CONTENT_REMOVED""]",,,,,,,,,,,DECISION_GROUND_INCOMPATIBLE_CONTENT,,,,"Harassment and Bullying","We welcome the respectful expression of different viewpoints, but not toxicity or trolling. We do not allow language or behavior that harasses, humiliates, threatens, or doxes anyone. This also includes responding to such acts with retaliatory harassment (but excludes non-harassing counterspeech).We proactively enforce our Community Guidelines through a mix of technology and human moderation. We have detected this policy violation using automated measures. We have used automated measures in making this decision.",,STATEMENT_CATEGORY_ILLEGAL_OR_HARMFUL_SPEECH,,,,"[""CONTENT_TYPE_TEXT""]",,,"2024-11-23 00:00:00","[""AT"",""BE"",""BG"",""CY"",""CZ"",""DE"",""DK"",""EE"",""ES"",""FI"",""FR"",""GR"",""HR"",""HU"",""IE"",""IT"",""LI"",""LT"",""LU"",""LV"",""MT"",""NL"",""NO"",""PL"",""PT"",""RO"",""SE"",""SI"",""SK""]","2024-11-23 00:00:00","The decision was taken pursuant to own-initiative investigations.",SOURCE_VOLUNTARY,,Yes,AUTOMATED_DECISION_FULLY,TikTok,7440371484175932193,"2024-11-23 07:22:15"
02d6fcb6-a833-44d3-8f2b-c6dbe929bc8a,"[""DECISION_VISIBILITY_CONTENT_REMOVED""]",,,,,,,,,,,DECISION_GROUND_INCOMPATIBLE_CONTENT,,,,"Harassment and Bullying","We welcome the respectful expression of different viewpoints, but not toxicity or trolling. We do not allow language or behavior that harasses, humiliates, threatens, or doxes anyone. This also includes responding to such acts with retaliatory harassment (but excludes non-harassing counterspeech).We proactively enforce our Community Guidelines through a mix of technology and human moderation. We have detected this policy violation using automated measures. We have used automated measures in making this decision.",,STATEMENT_CATEGORY_ILLEGAL_OR_HARMFUL_SPEECH,,,,"[""CONTENT_TYPE_TEXT""]",,,"2024-11-23 00:00:00","[""AT"",""BE"",""BG"",""CY"",""CZ"",""DE"",""DK"",""EE"",""ES"",""FI"",""FR"",""GR"",""HR"",""HU"",""IE"",""IT"",""LI"",""LT"",""LU"",""LV"",""MT"",""NL"",""NO"",""PL"",""PT"",""RO"",""SE"",""SI"",""SK""]","2024-11-23 00:00:00","The decision was taken pursuant to own-initiative investigations.",SOURCE_VOLUNTARY,,Yes,AUTOMATED_DECISION_FULLY,TikTok,7440371484381436704,"2024-11-23 07:22:15"
62705e84-f78e-4c9d-b6c9-97c713dfcc0c,"[""DECISION_VISIBILITY_CONTENT_REMOVED""]",,,,,,,,,,,DECISION_GROUND_INCOMPATIBLE_CONTENT,,,,"Harassment and Bullying","We welcome the respectful expression of different viewpoints, but not toxicity or trolling. We do not allow language or behavior that harasses, humiliates, threatens, or doxes anyone. This also includes responding to such acts with retaliatory harassment (but excludes non-harassing counterspeech).We proactively enforce our Community Guidelines through a mix of technology and human moderation. We have detected this policy violation using automated measures. We have used automated measures in making this decision.",,STATEMENT_CATEGORY_ILLEGAL_OR_HARMFUL_SPEECH,,,,"[""CONTENT_TYPE_TEXT""]",,,"2024-11-23 00:00:00","[""AT"",""BE"",""BG"",""CY"",""CZ"",""DE"",""DK"",""EE"",""ES"",""FI"",""FR"",""GR"",""HR"",""HU"",""IE"",""IT"",""LI"",""LT"",""LU"",""LV"",""MT"",""NL"",""NO"",""PL"",""PT"",""RO"",""SE"",""SI"",""SK""]","2024-11-23 00:00:00","The decision was taken pursuant to own-initiative investigations.",SOURCE_VOLUNTARY,,Yes,AUTOMATED_DECISION_FULLY,TikTok,7440371484381453088,"2024-11-23 07:22:15"
c0c26d5b-e916-418c-9a18-af0b03201766,"[""DECISION_VISIBILITY_CONTENT_REMOVED""]",,,,,,,,,,,DECISION_GROUND_INCOMPATIBLE_CONTENT,,,,"Hate Speech and Hateful Behaviors","TikTok is enriched by the various backgrounds of our community members. Our differences should be respected, rather than a cause for division. We do not allow any hateful behavior, hate speech, or promotion of hateful ideologies. This includes content that attacks a person or group because of protected attributes.We proactively enforce our Community Guidelines through a mix of technology and human moderation. We have detected this policy violation using automated measures. We have used automated measures in making this decision.",,STATEMENT_CATEGORY_ILLEGAL_OR_HARMFUL_SPEECH,,,,"[""CONTENT_TYPE_TEXT""]",,,"2024-11-23 00:00:00","[""AT"",""BE"",""BG"",""CY"",""CZ"",""DE"",""DK"",""EE"",""ES"",""FI"",""FR"",""GR"",""HR"",""HU"",""IE"",""IT"",""LI"",""LT"",""LU"",""LV"",""MT"",""NL"",""NO"",""PL"",""PT"",""RO"",""SE"",""SI"",""SK""]","2024-11-23 00:00:00","The decision was taken pursuant to own-initiative investigations.",SOURCE_VOLUNTARY,,Yes,AUTOMATED_DECISION_FULLY,TikTok,7440371484381469472,"2024-11-23 07:22:15"
e7f8aa44-f154-4f4c-abfc-4c598f1a15eb,"[""DECISION_VISIBILITY_OTHER""]","Video not eligible for recommendation in the For You feed",,,,,,,,,,DECISION_GROUND_INCOMPATIBLE_CONTENT,,,,"Community Guidelines","We maintain content eligibility standards for the For You feed (FYF) that prioritize safety and are informed by the diversity of our community and cultural norms. We make ineligible for the FYF certain content that may not be appropriate for a broad audience related to: (1) Behavioral Health, (2) Sensitive and Mature Themes, (3) Integrity and Authenticity, and (4) Regulated Goods. Content that is ineligible for the FYF can still be discovered in other ways, such as through search tools or by following an account.We proactively enforce our Community Guidelines through a mix of technology and human moderation. We have detected this policy violation using automated measures. We have used automated measures in making this decision.",,STATEMENT_CATEGORY_SCOPE_OF_PLATFORM_SERVICE,,,,"[""CONTENT_TYPE_VIDEO""]",,,"2024-11-23 00:00:00","[""AT"",""BE"",""BG"",""CY"",""CZ"",""DE"",""DK"",""EE"",""ES"",""FI"",""FR"",""GR"",""HR"",""HU"",""IE"",""IT"",""LI"",""LT"",""LU"",""LV"",""MT"",""NL"",""NO"",""PL"",""PT"",""RO"",""SE"",""SI"",""SK""]","2024-11-23 00:00:00","The decision was taken pursuant to own-initiative investigations.",SOURCE_VOLUNTARY,,Yes,AUTOMATED_DECISION_FULLY,TikTok,7440371484175948577,"2024-11-23 07:22:15"
d490ac5c-8ff0-4cec-8f74-e4cf3025d0bc,"[""DECISION_VISIBILITY_OTHER""]","Video not eligible for recommendation in the For You feed",,,,,,,,,,DECISION_GROUND_INCOMPATIBLE_CONTENT,,,,"Community Guidelines","We maintain content eligibility standards for the For You feed (FYF) that prioritize safety and are informed by the diversity of our community and cultural norms. We make ineligible for the FYF certain content that may not be appropriate for a broad audience related to: (1) Behavioral Health, (2) Sensitive and Mature Themes, (3) Integrity and Authenticity, and (4) Regulated Goods. Content that is ineligible for the FYF can still be discovered in other ways, such as through search tools or by following an account.We proactively enforce our Community Guidelines through a mix of technology and human moderation. We have detected this policy violation using automated measures. We have used automated measures in making this decision.",,STATEMENT_CATEGORY_SCOPE_OF_PLATFORM_SERVICE,,,,"[""CONTENT_TYPE_VIDEO""]",,,"2024-11-23 00:00:00","[""AT"",""BE"",""BG"",""CY"",""CZ"",""DE"",""DK"",""EE"",""ES"",""FI"",""FR"",""GR"",""HR"",""HU"",""IE"",""IT"",""LI"",""LT"",""LU"",""LV"",""MT"",""NL"",""NO"",""PL"",""PT"",""RO"",""SE"",""SI"",""SK""]","2024-11-23 00:00:00","The decision was taken pursuant to own-initiative investigations.",SOURCE_VOLUNTARY,,Yes,AUTOMATED_DECISION_FULLY,TikTok,7440371484381485856,"2024-11-23 07:22:15"
9f696827-fdbd-4523-9f36-143375e7b5fc,"[""DECISION_VISIBILITY_CONTENT_REMOVED""]",,,,,,,,,,,DECISION_GROUND_INCOMPATIBLE_CONTENT,,,,"Harassment and Bullying","We welcome the respectful expression of different viewpoints, but not toxicity or trolling. We do not allow language or behavior that harasses, humiliates, threatens, or doxes anyone. This also includes responding to such acts with retaliatory harassment (but excludes non-harassing counterspeech).We proactively enforce our Community Guidelines through a mix of technology and human moderation. We have detected this policy violation using automated measures. We have used automated measures in making this decision.",,STATEMENT_CATEGORY_ILLEGAL_OR_HARMFUL_SPEECH,,,,"[""CONTENT_TYPE_TEXT""]",,,"2024-11-23 00:00:00","[""AT"",""BE"",""BG"",""CY"",""CZ"",""DE"",""DK"",""EE"",""ES"",""FI"",""FR"",""GR"",""HR"",""HU"",""IE"",""IT"",""LI"",""LT"",""LU"",""LV"",""MT"",""NL"",""NO"",""PL"",""PT"",""RO"",""SE"",""SI"",""SK""]","2024-11-23 00:00:00","The decision was taken pursuant to own-initiative investigations.",SOURCE_VOLUNTARY,,Yes,AUTOMATED_DECISION_FULLY,TikTok,7440371484175964961,"2024-11-23 07:22:15"
9a697915-beb2-4c2a-9f3b-53387b956ce4,"[""DECISION_VISIBILITY_CONTENT_REMOVED""]",,,,,,,,,,,DECISION_GROUND_INCOMPATIBLE_CONTENT,,,,"Community Guidelines","Your content is against our Community Guidelines. The guidelines include rules and standards for using TikTok that apply to everyone and everything on our platform.We proactively enforce our Community Guidelines through a mix of technology and human moderation. We have detected this policy violation using automated measures. We have used automated measures in making this decision.",,STATEMENT_CATEGORY_SCOPE_OF_PLATFORM_SERVICE,,,,"[""CONTENT_TYPE_VIDEO""]",,,"2024-11-23 00:00:00","[""AT"",""BE"",""BG"",""CY"",""CZ"",""DE"",""DK"",""EE"",""ES"",""FI"",""FR"",""GR"",""HR"",""HU"",""IE"",""IT"",""LI"",""LT"",""LU"",""LV"",""MT"",""NL"",""NO"",""PL"",""PT"",""RO"",""SE"",""SI"",""SK""]","2024-11-23 00:00:00","The decision was taken pursuant to own-initiative investigations.",SOURCE_VOLUNTARY,,Yes,AUTOMATED_DECISION_FULLY,TikTok,7440371484175981345,"2024-11-23 07:22:15"
1461e7f5-0378-4ef1-b320-0358d7c6f95b,"[""DECISION_VISIBILITY_OTHER""]","Video not eligible for recommendation in the For You feed",,,,,,,,,,DECISION_GROUND_INCOMPATIBLE_CONTENT,,,,"Alcohol, Tobacco, and Drugs","While adults make personal choices about how they engage with alcohol, drugs, and tobacco, we recognize that there are risks connected to trading and using these substances. Content is ineligible for the For You feed and harder to find in search if it shows adults consuming excessive amounts of alcohol or tobacco products.We proactively enforce our Community Guidelines through a mix of technology and human moderation. We have detected this policy violation using automated measures. We have used automated measures in making this decision.",,STATEMENT_CATEGORY_SCOPE_OF_PLATFORM_SERVICE,,,,"[""CONTENT_TYPE_VIDEO""]",,,"2024-11-23 00:00:00","[""AT"",""BE"",""BG"",""CY"",""CZ"",""DE"",""DK"",""EE"",""ES"",""FI"",""FR"",""GR"",""HR"",""HU"",""IE"",""IT"",""LI"",""LT"",""LU"",""LV"",""MT"",""NL"",""NO"",""PL"",""PT"",""RO"",""SE"",""SI"",""SK""]","2024-11-23 00:00:00","The decision was taken pursuant to own-initiative investigations.",SOURCE_VOLUNTARY,,Yes,AUTOMATED_DECISION_FULLY,TikTok,7440371484175997729,"2024-11-23 07:22:15"
d7eb16ec-b53c-41c8-b28e-8b2ee16d80a0,"[""DECISION_VISIBILITY_CONTENT_REMOVED""]",,,,,,,,,,,DECISION_GROUND_INCOMPATIBLE_CONTENT,,,,"Hate Speech and Hateful Behaviors","TikTok is enriched by the various backgrounds of our community members. Our differences should be respected, rather than a cause for division. We do not allow any hateful behavior, hate speech, or promotion of hateful ideologies. This includes content that attacks a person or group because of protected attributes.We proactively enforce our Community Guidelines through a mix of technology and human moderation. We have detected this policy violation using automated measures. We have used automated measures in making this decision.",,STATEMENT_CATEGORY_ILLEGAL_OR_HARMFUL_SPEECH,,,,"[""CONTENT_TYPE_TEXT""]",,,"2024-11-23 00:00:00","[""AT"",""BE"",""BG"",""CY"",""CZ"",""DE"",""DK"",""EE"",""ES"",""FI"",""FR"",""GR"",""HR"",""HU"",""IE"",""IT"",""LI"",""LT"",""LU"",""LV"",""MT"",""NL"",""NO"",""PL"",""PT"",""RO"",""SE"",""SI"",""SK""]","2024-11-23 00:00:00","The decision was taken pursuant to own-initiative investigations.",SOURCE_VOLUNTARY,,Yes,AUTOMATED_DECISION_FULLY,TikTok,7440371490270239521,"2024-11-23 07:22:15"
dbb1811b-b8ff-4552-a06d-11a9dfe50a8b,"[""DECISION_VISIBILITY_OTHER""]","Photo not eligible for recommendation in the For You feed",,,,,,,,,,DECISION_GROUND_INCOMPATIBLE_CONTENT,,,,"Dangerous Activities and Challenges","Most activities or challenges are appropriate for everyone, but some carry a risk of significant injury. Content is ineligible for the For You feed if it involves activities that are likely to lead to moderate physical harm, or includes professionals who are performing extreme sports and stunts that may endanger others.We proactively enforce our Community Guidelines through a mix of technology and human moderation. We have detected this policy violation using automated measures. We have used automated measures in making this decision.",,STATEMENT_CATEGORY_NEGATIVE_EFFECTS_ON_CIVIC_DISCOURSE_OR_ELECTIONS,,,,"[""CONTENT_TYPE_IMAGE""]",,,"2024-11-23 00:00:00","[""AT"",""BE"",""BG"",""CY"",""CZ"",""DE"",""DK"",""EE"",""ES"",""FI"",""FR"",""GR"",""HR"",""HU"",""IE"",""IT"",""LI"",""LT"",""LU"",""LV"",""MT"",""NL"",""NO"",""PL"",""PT"",""RO"",""SE"",""SI"",""SK""]","2024-11-23 00:00:00","The decision was taken pursuant to own-initiative investigations.",SOURCE_VOLUNTARY,,Yes,AUTOMATED_DECISION_FULLY,TikTok,7440371488764615457,"2024-11-23 07:22:15"
7c62c97a-2ff0-4669-8700-b1a4aaa6e1f1,"[""DECISION_VISIBILITY_CONTENT_REMOVED""]",,,,,,,,,,,DECISION_GROUND_INCOMPATIBLE_CONTENT,,,,"Harassment and Bullying","We welcome the respectful expression of different viewpoints, but not toxicity or trolling. We do not allow language or behavior that harasses, humiliates, threatens, or doxes anyone. This also includes responding to such acts with retaliatory harassment (but excludes non-harassing counterspeech).We proactively enforce our Community Guidelines through a mix of technology and human moderation. We have detected this policy violation using automated measures. We have used automated measures in making this decision.",,STATEMENT_CATEGORY_ILLEGAL_OR_HARMFUL_SPEECH,,,,"[""CONTENT_TYPE_TEXT""]",,,"2024-11-23 00:00:00","[""AT"",""BE"",""BG"",""CY"",""CZ"",""DE"",""DK"",""EE"",""ES"",""FI"",""FR"",""GR"",""HR"",""HU"",""IE"",""IT"",""LI"",""LT"",""LU"",""LV"",""MT"",""NL"",""NO"",""PL"",""PT"",""RO"",""SE"",""SI"",""SK""]","2024-11-23 00:00:00","The decision was taken pursuant to own-initiative investigations.",SOURCE_VOLUNTARY,,Yes,AUTOMATED_DECISION_FULLY,TikTok,7440371491310410528,"2024-11-23 07:22:15"
8df0d250-0e38-4505-a96b-6efd800e5db3,"[""DECISION_VISIBILITY_CONTENT_REMOVED""]",,,,,,,,,,,DECISION_GROUND_INCOMPATIBLE_CONTENT,,,,"Civic and Election Integrity","Elections are important moments of community conversation and promote the values of an open society. We do not allow misinformation about civic and electoral processes, regardless of intent. This includes misinformation about how to vote, registering to vote, eligibility requirements of  candidates, the processes to count ballots and certify elections, and the final outcome of an election.We proactively enforce our Community Guidelines through a mix of technology and human moderation. We have detected this policy violation using automated measures. We have used automated measures in making this decision.",,STATEMENT_CATEGORY_NEGATIVE_EFFECTS_ON_CIVIC_DISCOURSE_OR_ELECTIONS,,,,"[""CONTENT_TYPE_IMAGE""]",,,"2024-11-23 00:00:00","[""AT"",""BE"",""BG"",""CY"",""CZ"",""DE"",""DK"",""EE"",""ES"",""FI"",""FR"",""GR"",""HR"",""HU"",""IE"",""IT"",""LI"",""LT"",""LU"",""LV"",""MT"",""NL"",""NO"",""PL"",""PT"",""RO"",""SE"",""SI"",""SK""]","2024-11-23 00:00:00","The decision was taken pursuant to own-initiative investigations.",SOURCE_VOLUNTARY,,Yes,AUTOMATED_DECISION_FULLY,TikTok,7440371490270255905,"2024-11-23 07:22:15"
397f1ad5-ce94-4a61-8195-000ef197dca5,"[""DECISION_VISIBILITY_CONTENT_REMOVED""]",,,,,,,,,,,DECISION_GROUND_INCOMPATIBLE_CONTENT,,,,"Harassment and Bullying","We welcome the respectful expression of different viewpoints, but not toxicity or trolling. We do not allow language or behavior that harasses, humiliates, threatens, or doxes anyone. This also includes responding to such acts with retaliatory harassment (but excludes non-harassing counterspeech).We proactively enforce our Community Guidelines through a mix of technology and human moderation. We have detected this policy violation using automated measures. We have used automated measures in making this decision.",,STATEMENT_CATEGORY_ILLEGAL_OR_HARMFUL_SPEECH,,,,"[""CONTENT_TYPE_TEXT""]",,,"2024-11-23 00:00:00","[""AT"",""BE"",""BG"",""CY"",""CZ"",""DE"",""DK"",""EE"",""ES"",""FI"",""FR"",""GR"",""HR"",""HU"",""IE"",""IT"",""LI"",""LT"",""LU"",""LV"",""MT"",""NL"",""NO"",""PL"",""PT"",""RO"",""SE"",""SI"",""SK""]","2024-11-23 00:00:00","The decision was taken pursuant to own-initiative investigations.",SOURCE_VOLUNTARY,,Yes,AUTOMATED_DECISION_FULLY,TikTok,7440371490270272289,"2024-11-23 07:22:15"
28ff9e5e-284c-4ae6-815a-3505b91ae00b,"[""DECISION_VISIBILITY_OTHER""]","Video not eligible for recommendation in the For You feed",,,,,,,,,,DECISION_GROUND_INCOMPATIBLE_CONTENT,,,,"Alcohol, Tobacco, and Drugs","While adults make personal choices about how they engage with alcohol, drugs, and tobacco, we recognize that there are risks connected to trading and using these substances. Content is ineligible for the For You feed and harder to find in search if it shows adults consuming excessive amounts of alcohol or tobacco products.We proactively enforce our Community Guidelines through a mix of technology and human moderation. We have detected this policy violation using automated measures. We have used automated measures in making this decision.",,STATEMENT_CATEGORY_SCOPE_OF_PLATFORM_SERVICE,,,,"[""CONTENT_TYPE_VIDEO""]",,,"2024-11-23 00:00:00","[""AT"",""BE"",""BG"",""CY"",""CZ"",""DE"",""DK"",""EE"",""ES"",""FI"",""FR"",""GR"",""HR"",""HU"",""IE"",""IT"",""LI"",""LT"",""LU"",""LV"",""MT"",""NL"",""NO"",""PL"",""PT"",""RO"",""SE"",""SI"",""SK""]","2024-11-23 00:00:00","The decision was taken pursuant to own-initiative investigations.",SOURCE_VOLUNTARY,,Yes,AUTOMATED_DECISION_FULLY,TikTok,7440371499371879200,"2024-11-23 07:22:15"
0821a174-0e9c-4c68-9355-d352c2f02481,"[""DECISION_VISIBILITY_OTHER""]","Video not eligible for recommendation in the For You feed",,,,,,,,,,DECISION_GROUND_INCOMPATIBLE_CONTENT,,,,"Community Guidelines","We maintain content eligibility standards for the For You feed (FYF) that prioritize safety and are informed by the diversity of our community and cultural norms. We make ineligible for the FYF certain content that may not be appropriate for a broad audience related to: (1) Behavioral Health, (2) Sensitive and Mature Themes, (3) Integrity and Authenticity, and (4) Regulated Goods. Content that is ineligible for the FYF can still be discovered in other ways, such as through search tools or by following an account.We proactively enforce our Community Guidelines through a mix of technology and human moderation. We have detected this policy violation using automated measures. We have used automated measures in making this decision.",,STATEMENT_CATEGORY_SCOPE_OF_PLATFORM_SERVICE,,,,"[""CONTENT_TYPE_VIDEO""]",,,"2024-11-23 00:00:00","[""AT"",""BE"",""BG"",""CY"",""CZ"",""DE"",""DK"",""EE"",""ES"",""FI"",""FR"",""GR"",""HR"",""HU"",""IE"",""IT"",""LI"",""LT"",""LU"",""LV"",""MT"",""NL"",""NO"",""PL"",""PT"",""RO"",""SE"",""SI"",""SK""]","2024-11-23 00:00:00","The decision was taken pursuant to own-initiative investigations.",SOURCE_VOLUNTARY,,Yes,AUTOMATED_DECISION_FULLY,TikTok,7440371496251415328,"2024-11-23 07:22:15"
5eb68ff8-a6e5-47f2-b994-0bb631e4e00c,"[""DECISION_VISIBILITY_OTHER""]","Video not eligible for recommendation in the For You feed",,,,,,,,,,DECISION_GROUND_INCOMPATIBLE_CONTENT,,,,"Sexually Suggestive Content","We are mindful that certain behaviors related to sexual arousal or suggestiveness may be offensive to some people and may put young people at risk of exploitation. Content is ineligible for the For You feed and harder to find in search if it shows sex products or intends to sexually arouse (such as intimate kissing, sexualized posing, and seductive performances or allusions to sexual activity by adults). We proactively enforce our Community Guidelines through a mix of technology and human moderation. We have detected this policy violation using automated measures. We have used automated measures in making this decision.",,STATEMENT_CATEGORY_SCOPE_OF_PLATFORM_SERVICE,,,,"[""CONTENT_TYPE_VIDEO""]",,,"2024-11-23 00:00:00","[""AT"",""BE"",""BG"",""CY"",""CZ"",""DE"",""DK"",""EE"",""ES"",""FI"",""FR"",""GR"",""HR"",""HU"",""IE"",""IT"",""LI"",""LT"",""LU"",""LV"",""MT"",""NL"",""NO"",""PL"",""PT"",""RO"",""SE"",""SI"",""SK""]","2024-11-23 00:00:00","The decision was taken pursuant to own-initiative investigations.",SOURCE_VOLUNTARY,,Yes,AUTOMATED_DECISION_FULLY,TikTok,7440371499371911968,"2024-11-23 07:22:15"
7b7bfdd0-59eb-41fa-ab5b-bf73036fdab0,"[""DECISION_VISIBILITY_CONTENT_REMOVED""]",,,,,,,,,,,DECISION_GROUND_INCOMPATIBLE_CONTENT,,,,"Spam and Deceptive Account Behaviors","To build a trusted community online, it is important that the behaviors and identities of accounts are authentic and truthful. We do not allow account behaviors that may spam or mislead our community. We will restrict the visibility of comments that contain excessive or irrelevant spam content. We proactively enforce our Community Guidelines through a mix of technology and human moderation. We have detected this policy violation using automated measures. We have used automated measures in making this decision.",,STATEMENT_CATEGORY_SCAMS_AND_FRAUD,,,,"[""CONTENT_TYPE_TEXT""]",,,"2024-11-23 00:00:00","[""AT"",""BE"",""BG"",""CY"",""CZ"",""DE"",""DK"",""EE"",""ES"",""FI"",""FR"",""GR"",""HR"",""HU"",""IE"",""IT"",""LI"",""LT"",""LU"",""LV"",""MT"",""NL"",""NO"",""PL"",""PT"",""RO"",""SE"",""SI"",""SK""]","2024-11-23 00:00:00","The decision was taken pursuant to own-initiative investigations.",SOURCE_VOLUNTARY,,Yes,AUTOMATED_DECISION_FULLY,TikTok,7440371499371895584,"2024-11-23 07:22:15"
76715f86-509e-4363-a426-5a7f21baedf6,"[""DECISION_VISIBILITY_OTHER""]","Video not eligible for recommendation in the For You feed",,,,,,,,,,DECISION_GROUND_INCOMPATIBLE_CONTENT,,,,"Community Guidelines","We maintain content eligibility standards for the For You feed (FYF) that prioritize safety and are informed by the diversity of our community and cultural norms. We make ineligible for the FYF certain content that may not be appropriate for a broad audience related to: (1) Behavioral Health, (2) Sensitive and Mature Themes, (3) Integrity and Authenticity, and (4) Regulated Goods. Content that is ineligible for the FYF can still be discovered in other ways, such as through search tools or by following an account.We proactively enforce our Community Guidelines through a mix of technology and human moderation. We have detected this policy violation using automated measures. We have used automated measures in making this decision.",,STATEMENT_CATEGORY_SCOPE_OF_PLATFORM_SERVICE,,,,"[""CONTENT_TYPE_VIDEO""]",,,"2024-11-23 00:00:00","[""AT"",""BE"",""BG"",""CY"",""CZ"",""DE"",""DK"",""EE"",""ES"",""FI"",""FR"",""GR"",""HR"",""HU"",""IE"",""IT"",""LI"",""LT"",""LU"",""LV"",""MT"",""NL"",""NO"",""PL"",""PT"",""RO"",""SE"",""SI"",""SK""]","2024-11-23 00:00:00","The decision was taken pursuant to own-initiative investigations.",SOURCE_VOLUNTARY,,Yes,AUTOMATED_DECISION_FULLY,TikTok,7440371499371928352,"2024-11-23 07:22:15"
918d78f9-14a8-4ad6-85bb-d14999abc688,"[""DECISION_VISIBILITY_OTHER""]","Video not eligible for recommendation in the For You feed",,,,,,,,,,DECISION_GROUND_INCOMPATIBLE_CONTENT,,,,"Community Guidelines","We maintain content eligibility standards for the For You feed (FYF) that prioritize safety and are informed by the diversity of our community and cultural norms. We make ineligible for the FYF certain content that may not be appropriate for a broad audience related to: (1) Behavioral Health, (2) Sensitive and Mature Themes, (3) Integrity and Authenticity, and (4) Regulated Goods. Content that is ineligible for the FYF can still be discovered in other ways, such as through search tools or by following an account.We proactively enforce our Community Guidelines through a mix of technology and human moderation. We have detected this policy violation using automated measures. We have used automated measures in making this decision.",,STATEMENT_CATEGORY_SCOPE_OF_PLATFORM_SERVICE,,,,"[""CONTENT_TYPE_VIDEO""]",,,"2024-11-23 00:00:00","[""AT"",""BE"",""BG"",""CY"",""CZ"",""DE"",""DK"",""EE"",""ES"",""FI"",""FR"",""GR"",""HR"",""HU"",""IE"",""IT"",""LI"",""LT"",""LU"",""LV"",""MT"",""NL"",""NO"",""PL"",""PT"",""RO"",""SE"",""SI"",""SK""]","2024-11-23 00:00:00","The decision was taken pursuant to own-initiative investigations.",SOURCE_VOLUNTARY,,Yes,AUTOMATED_DECISION_FULLY,TikTok,7440371499371944736,"2024-11-23 07:22:15"
1ba792c5-397f-45fd-9e8b-832f97f2d5b2,"[""DECISION_VISIBILITY_OTHER""]","Photo not eligible for recommendation in the For You feed, and visibility restricted in search results",,,,,,,,,,DECISION_GROUND_INCOMPATIBLE_CONTENT,,,,"Civic and Election Integrity","We want to enable the informed exchange of civic ideas in a way that fosters productive dialogue. Your video didn’t meet our eligibility standards for the For You Feed. Please review our Community Guidelines for more information.We proactively enforce our Community Guidelines through a mix of technology and human moderation. We have detected this policy violation using automated measures. We have used automated measures in making this decision.",,STATEMENT_CATEGORY_NEGATIVE_EFFECTS_ON_CIVIC_DISCOURSE_OR_ELECTIONS,,,,"[""CONTENT_TYPE_IMAGE""]",,,"2024-11-23 00:00:00","[""AT"",""BE"",""BG"",""CY"",""CZ"",""DE"",""DK"",""EE"",""ES"",""FI"",""FR"",""GR"",""HR"",""HU"",""IE"",""IT"",""LI"",""LT"",""LU"",""LV"",""MT"",""NL"",""NO"",""PL"",""PT"",""RO"",""SE"",""SI"",""SK""]","2024-11-23 00:00:00","The decision was taken pursuant to own-initiative investigations.",SOURCE_VOLUNTARY,,Yes,AUTOMATED_DECISION_FULLY,TikTok,7440371496251431712,"2024-11-23 07:22:15"
d4a4fd4c-1541-4434-a90c-1e89b47fd513,"[""DECISION_VISIBILITY_CONTENT_REMOVED""]",,,,,,,,,,,DECISION_GROUND_INCOMPATIBLE_CONTENT,,,,"Harassment and Bullying","We welcome the respectful expression of different viewpoints, but not toxicity or trolling. We do not allow language or behavior that harasses, humiliates, threatens, or doxes anyone. This also includes responding to such acts with retaliatory harassment (but excludes non-harassing counterspeech).We proactively enforce our Community Guidelines through a mix of technology and human moderation. We have detected this policy violation using automated measures. We have used automated measures in making this decision.",,STATEMENT_CATEGORY_ILLEGAL_OR_HARMFUL_SPEECH,,,,"[""CONTENT_TYPE_TEXT""]",,,"2024-11-23 00:00:00","[""AT"",""BE"",""BG"",""CY"",""CZ"",""DE"",""DK"",""EE"",""ES"",""FI"",""FR"",""GR"",""HR"",""HU"",""IE"",""IT"",""LI"",""LT"",""LU"",""LV"",""MT"",""NL"",""NO"",""PL"",""PT"",""RO"",""SE"",""SI"",""SK""]","2024-11-23 00:00:00","The decision was taken pursuant to own-initiative investigations.",SOURCE_VOLUNTARY,,Yes,AUTOMATED_DECISION_FULLY,TikTok,7440371512030288673,"2024-11-23 07:22:15"
59d3f462-10fb-421d-beef-6f72c94388fe,"[""DECISION_VISIBILITY_CONTENT_REMOVED""]",,,,,,,,,,,DECISION_GROUND_INCOMPATIBLE_CONTENT,,,,"Harassment and Bullying","We welcome the respectful expression of different viewpoints, but not toxicity or trolling. We do not allow language or behavior that harasses, humiliates, threatens, or doxes anyone. This also includes responding to such acts with retaliatory harassment (but excludes non-harassing counterspeech).We proactively enforce our Community Guidelines through a mix of technology and human moderation. We have detected this policy violation using automated measures. We have used automated measures in making this decision.",,STATEMENT_CATEGORY_ILLEGAL_OR_HARMFUL_SPEECH,,,,"[""CONTENT_TYPE_TEXT""]",,,"2024-11-23 00:00:00","[""AT"",""BE"",""BG"",""CY"",""CZ"",""DE"",""DK"",""EE"",""ES"",""FI"",""FR"",""GR"",""HR"",""HU"",""IE"",""IT"",""LI"",""LT"",""LU"",""LV"",""MT"",""NL"",""NO"",""PL"",""PT"",""RO"",""SE"",""SI"",""SK""]","2024-11-23 00:00:00","The decision was taken pursuant to own-initiative investigations.",SOURCE_VOLUNTARY,,Yes,AUTOMATED_DECISION_FULLY,TikTok,7440371512030305057,"2024-11-23 07:22:15"
f2033270-5fcc-4670-b4cf-71e2370ec107,"[""DECISION_VISIBILITY_CONTENT_REMOVED""]",,,,,,,,,,,DECISION_GROUND_INCOMPATIBLE_CONTENT,,,,"Harassment and Bullying","We welcome the respectful expression of different viewpoints, but not toxicity or trolling. We do not allow language or behavior that harasses, humiliates, threatens, or doxes anyone. This also includes responding to such acts with retaliatory harassment (but excludes non-harassing counterspeech).We proactively enforce our Community Guidelines through a mix of technology and human moderation. We have detected this policy violation using automated measures. We have used automated measures in making this decision.",,STATEMENT_CATEGORY_ILLEGAL_OR_HARMFUL_SPEECH,,,,"[""CONTENT_TYPE_TEXT""]",,,"2024-11-23 00:00:00","[""AT"",""BE"",""BG"",""CY"",""CZ"",""DE"",""DK"",""EE"",""ES"",""FI"",""FR"",""GR"",""HR"",""HU"",""IE"",""IT"",""LI"",""LT"",""LU"",""LV"",""MT"",""NL"",""NO"",""PL"",""PT"",""RO"",""SE"",""SI"",""SK""]","2024-11-23 00:00:00","The decision was taken pursuant to own-initiative investigations.",SOURCE_VOLUNTARY,,Yes,AUTOMATED_DECISION_FULLY,TikTok,7440371512030321441,"2024-11-23 07:22:15"
bba35006-1903-4bc9-b50d-da3254d82ed8,"[""DECISION_VISIBILITY_OTHER""]","Video not eligible for recommendation in the For You feed",,,,,,,,,,DECISION_GROUND_INCOMPATIBLE_CONTENT,,,,"Community Guidelines","We maintain content eligibility standards for the For You feed (FYF) that prioritize safety and are informed by the diversity of our community and cultural norms. We make ineligible for the FYF certain content that may not be appropriate for a broad audience related to: (1) Behavioral Health, (2) Sensitive and Mature Themes, (3) Integrity and Authenticity, and (4) Regulated Goods. Content that is ineligible for the FYF can still be discovered in other ways, such as through search tools or by following an account.We proactively enforce our Community Guidelines through a mix of technology and human moderation. We have detected this policy violation using automated measures. We have used automated measures in making this decision.",,STATEMENT_CATEGORY_SCOPE_OF_PLATFORM_SERVICE,,,,"[""CONTENT_TYPE_VIDEO""]",,,"2024-11-23 00:00:00","[""AT"",""BE"",""BG"",""CY"",""CZ"",""DE"",""DK"",""EE"",""ES"",""FI"",""FR"",""GR"",""HR"",""HU"",""IE"",""IT"",""LI"",""LT"",""LU"",""LV"",""MT"",""NL"",""NO"",""PL"",""PT"",""RO"",""SE"",""SI"",""SK""]","2024-11-23 00:00:00","The decision was taken pursuant to own-initiative investigations.",SOURCE_VOLUNTARY,,Yes,AUTOMATED_DECISION_FULLY,TikTok,7440371509111102241,"2024-11-23 07:22:15"
742fae89-aa87-4941-a01d-71f54e550c60,"[""DECISION_VISIBILITY_OTHER""]","Video not eligible for recommendation in the For You feed",,,,,,,,,,DECISION_GROUND_INCOMPATIBLE_CONTENT,,,,"Community Guidelines","We maintain content eligibility standards for the For You feed (FYF) that prioritize safety and are informed by the diversity of our community and cultural norms. We make ineligible for the FYF certain content that may not be appropriate for a broad audience related to: (1) Behavioral Health, (2) Sensitive and Mature Themes, (3) Integrity and Authenticity, and (4) Regulated Goods. Content that is ineligible for the FYF can still be discovered in other ways, such as through search tools or by following an account.We proactively enforce our Community Guidelines through a mix of technology and human moderation. We have detected this policy violation using automated measures. We have used automated measures in making this decision.",,STATEMENT_CATEGORY_SCOPE_OF_PLATFORM_SERVICE,,,,"[""CONTENT_TYPE_VIDEO""]",,,"2024-11-23 00:00:00","[""AT"",""BE"",""BG"",""CY"",""CZ"",""DE"",""DK"",""EE"",""ES"",""FI"",""FR"",""GR"",""HR"",""HU"",""IE"",""IT"",""LI"",""LT"",""LU"",""LV"",""MT"",""NL"",""NO"",""PL"",""PT"",""RO"",""SE"",""SI"",""SK""]","2024-11-23 00:00:00","The decision was taken pursuant to own-initiative investigations.",SOURCE_VOLUNTARY,,Yes,AUTOMATED_DECISION_FULLY,TikTok,7440371516128238369,"2024-11-23 07:22:15"
febf627a-293e-449d-9de3-816e96ddcbb3,"[""DECISION_VISIBILITY_CONTENT_REMOVED""]",,,,,,,,,,,DECISION_GROUND_INCOMPATIBLE_CONTENT,,,,"Harassment and Bullying","We welcome the respectful expression of different viewpoints, but not toxicity or trolling. We do not allow language or behavior that harasses, humiliates, threatens, or doxes anyone. This also includes responding to such acts with retaliatory harassment (but excludes non-harassing counterspeech).We proactively enforce our Community Guidelines through a mix of technology and human moderation. We have detected this policy violation using automated measures. We have used automated measures in making this decision.",,STATEMENT_CATEGORY_ILLEGAL_OR_HARMFUL_SPEECH,,,,"[""CONTENT_TYPE_TEXT""]",,,"2024-11-23 00:00:00","[""AT"",""BE"",""BG"",""CY"",""CZ"",""DE"",""DK"",""EE"",""ES"",""FI"",""FR"",""GR"",""HR"",""HU"",""IE"",""IT"",""LI"",""LT"",""LU"",""LV"",""MT"",""NL"",""NO"",""PL"",""PT"",""RO"",""SE"",""SI"",""SK""]","2024-11-23 00:00:00","The decision was taken pursuant to own-initiative investigations.",SOURCE_VOLUNTARY,,Yes,AUTOMATED_DECISION_FULLY,TikTok,7440371516816038689,"2024-11-23 07:22:15"
ba671a67-e76b-4796-9762-c56c643901eb,"[""DECISION_VISIBILITY_CONTENT_REMOVED""]",,,,,,,,,,,DECISION_GROUND_INCOMPATIBLE_CONTENT,,,,"Violent Behaviors and Criminal Activities","We recognize that online content related to violence can cause real-world harm. We do not allow any violent threats, incitement to violence, or promotion of criminal activities that may harm people, animals, or property. If there is a specific, credible, and imminent threat to human life or serious physical injury, we will report it to relevant law enforcement authorities.We proactively enforce our Community Guidelines through a mix of technology and human moderation. We have detected this policy violation using automated measures. We have used automated measures in making this decision.",,STATEMENT_CATEGORY_VIOLENCE,,,,"[""CONTENT_TYPE_TEXT""]",,,"2024-11-23 00:00:00","[""AT"",""BE"",""BG"",""CY"",""CZ"",""DE"",""DK"",""EE"",""ES"",""FI"",""FR"",""GR"",""HR"",""HU"",""IE"",""IT"",""LI"",""LT"",""LU"",""LV"",""MT"",""NL"",""NO"",""PL"",""PT"",""RO"",""SE"",""SI"",""SK""]","2024-11-23 00:00:00","The decision was taken pursuant to own-initiative investigations.",SOURCE_VOLUNTARY,,Yes,AUTOMATED_DECISION_FULLY,TikTok,7440371516128254753,"2024-11-23 07:22:15"
75b0d097-204d-4b8b-baf1-eb579eb17803,"[""DECISION_VISIBILITY_OTHER""]","Video not eligible for recommendation in the For You feed",,,,,,,,,,DECISION_GROUND_INCOMPATIBLE_CONTENT,,,,"Community Guidelines","We maintain content eligibility standards for the For You feed (FYF) that prioritize safety and are informed by the diversity of our community and cultural norms. We make ineligible for the FYF certain content that may not be appropriate for a broad audience related to: (1) Behavioral Health, (2) Sensitive and Mature Themes, (3) Integrity and Authenticity, and (4) Regulated Goods. Content that is ineligible for the FYF can still be discovered in other ways, such as through search tools or by following an account.We proactively enforce our Community Guidelines through a mix of technology and human moderation. We have detected this policy violation using automated measures. We have used automated measures in making this decision.",,STATEMENT_CATEGORY_SCOPE_OF_PLATFORM_SERVICE,,,,"[""CONTENT_TYPE_VIDEO""]",,,"2024-11-23 00:00:00","[""AT"",""BE"",""BG"",""CY"",""CZ"",""DE"",""DK"",""EE"",""ES"",""FI"",""FR"",""GR"",""HR"",""HU"",""IE"",""IT"",""LI"",""LT"",""LU"",""LV"",""MT"",""NL"",""NO"",""PL"",""PT"",""RO"",""SE"",""SI"",""SK""]","2024-11-23 00:00:00","The decision was taken pursuant to own-initiative investigations.",SOURCE_VOLUNTARY,,Yes,AUTOMATED_DECISION_FULLY,TikTok,7440371517659028256,"2024-11-23 07:22:15"
127be9a3-c191-4362-b24c-310ca8dbb078,"[""DECISION_VISIBILITY_CONTENT_REMOVED""]",,,,,,,,,,,DECISION_GROUND_INCOMPATIBLE_CONTENT,,,,"Harassment and Bullying","We welcome the respectful expression of different viewpoints, but not toxicity or trolling. We do not allow language or behavior that harasses, humiliates, threatens, or doxes anyone. This also includes responding to such acts with retaliatory harassment (but excludes non-harassing counterspeech).We proactively enforce our Community Guidelines through a mix of technology and human moderation. We have detected this policy violation using automated measures. We have used automated measures in making this decision.",,STATEMENT_CATEGORY_ILLEGAL_OR_HARMFUL_SPEECH,,,,"[""CONTENT_TYPE_TEXT""]",,,"2024-11-23 00:00:00","[""AT"",""BE"",""BG"",""CY"",""CZ"",""DE"",""DK"",""EE"",""ES"",""FI"",""FR"",""GR"",""HR"",""HU"",""IE"",""IT"",""LI"",""LT"",""LU"",""LV"",""MT"",""NL"",""NO"",""PL"",""PT"",""RO"",""SE"",""SI"",""SK""]","2024-11-23 00:00:00","The decision was taken pursuant to own-initiative investigations.",SOURCE_VOLUNTARY,,Yes,AUTOMATED_DECISION_FULLY,TikTok,7440371520670669601,"2024-11-23 07:22:15"
de4f79a6-0c9b-4e1c-a9b1-a5268691eea0,"[""DECISION_VISIBILITY_OTHER""]","Video not eligible for recommendation in the For You feed",,,,,,,,,,DECISION_GROUND_INCOMPATIBLE_CONTENT,,,,"Community Guidelines","We maintain content eligibility standards for the For You feed (FYF) that prioritize safety and are informed by the diversity of our community and cultural norms. We make ineligible for the FYF certain content that may not be appropriate for a broad audience related to: (1) Behavioral Health, (2) Sensitive and Mature Themes, (3) Integrity and Authenticity, and (4) Regulated Goods. Content that is ineligible for the FYF can still be discovered in other ways, such as through search tools or by following an account.We proactively enforce our Community Guidelines through a mix of technology and human moderation. We have detected this policy violation using automated measures. We have used automated measures in making this decision.",,STATEMENT_CATEGORY_SCOPE_OF_PLATFORM_SERVICE,,,,"[""CONTENT_TYPE_VIDEO""]",,,"2024-11-23 00:00:00","[""AT"",""BE"",""BG"",""CY"",""CZ"",""DE"",""DK"",""EE"",""ES"",""FI"",""FR"",""GR"",""HR"",""HU"",""IE"",""IT"",""LI"",""LT"",""LU"",""LV"",""MT"",""NL"",""NO"",""PL"",""PT"",""RO"",""SE"",""SI"",""SK""]","2024-11-23 00:00:00","The decision was taken pursuant to own-initiative investigations.",SOURCE_VOLUNTARY,,Yes,AUTOMATED_DECISION_FULLY,TikTok,7440371522306415393,"2024-11-23 07:22:15"
abda021a-9fbc-4989-ab6d-d8535dcba523,"[""DECISION_VISIBILITY_OTHER""]","Photo not eligible for recommendation in the For You feed, and visibility restricted in search results",,,,,,,,,,DECISION_GROUND_INCOMPATIBLE_CONTENT,,,,"Civic and Election Integrity","We want to enable the informed exchange of civic ideas in a way that fosters productive dialogue. Your video didn’t meet our eligibility standards for the For You Feed. Please review our Community Guidelines for more information.We proactively enforce our Community Guidelines through a mix of technology and human moderation. We have detected this policy violation using automated measures. We have used automated measures in making this decision.",,STATEMENT_CATEGORY_NEGATIVE_EFFECTS_ON_CIVIC_DISCOURSE_OR_ELECTIONS,,,,"[""CONTENT_TYPE_IMAGE""]",,,"2024-11-23 00:00:00","[""AT"",""BE"",""BG"",""CY"",""CZ"",""DE"",""DK"",""EE"",""ES"",""FI"",""FR"",""GR"",""HR"",""HU"",""IE"",""IT"",""LI"",""LT"",""LU"",""LV"",""MT"",""NL"",""NO"",""PL"",""PT"",""RO"",""SE"",""SI"",""SK""]","2024-11-23 00:00:00","The decision was taken pursuant to own-initiative investigations.",SOURCE_VOLUNTARY,,Yes,AUTOMATED_DECISION_FULLY,TikTok,7440371522306431777,"2024-11-23 07:22:15"
f470175a-172e-4a14-b654-0e84f7534607,"[""DECISION_VISIBILITY_OTHER""]","Photo not eligible for recommendation in the For You feed, and visibility restricted in search results",,,,,,,,,,DECISION_GROUND_INCOMPATIBLE_CONTENT,,,,"Dangerous Activities and Challenges","Most activities or challenges are appropriate for everyone, but some may carry a risk of significant injury. Content is ineligible for the For You feed if it involves activities likely to lead to moderate physical harm or includes professionals performing extreme sports and stunts that may endanger others.We proactively enforce our Community Guidelines through a mix of technology and human moderation. We have detected this policy violation using automated measures. We have used automated measures in making this decision.",,STATEMENT_CATEGORY_SCOPE_OF_PLATFORM_SERVICE,,,,"[""CONTENT_TYPE_IMAGE""]",,,"2024-11-23 00:00:00","[""AT"",""BE"",""BG"",""CY"",""CZ"",""DE"",""DK"",""EE"",""ES"",""FI"",""FR"",""GR"",""HR"",""HU"",""IE"",""IT"",""LI"",""LT"",""LU"",""LV"",""MT"",""NL"",""NO"",""PL"",""PT"",""RO"",""SE"",""SI"",""SK""]","2024-11-23 00:00:00","The decision was taken pursuant to own-initiative investigations.",SOURCE_VOLUNTARY,,Yes,AUTOMATED_DECISION_FULLY,TikTok,7440371520670685985,"2024-11-23 07:22:15"
130cc592-bbec-4e3d-9dee-6def7e07e3b0,"[""DECISION_VISIBILITY_CONTENT_REMOVED""]",,,,,,,,,,,DECISION_GROUND_INCOMPATIBLE_CONTENT,,,,"Minimum Age Requirement","Users must be 13 years and older to have a TikTok account. We are deeply committed to ensuring that TikTok is a safe and positive experience for people under the age of 18. This starts by being old enough to use TikTok. If we learn someone is below the minimum age on TikTok, we will ban that account.We proactively enforce our Community Guidelines through a mix of technology and human moderation. We have detected this policy violation using automated measures. We have used automated measures in making this decision.",,STATEMENT_CATEGORY_PROTECTION_OF_MINORS,,,,"[""CONTENT_TYPE_TEXT""]",,,"2024-11-23 00:00:00","[""AT"",""BE"",""BG"",""CY"",""CZ"",""DE"",""DK"",""EE"",""ES"",""FI"",""FR"",""GR"",""HR"",""HU"",""IE"",""IT"",""LI"",""LT"",""LU"",""LV"",""MT"",""NL"",""NO"",""PL"",""PT"",""RO"",""SE"",""SI"",""SK""]","2024-11-23 00:00:00","The decision was taken pursuant to own-initiative investigations.",SOURCE_VOLUNTARY,,Yes,AUTOMATED_DECISION_FULLY,TikTok,7440371524831288096,"2024-11-23 07:22:15"
9a8cfe90-e9d1-44e4-af3b-0926915d009f,"[""DECISION_VISIBILITY_CONTENT_REMOVED""]",,,,,,,,,,,DECISION_GROUND_INCOMPATIBLE_CONTENT,,,,"Community Guidelines","Your content is against our Community Guidelines. The guidelines include rules and standards for using TikTok that apply to everyone and everything on our platform.We proactively enforce our Community Guidelines through a mix of technology and human moderation. We have detected this policy violation using automated measures. We have used automated measures in making this decision.",,STATEMENT_CATEGORY_SCOPE_OF_PLATFORM_SERVICE,,,,"[""CONTENT_TYPE_IMAGE""]",,,"2024-01-27 00:00:00","[""AT"",""BE"",""BG"",""CY"",""CZ"",""DE"",""DK"",""EE"",""ES"",""FI"",""FR"",""GR"",""HR"",""HU"",""IE"",""IT"",""LI"",""LT"",""LU"",""LV"",""MT"",""NL"",""NO"",""PL"",""PT"",""RO"",""SE"",""SI"",""SK""]","2024-11-23 00:00:00","The decision was taken pursuant to own-initiative investigations.",SOURCE_VOLUNTARY,,Yes,AUTOMATED_DECISION_FULLY,TikTok,7440371524831304480,"2024-11-23 07:22:15"
86d06578-5d0c-4ae4-95e5-aafeab91b4a9,"[""DECISION_VISIBILITY_CONTENT_REMOVED""]",,,,,,,,,,,DECISION_GROUND_INCOMPATIBLE_CONTENT,,,,"Frauds and Scams","We want people to be able to use our platform to learn about ways to be financially responsible and consider economic transactions or investment opportunities, without worrying about scams or financial exploitation. We do not allow attempts to defraud or scam members of our community.We proactively enforce our Community Guidelines through a mix of technology and human moderation. We have detected this policy violation using automated measures.",,STATEMENT_CATEGORY_SCAMS_AND_FRAUD,,,,"[""CONTENT_TYPE_VIDEO""]",,,"2024-11-23 00:00:00","[""AT"",""BE"",""BG"",""CY"",""CZ"",""DE"",""DK"",""EE"",""ES"",""FI"",""FR"",""GR"",""HR"",""HU"",""IE"",""IT"",""LI"",""LT"",""LU"",""LV"",""MT"",""NL"",""NO"",""PL"",""PT"",""RO"",""SE"",""SI"",""SK""]","2024-11-23 00:00:00","The decision was taken pursuant to own-initiative investigations.",SOURCE_VOLUNTARY,,Yes,AUTOMATED_DECISION_NOT_AUTOMATED,TikTok,7440371522306448161,"2024-11-23 07:22:15"
7c82f987-5c23-498c-8b69-026cd2fdda46,"[""DECISION_VISIBILITY_CONTENT_REMOVED""]",,,,,,,,,,,DECISION_GROUND_INCOMPATIBLE_CONTENT,,,,"Harassment and Bullying","We welcome the respectful expression of different viewpoints, but not toxicity or trolling. We do not allow language or behavior that harasses, humiliates, threatens, or doxes anyone. This also includes responding to such acts with retaliatory harassment (but excludes non-harassing counterspeech).We proactively enforce our Community Guidelines through a mix of technology and human moderation. We have detected this policy violation using automated measures. We have used automated measures in making this decision.",,STATEMENT_CATEGORY_ILLEGAL_OR_HARMFUL_SPEECH,,,,"[""CONTENT_TYPE_TEXT""]",,,"2024-11-23 00:00:00","[""AT"",""BE"",""BG"",""CY"",""CZ"",""DE"",""DK"",""EE"",""ES"",""FI"",""FR"",""GR"",""HR"",""HU"",""IE"",""IT"",""LI"",""LT"",""LU"",""LV"",""MT"",""NL"",""NO"",""PL"",""PT"",""RO"",""SE"",""SI"",""SK""]","2024-11-23 00:00:00","The decision was taken pursuant to own-initiative investigations.",SOURCE_VOLUNTARY,,Yes,AUTOMATED_DECISION_FULLY,TikTok,7440371532590832417,"2024-11-23 07:22:15"
8b0b68dc-dd5f-4288-82cb-3bf510be51fe,"[""DECISION_VISIBILITY_CONTENT_REMOVED""]",,,,,,,,,,,DECISION_GROUND_INCOMPATIBLE_CONTENT,,,,"Community Guidelines","Your content is against our Community Guidelines. The guidelines include rules and standards for using TikTok that apply to everyone and everything on our platform.We proactively enforce our Community Guidelines through a mix of technology and human moderation. We have detected this policy violation using automated measures. We have used automated measures in making this decision.",,STATEMENT_CATEGORY_SCOPE_OF_PLATFORM_SERVICE,,,,"[""CONTENT_TYPE_TEXT""]",,,"2024-11-23 00:00:00","[""AT"",""BE"",""BG"",""CY"",""CZ"",""DE"",""DK"",""EE"",""ES"",""FI"",""FR"",""GR"",""HR"",""HU"",""IE"",""IT"",""LI"",""LT"",""LU"",""LV"",""MT"",""NL"",""NO"",""PL"",""PT"",""RO"",""SE"",""SI"",""SK""]","2024-11-23 00:00:00","The decision was taken pursuant to own-initiative investigations.",SOURCE_VOLUNTARY,,Yes,AUTOMATED_DECISION_FULLY,TikTok,7440371532590848801,"2024-11-23 07:22:15"
2edcaeab-f474-44e5-b5be-5f3fc7a3491b,"[""DECISION_VISIBILITY_OTHER""]","Video not eligible for recommendation in the For You feed",,,,,,,,,,DECISION_GROUND_INCOMPATIBLE_CONTENT,,,,"Community Guidelines","We maintain content eligibility standards for the For You feed (FYF) that prioritize safety and are informed by the diversity of our community and cultural norms. We make ineligible for the FYF certain content that may not be appropriate for a broad audience related to: (1) Behavioral Health, (2) Sensitive and Mature Themes, (3) Integrity and Authenticity, and (4) Regulated Goods. Content that is ineligible for the FYF can still be discovered in other ways, such as through search tools or by following an account.We proactively enforce our Community Guidelines through a mix of technology and human moderation. We have detected this policy violation using automated measures. We have used automated measures in making this decision.",,STATEMENT_CATEGORY_SCOPE_OF_PLATFORM_SERVICE,,,,"[""CONTENT_TYPE_VIDEO""]",,,"2024-11-23 00:00:00","[""AT"",""BE"",""BG"",""CY"",""CZ"",""DE"",""DK"",""EE"",""ES"",""FI"",""FR"",""GR"",""HR"",""HU"",""IE"",""IT"",""LI"",""LT"",""LU"",""LV"",""MT"",""NL"",""NO"",""PL"",""PT"",""RO"",""SE"",""SI"",""SK""]","2024-11-23 00:00:00","The decision was taken pursuant to own-initiative investigations.",SOURCE_VOLUNTARY,,Yes,AUTOMATED_DECISION_FULLY,TikTok,7440371532590865185,"2024-11-23 07:22:15"
bc35151a-1c41-4c5e-8ad4-017a09752b09,"[""DECISION_VISIBILITY_CONTENT_REMOVED""]",,,,,,,,,,,DECISION_GROUND_INCOMPATIBLE_CONTENT,,,,"Harassment and Bullying","We welcome the respectful expression of different viewpoints, but not toxicity or trolling. We do not allow language or behavior that harasses, humiliates, threatens, or doxes anyone. This also includes responding to such acts with retaliatory harassment (but excludes non-harassing counterspeech).We proactively enforce our Community Guidelines through a mix of technology and human moderation. We have detected this policy violation using automated measures. We have used automated measures in making this decision.",,STATEMENT_CATEGORY_ILLEGAL_OR_HARMFUL_SPEECH,,,,"[""CONTENT_TYPE_TEXT""]",,,"2024-11-23 00:00:00","[""AT"",""BE"",""BG"",""CY"",""CZ"",""DE"",""DK"",""EE"",""ES"",""FI"",""FR"",""GR"",""HR"",""HU"",""IE"",""IT"",""LI"",""LT"",""LU"",""LV"",""MT"",""NL"",""NO"",""PL"",""PT"",""RO"",""SE"",""SI"",""SK""]","2024-11-23 00:00:00","The decision was taken pursuant to own-initiative investigations.",SOURCE_VOLUNTARY,,Yes,AUTOMATED_DECISION_FULLY,TikTok,7440371535677758241,"2024-11-23 07:22:15"
5edbda0e-33f1-46be-ab46-24609e9c9483,"[""DECISION_VISIBILITY_OTHER""]","Video not eligible for recommendation in the For You feed",,,,,,,,,,DECISION_GROUND_INCOMPATIBLE_CONTENT,,,,"Community Guidelines","We maintain content eligibility standards for the For You feed (FYF) that prioritize safety and are informed by the diversity of our community and cultural norms. We make ineligible for the FYF certain content that may not be appropriate for a broad audience related to: (1) Behavioral Health, (2) Sensitive and Mature Themes, (3) Integrity and Authenticity, and (4) Regulated Goods. Content that is ineligible for the FYF can still be discovered in other ways, such as through search tools or by following an account.We proactively enforce our Community Guidelines through a mix of technology and human moderation. We have detected this policy violation using automated measures. We have used automated measures in making this decision.",,STATEMENT_CATEGORY_SCOPE_OF_PLATFORM_SERVICE,,,,"[""CONTENT_TYPE_VIDEO""]",,,"2024-11-23 00:00:00","[""AT"",""BE"",""BG"",""CY"",""CZ"",""DE"",""DK"",""EE"",""ES"",""FI"",""FR"",""GR"",""HR"",""HU"",""IE"",""IT"",""LI"",""LT"",""LU"",""LV"",""MT"",""NL"",""NO"",""PL"",""PT"",""RO"",""SE"",""SI"",""SK""]","2024-11-23 00:00:00","The decision was taken pursuant to own-initiative investigations.",SOURCE_VOLUNTARY,,Yes,AUTOMATED_DECISION_FULLY,TikTok,7440371535677774625,"2024-11-23 07:22:15"
1f198736-8d2c-45f2-8c8f-0f2a7d063922,"[""DECISION_VISIBILITY_OTHER""]","Video not eligible for recommendation in the For You feed",,,,,,,,,,DECISION_GROUND_INCOMPATIBLE_CONTENT,,,,"Community Guidelines","We maintain content eligibility standards for the For You feed (FYF) that prioritize safety and are informed by the diversity of our community and cultural norms. We make ineligible for the FYF certain content that may not be appropriate for a broad audience related to: (1) Behavioral Health, (2) Sensitive and Mature Themes, (3) Integrity and Authenticity, and (4) Regulated Goods. Content that is ineligible for the FYF can still be discovered in other ways, such as through search tools or by following an account.We proactively enforce our Community Guidelines through a mix of technology and human moderation. We have detected this policy violation using automated measures. We have used automated measures in making this decision.",,STATEMENT_CATEGORY_SCOPE_OF_PLATFORM_SERVICE,,,,"[""CONTENT_TYPE_VIDEO""]",,,"2024-11-23 00:00:00","[""AT"",""BE"",""BG"",""CY"",""CZ"",""DE"",""DK"",""EE"",""ES"",""FI"",""FR"",""GR"",""HR"",""HU"",""IE"",""IT"",""LI"",""LT"",""LU"",""LV"",""MT"",""NL"",""NO"",""PL"",""PT"",""RO"",""SE"",""SI"",""SK""]","2024-11-23 00:00:00","The decision was taken pursuant to own-initiative investigations.",SOURCE_VOLUNTARY,,Yes,AUTOMATED_DECISION_FULLY,TikTok,7440371535677791009,"2024-11-23 07:22:15"
025d1d02-623c-420b-b178-c485f69cdd9c,"[""DECISION_VISIBILITY_CONTENT_REMOVED""]",,,,,,,,,,,DECISION_GROUND_INCOMPATIBLE_CONTENT,,,,"Hate Speech and Hateful Behaviors","TikTok is enriched by the various backgrounds of our community members. Our differences should be respected, rather than a cause for division. We do not allow any hateful behavior, hate speech, or promotion of hateful ideologies. This includes content that attacks a person or group because of protected attributes.We proactively enforce our Community Guidelines through a mix of technology and human moderation. We have detected this policy violation using automated measures. We have used automated measures in making this decision.",,STATEMENT_CATEGORY_ILLEGAL_OR_HARMFUL_SPEECH,,,,"[""CONTENT_TYPE_TEXT""]",,,"2024-11-23 00:00:00","[""AT"",""BE"",""BG"",""CY"",""CZ"",""DE"",""DK"",""EE"",""ES"",""FI"",""FR"",""GR"",""HR"",""HU"",""IE"",""IT"",""LI"",""LT"",""LU"",""LV"",""MT"",""NL"",""NO"",""PL"",""PT"",""RO"",""SE"",""SI"",""SK""]","2024-11-23 00:00:00","The decision was taken pursuant to own-initiative investigations.",SOURCE_VOLUNTARY,,Yes,AUTOMATED_DECISION_FULLY,TikTok,7440371540652235552,"2024-11-23 07:22:15"
81f30fb4-b012-4583-91a1-ad66cb7c80bc,,,,,,,DECISION_PROVISION_PARTIAL_SUSPENSION,"2024-11-24 00:00:00",,,,DECISION_GROUND_INCOMPATIBLE_CONTENT,,,,"Dangerous activities and challenges","Most activities or challenges are appropriate for everyone, but some carry a risk of significant injury. We do not allow showing or promoting dangerous activities and challenges. This includes dares, games, tricks, inappropriate use of dangerous tools, eating substances that are harmful to one’s health, or similar activities that may lead to significant physical harm. Visit our {CG_link} for more information.",,STATEMENT_CATEGORY_SCOPE_OF_PLATFORM_SERVICE,,,,"[""CONTENT_TYPE_VIDEO""]",,,"2024-11-23 00:00:00","[""AT"",""BE"",""BG"",""CY"",""CZ"",""DE"",""DK"",""EE"",""ES"",""FI"",""FR"",""GR"",""HR"",""HU"",""IE"",""IS"",""IT"",""LI"",""LT"",""LU"",""LV"",""MT"",""NL"",""NO"",""PL"",""PT"",""RO"",""SE"",""SI"",""SK""]","2024-11-23 00:00:00","The decision was taken pursuant to own-initiative investigations",SOURCE_VOLUNTARY,,Yes,AUTOMATED_DECISION_NOT_AUTOMATED,TikTok,7440371541482691360,"2024-11-23 07:22:15"
7e275f37-310f-4278-8e5f-ad835bfd625e,"[""DECISION_VISIBILITY_CONTENT_REMOVED""]",,,,,,,,,,,DECISION_GROUND_INCOMPATIBLE_CONTENT,,,,"Dangerous activities and challenges","Most activities or challenges are appropriate for everyone, but some carry a risk of significant injury. We do not allow showing or promoting dangerous activities and challenges. This includes dares, games, tricks, inappropriate use of dangerous tools, eating substances that are harmful to one’s health, or similar activities that may lead to significant physical harm. Visit our {CG_link} for more information.",,STATEMENT_CATEGORY_SCOPE_OF_PLATFORM_SERVICE,,,,"[""CONTENT_TYPE_VIDEO""]",,,"2024-11-23 00:00:00","[""AT"",""BE"",""BG"",""CY"",""CZ"",""DE"",""DK"",""EE"",""ES"",""FI"",""FR"",""GR"",""HR"",""HU"",""IE"",""IS"",""IT"",""LI"",""LT"",""LU"",""LV"",""MT"",""NL"",""NO"",""PL"",""PT"",""RO"",""SE"",""SI"",""SK""]","2024-11-23 00:00:00","The decision was taken pursuant to own-initiative investigations",SOURCE_VOLUNTARY,,Yes,AUTOMATED_DECISION_NOT_AUTOMATED,TikTok,7440371540652251936,"2024-11-23 07:22:15"
df88c51b-9b45-4fa9-834a-6a7a9b35b49f,"[""DECISION_VISIBILITY_CONTENT_REMOVED""]",,,,,,,,,,,DECISION_GROUND_INCOMPATIBLE_CONTENT,,,,"Harassment and Bullying","We welcome the respectful expression of different viewpoints, but not toxicity or trolling. We do not allow language or behavior that harasses, humiliates, threatens, or doxes anyone. This also includes responding to such acts with retaliatory harassment (but excludes non-harassing counterspeech).We proactively enforce our Community Guidelines through a mix of technology and human moderation. We have detected this policy violation using automated measures. We have used automated measures in making this decision.",,STATEMENT_CATEGORY_ILLEGAL_OR_HARMFUL_SPEECH,,,,"[""CONTENT_TYPE_TEXT""]",,,"2024-11-23 00:00:00","[""AT"",""BE"",""BG"",""CY"",""CZ"",""DE"",""DK"",""EE"",""ES"",""FI"",""FR"",""GR"",""HR"",""HU"",""IE"",""IT"",""LI"",""LT"",""LU"",""LV"",""MT"",""NL"",""NO"",""PL"",""PT"",""RO"",""SE"",""SI"",""SK""]","2024-11-23 00:00:00","The decision was taken pursuant to own-initiative investigations.",SOURCE_VOLUNTARY,,Yes,AUTOMATED_DECISION_FULLY,TikTok,7440371540652268320,"2024-11-23 07:22:15"
0bca2515-c932-4c23-a6bd-e14f78e79b7a,"[""DECISION_VISIBILITY_OTHER""]","Video not eligible for recommendation in the For You feed",,,,,,,,,,DECISION_GROUND_INCOMPATIBLE_CONTENT,,,,"Community Guidelines","We maintain content eligibility standards for the For You feed (FYF) that prioritize safety and are informed by the diversity of our community and cultural norms. We make ineligible for the FYF certain content that may not be appropriate for a broad audience related to: (1) Behavioral Health, (2) Sensitive and Mature Themes, (3) Integrity and Authenticity, and (4) Regulated Goods. Content that is ineligible for the FYF can still be discovered in other ways, such as through search tools or by following an account.We proactively enforce our Community Guidelines through a mix of technology and human moderation. We have detected this policy violation using automated measures. We have used automated measures in making this decision.",,STATEMENT_CATEGORY_SCOPE_OF_PLATFORM_SERVICE,,,,"[""CONTENT_TYPE_VIDEO""]",,,"2024-11-23 00:00:00","[""AT"",""BE"",""BG"",""CY"",""CZ"",""DE"",""DK"",""EE"",""ES"",""FI"",""FR"",""GR"",""HR"",""HU"",""IE"",""IT"",""LI"",""LT"",""LU"",""LV"",""MT"",""NL"",""NO"",""PL"",""PT"",""RO"",""SE"",""SI"",""SK""]","2024-11-23 00:00:00","The decision was taken pursuant to own-initiative investigations.",SOURCE_VOLUNTARY,,Yes,AUTOMATED_DECISION_FULLY,TikTok,7440371541482707744,"2024-11-23 07:22:15"
bb81e525-9ee4-43f3-a550-ac5799cc0b45,"[""DECISION_VISIBILITY_CONTENT_REMOVED""]",,,,,,,,,,,DECISION_GROUND_INCOMPATIBLE_CONTENT,,,,"Harassment and Bullying","We welcome the respectful expression of different viewpoints, but not toxicity or trolling. We do not allow language or behavior that harasses, humiliates, threatens, or doxes anyone. This also includes responding to such acts with retaliatory harassment (but excludes non-harassing counterspeech).We proactively enforce our Community Guidelines through a mix of technology and human moderation. We have detected this policy violation using automated measures. We have used automated measures in making this decision.",,STATEMENT_CATEGORY_ILLEGAL_OR_HARMFUL_SPEECH,,,,"[""CONTENT_TYPE_TEXT""]",,,"2024-11-23 00:00:00","[""AT"",""BE"",""BG"",""CY"",""CZ"",""DE"",""DK"",""EE"",""ES"",""FI"",""FR"",""GR"",""HR"",""HU"",""IE"",""IT"",""LI"",""LT"",""LU"",""LV"",""MT"",""NL"",""NO"",""PL"",""PT"",""RO"",""SE"",""SI"",""SK""]","2024-11-23 00:00:00","The decision was taken pursuant to own-initiative investigations.",SOURCE_VOLUNTARY,,Yes,AUTOMATED_DECISION_FULLY,TikTok,7440371540652284704,"2024-11-23 07:22:15"
46cd8c62-ec5c-4cbe-b80d-2a1dc2440c12,,,,,,,,,DECISION_ACCOUNT_TERMINATED,,,DECISION_GROUND_INCOMPATIBLE_CONTENT,,,,"Advertising policy violation","Reasons why your account may have been suspended: - We received a report or complaint about your account from people on TikTok or other channels. - There are problems with your ad creative, or qualifications or services provided in your ads. - We suspected malicious behavior or intent during ad creation. - You made changes to your ad's landing page after launching the campaign.",,STATEMENT_CATEGORY_SCOPE_OF_PLATFORM_SERVICE,,,,"[""CONTENT_TYPE_OTHER""]","Account Suspended",,"2024-11-18 00:00:00","[""AT"",""BE"",""BG"",""CY"",""CZ"",""DE"",""DK"",""EE"",""ES"",""FI"",""FR"",""GR"",""HR"",""HU"",""IE"",""IT"",""LI"",""LT"",""LU"",""LV"",""MT"",""NL"",""NO"",""PL"",""PT"",""RO"",""SE"",""SI"",""SK""]","2024-11-23 00:00:00","The decision was taken pursuant to own-initiative investigations.",SOURCE_VOLUNTARY,,Yes,AUTOMATED_DECISION_FULLY,TikTok,7440371541482724128,"2024-11-23 07:22:15"
68140bac-b5b4-4f07-b0f0-0ffbcfbc0811,"[""DECISION_VISIBILITY_CONTENT_REMOVED""]",,,,,,,,,,,DECISION_GROUND_INCOMPATIBLE_CONTENT,,,,"Harassment and Bullying","We welcome the respectful expression of different viewpoints, but not toxicity or trolling. We do not allow language or behavior that harasses, humiliates, threatens, or doxes anyone. This also includes responding to such acts with retaliatory harassment (but excludes non-harassing counterspeech).We proactively enforce our Community Guidelines through a mix of technology and human moderation. We have detected this policy violation using automated measures. We have used automated measures in making this decision.",,STATEMENT_CATEGORY_ILLEGAL_OR_HARMFUL_SPEECH,,,,"[""CONTENT_TYPE_TEXT""]",,,"2024-11-23 00:00:00","[""AT"",""BE"",""BG"",""CY"",""CZ"",""DE"",""DK"",""EE"",""ES"",""FI"",""FR"",""GR"",""HR"",""HU"",""IE"",""IT"",""LI"",""LT"",""LU"",""LV"",""MT"",""NL"",""NO"",""PL"",""PT"",""RO"",""SE"",""SI"",""SK""]","2024-11-23 00:00:00","The decision was taken pursuant to own-initiative investigations.",SOURCE_VOLUNTARY,,Yes,AUTOMATED_DECISION_FULLY,TikTok,7440371560629705504,"2024-11-23 07:22:15"
19d4073d-c7ea-4627-a9f8-e52131bcbf93,"[""DECISION_VISIBILITY_CONTENT_REMOVED""]",,,,,,,,,,,DECISION_GROUND_INCOMPATIBLE_CONTENT,,,,"Harassment and Bullying","We welcome the respectful expression of different viewpoints, but not toxicity or trolling. We do not allow language or behavior that harasses, humiliates, threatens, or doxes anyone. This also includes responding to such acts with retaliatory harassment (but excludes non-harassing counterspeech).We proactively enforce our Community Guidelines through a mix of technology and human moderation. We have detected this policy violation using automated measures. We have used automated measures in making this decision.",,STATEMENT_CATEGORY_ILLEGAL_OR_HARMFUL_SPEECH,,,,"[""CONTENT_TYPE_TEXT""]",,,"2024-11-23 00:00:00","[""AT"",""BE"",""BG"",""CY"",""CZ"",""DE"",""DK"",""EE"",""ES"",""FI"",""FR"",""GR"",""HR"",""HU"",""IE"",""IT"",""LI"",""LT"",""LU"",""LV"",""MT"",""NL"",""NO"",""PL"",""PT"",""RO"",""SE"",""SI"",""SK""]","2024-11-23 00:00:00","The decision was taken pursuant to own-initiative investigations.",SOURCE_VOLUNTARY,,Yes,AUTOMATED_DECISION_FULLY,TikTok,7440371559027579680,"2024-11-23 07:22:15"
9f6194fa-74f2-4598-a5b3-634e33984c80,"[""DECISION_VISIBILITY_OTHER""]","Video not eligible for recommendation in the For You feed",,,,,,,,,,DECISION_GROUND_INCOMPATIBLE_CONTENT,,,,"Community Guidelines","We maintain content eligibility standards for the For You feed (FYF) that prioritize safety and are informed by the diversity of our community and cultural norms. We make ineligible for the FYF certain content that may not be appropriate for a broad audience related to: (1) Behavioral Health, (2) Sensitive and Mature Themes, (3) Integrity and Authenticity, and (4) Regulated Goods. Content that is ineligible for the FYF can still be discovered in other ways, such as through search tools or by following an account.We proactively enforce our Community Guidelines through a mix of technology and human moderation. We have detected this policy violation using automated measures. We have used automated measures in making this decision.",,STATEMENT_CATEGORY_SCOPE_OF_PLATFORM_SERVICE,,,,"[""CONTENT_TYPE_VIDEO""]",,,"2024-11-23 00:00:00","[""AT"",""BE"",""BG"",""CY"",""CZ"",""DE"",""DK"",""EE"",""ES"",""FI"",""FR"",""GR"",""HR"",""HU"",""IE"",""IT"",""LI"",""LT"",""LU"",""LV"",""MT"",""NL"",""NO"",""PL"",""PT"",""RO"",""SE"",""SI"",""SK""]","2024-11-23 00:00:00","The decision was taken pursuant to own-initiative investigations.",SOURCE_VOLUNTARY,,Yes,AUTOMATED_DECISION_FULLY,TikTok,7440371560629721888,"2024-11-23 07:22:15"
9b8a1f70-e5fb-43ab-aca0-eefcb1a00b26,"[""DECISION_VISIBILITY_OTHER""]","Video not eligible for recommendation in the For You feed",,,,,,,,,,DECISION_GROUND_INCOMPATIBLE_CONTENT,,,,"Community Guidelines","We maintain content eligibility standards for the For You feed (FYF) that prioritize safety and are informed by the diversity of our community and cultural norms. We make ineligible for the FYF certain content that may not be appropriate for a broad audience related to: (1) Behavioral Health, (2) Sensitive and Mature Themes, (3) Integrity and Authenticity, and (4) Regulated Goods. Content that is ineligible for the FYF can still be discovered in other ways, such as through search tools or by following an account.We proactively enforce our Community Guidelines through a mix of technology and human moderation. We have detected this policy violation using automated measures. We have used automated measures in making this decision.",,STATEMENT_CATEGORY_SCOPE_OF_PLATFORM_SERVICE,,,,"[""CONTENT_TYPE_VIDEO""]",,,"2022-12-05 00:00:00","[""AT"",""BE"",""BG"",""CY"",""CZ"",""DE"",""DK"",""EE"",""ES"",""FI"",""FR"",""GR"",""HR"",""HU"",""IE"",""IT"",""LI"",""LT"",""LU"",""LV"",""MT"",""NL"",""NO"",""PL"",""PT"",""RO"",""SE"",""SI"",""SK""]","2024-11-23 00:00:00","The decision was taken pursuant to own-initiative investigations.",SOURCE_VOLUNTARY,,Yes,AUTOMATED_DECISION_FULLY,TikTok,7440371588496644897,"2024-11-23 07:22:15"
e883a671-8c59-48dc-9b81-b9f076ed0ba3,"[""DECISION_VISIBILITY_CONTENT_REMOVED""]",,,,,,,,,,,DECISION_GROUND_INCOMPATIBLE_CONTENT,,,,"Harassment and Bullying","We welcome the respectful expression of different viewpoints, but not toxicity or trolling. We do not allow language or behavior that harasses, humiliates, threatens, or doxes anyone. This also includes responding to such acts with retaliatory harassment (but excludes non-harassing counterspeech).We proactively enforce our Community Guidelines through a mix of technology and human moderation. We have detected this policy violation using automated measures. We have used automated measures in making this decision.",,STATEMENT_CATEGORY_ILLEGAL_OR_HARMFUL_SPEECH,,,,"[""CONTENT_TYPE_TEXT""]",,,"2024-11-23 00:00:00","[""AT"",""BE"",""BG"",""CY"",""CZ"",""DE"",""DK"",""EE"",""ES"",""FI"",""FR"",""GR"",""HR"",""HU"",""IE"",""IT"",""LI"",""LT"",""LU"",""LV"",""MT"",""NL"",""NO"",""PL"",""PT"",""RO"",""SE"",""SI"",""SK""]","2024-11-23 00:00:00","The decision was taken pursuant to own-initiative investigations.",SOURCE_VOLUNTARY,,Yes,AUTOMATED_DECISION_FULLY,TikTok,7440371588496661281,"2024-11-23 07:22:15"
5bf8e52a-69ce-4ade-a706-65b87922f370,"[""DECISION_VISIBILITY_CONTENT_REMOVED""]",,,,,,,,,,,DECISION_GROUND_INCOMPATIBLE_CONTENT,,,,"Frauds and Scams","We want people to be able to use our platform to learn about ways to be financially responsible and consider economic transactions or investment opportunities, without worrying about scams or financial exploitation. We do not allow attempts to defraud or scam members of our community.We proactively enforce our Community Guidelines through a mix of technology and human moderation. We have detected this policy violation using automated measures. We have used automated measures in making this decision.",,STATEMENT_CATEGORY_SCAMS_AND_FRAUD,,,,"[""CONTENT_TYPE_VIDEO""]",,,"2024-11-22 00:00:00","[""AT"",""BE"",""BG"",""CY"",""CZ"",""DE"",""DK"",""EE"",""ES"",""FI"",""FR"",""GR"",""HR"",""HU"",""IE"",""IT"",""LI"",""LT"",""LU"",""LV"",""MT"",""NL"",""NO"",""PL"",""PT"",""RO"",""SE"",""SI"",""SK""]","2024-11-23 00:00:00","The decision was taken pursuant to own-initiative investigations.",SOURCE_VOLUNTARY,,Yes,AUTOMATED_DECISION_FULLY,TikTok,7440371588496677665,"2024-11-23 07:22:15"
fb110194-d6d7-4c92-9872-be5412851404,"[""DECISION_VISIBILITY_CONTENT_REMOVED""]",,,,,,,,,,,DECISION_GROUND_INCOMPATIBLE_CONTENT,,,,"Harassment and Bullying","We welcome the respectful expression of different viewpoints, but not toxicity or trolling. We do not allow language or behavior that harasses, humiliates, threatens, or doxes anyone. This also includes responding to such acts with retaliatory harassment (but excludes non-harassing counterspeech).We proactively enforce our Community Guidelines through a mix of technology and human moderation. We have detected this policy violation using automated measures. We have used automated measures in making this decision.",,STATEMENT_CATEGORY_ILLEGAL_OR_HARMFUL_SPEECH,,,,"[""CONTENT_TYPE_TEXT""]",,,"2024-11-23 00:00:00","[""AT"",""BE"",""BG"",""CY"",""CZ"",""DE"",""DK"",""EE"",""ES"",""FI"",""FR"",""GR"",""HR"",""HU"",""IE"",""IT"",""LI"",""LT"",""LU"",""LV"",""MT"",""NL"",""NO"",""PL"",""PT"",""RO"",""SE"",""SI"",""SK""]","2024-11-23 00:00:00","The decision was taken pursuant to own-initiative investigations.",SOURCE_VOLUNTARY,,Yes,AUTOMATED_DECISION_FULLY,TikTok,7440371588496694049,"2024-11-23 07:22:15"
c9226bef-c7c5-4f05-ad68-063438668745,"[""DECISION_VISIBILITY_OTHER""]","Video not eligible for recommendation in the For You feed",,,,,,,,,,DECISION_GROUND_INCOMPATIBLE_CONTENT,,,,"Community Guidelines","We maintain content eligibility standards for the For You feed (FYF) that prioritize safety and are informed by the diversity of our community and cultural norms. We make ineligible for the FYF certain content that may not be appropriate for a broad audience related to: (1) Behavioral Health, (2) Sensitive and Mature Themes, (3) Integrity and Authenticity, and (4) Regulated Goods. Content that is ineligible for the FYF can still be discovered in other ways, such as through search tools or by following an account.We proactively enforce our Community Guidelines through a mix of technology and human moderation. We have detected this policy violation using automated measures. We have used automated measures in making this decision.",,STATEMENT_CATEGORY_SCOPE_OF_PLATFORM_SERVICE,,,,"[""CONTENT_TYPE_VIDEO""]",,,"2024-11-17 00:00:00","[""AT"",""BE"",""BG"",""CY"",""CZ"",""DE"",""DK"",""EE"",""ES"",""FI"",""FR"",""GR"",""HR"",""HU"",""IE"",""IT"",""LI"",""LT"",""LU"",""LV"",""MT"",""NL"",""NO"",""PL"",""PT"",""RO"",""SE"",""SI"",""SK""]","2024-11-23 00:00:00","The decision was taken pursuant to own-initiative investigations.",SOURCE_VOLUNTARY,,Yes,AUTOMATED_DECISION_FULLY,TikTok,7440371587381025568,"2024-11-23 07:22:15"
ec787cb4-7f71-43c6-bf04-90682e467d36,"[""DECISION_VISIBILITY_CONTENT_REMOVED"",""DECISION_VISIBILITY_CONTENT_AGE_RESTRICTED""]",,,,,,,,,,,DECISION_GROUND_INCOMPATIBLE_CONTENT,,,,"Based on the location(s) you have selected, the product or service promoted on your ad and/or landing page belongs to a restricted industry. Therefore, it can only be viewed by users aged 18 and above.Our review indicates that your advertising content may violate TikTok's advertising policies by promoting prohibited products or services in the targeted locations. Our review indicates that your advertising content may violate TikTok's advertising policies by featuring a product/service which belo","You may also refer to ""Market Specific Prohibitions and Restrictions"" on TikTok Business Help Center for more information: https://ads.tiktok.com/help/article?aid=9550For more policy details, please refer to """"TikTok Advertising Policies - Industry Entry"" (https://ads.tiktok.com/help/article?aid=6685586866860720134).Please change the promoted product/service in your ad or change the targeted location(s) in your ad group settings according to our policy. For more policy details, please refer to ""TikTok Advertising Policies - Industry Entry"" (https://ads.tiktok.com/help/article?aid=6685586866860720134). Please modify or remove the related content. You can read more about our TikTok Advertising Policies on adult and sexual content at: https://ads.tiktok.com/help/article/tiktok-advertising-policies-ad-creatives-landing-page-prohibited-content#anchor-9For more policy details, please refer to """"TikTok Advertising Policies - Industry Entry"" (https://ads.tiktok.com/help/article?aid=6685586866860720134).Please change the promoted product/service in your ad or change the targeted location(s) in your ad group settings according to our policy. For more policy details, please refer to ""TikTok Advertising Policies - Industry Entry"" (https://ads.tiktok.com/help/article?aid=6685586866860720134). For more policy details, please refer to """"TikTok Advertising Policies - Industry Entry"" (https://ads.tiktok.com/help/article?aid=6685586866860720134).Please change the promoted product/service in your ad or change the targeted location(s) in your ad group settings according to our policy. For more policy details, please refer to ""TikTok Advertising Policies - Industry Entry"" (https://ads.tiktok.com/help/article?aid=6685586866860720134). Please modify or remove the related content. You can read more about our TikTok Advertising Policies on adult and sexual content at: https://ads.tiktok.com/help/article/tiktok-advertising-policies-ad-creatives-landing-page-prohibited-content#anchor-9Please",,STATEMENT_CATEGORY_SCOPE_OF_PLATFORM_SERVICE,,,,"[""CONTENT_TYPE_VIDEO""]",,,"2024-11-19 00:00:00","[""AT"",""DE"",""DK"",""ES"",""FI"",""FR"",""IE"",""IT"",""NL"",""NO"",""SE""]","2024-11-23 00:00:00","The decision was taken pursuant to own-initiative investigations.",SOURCE_VOLUNTARY,,Yes,AUTOMATED_DECISION_FULLY,TikTok,7440371588496710433,"2024-11-23 07:22:15"
b8d5790c-a263-4700-9b61-f6d47e03128b,"[""DECISION_VISIBILITY_CONTENT_REMOVED""]",,,,,,,,,,,DECISION_GROUND_INCOMPATIBLE_CONTENT,,,,"Sexual Exploitation and Gender-Based Violence","We are committed to providing a space that embraces gender equity, supports healthy relationships, and respects intimate privacy. We do not allow sexual exploitation or gender-based violence, including non-consensual sexual acts, image-based sexual abuse, sextortion, physical abuse, and sexual harassment.We proactively enforce our Community Guidelines through a mix of technology and human moderation. We have detected this policy violation using automated measures. We have used automated measures in making this decision.",,STATEMENT_CATEGORY_VIOLENCE,,,,"[""CONTENT_TYPE_TEXT""]",,,"2024-11-23 00:00:00","[""AT"",""BE"",""BG"",""CY"",""CZ"",""DE"",""DK"",""EE"",""ES"",""FI"",""FR"",""GR"",""HR"",""HU"",""IE"",""IT"",""LI"",""LT"",""LU"",""LV"",""MT"",""NL"",""NO"",""PL"",""PT"",""RO"",""SE"",""SI"",""SK""]","2024-11-23 00:00:00","The decision was taken pursuant to own-initiative investigations.",SOURCE_VOLUNTARY,,Yes,AUTOMATED_DECISION_FULLY,TikTok,7440371587381041952,"2024-11-23 07:22:15"
dd5bea68-c6ae-49a2-9c98-2de5d9366b63,"[""DECISION_VISIBILITY_CONTENT_REMOVED""]",,,,,,,,,,,DECISION_GROUND_INCOMPATIBLE_CONTENT,,,,"Harassment and Bullying","We welcome the respectful expression of different viewpoints, but not toxicity or trolling. We do not allow language or behavior that harasses, humiliates, threatens, or doxes anyone. This also includes responding to such acts with retaliatory harassment (but excludes non-harassing counterspeech).We proactively enforce our Community Guidelines through a mix of technology and human moderation. We have detected this policy violation using automated measures. We have used automated measures in making this decision.",,STATEMENT_CATEGORY_ILLEGAL_OR_HARMFUL_SPEECH,,,,"[""CONTENT_TYPE_TEXT""]",,,"2024-11-23 00:00:00","[""AT"",""BE"",""BG"",""CY"",""CZ"",""DE"",""DK"",""EE"",""ES"",""FI"",""FR"",""GR"",""HR"",""HU"",""IE"",""IT"",""LI"",""LT"",""LU"",""LV"",""MT"",""NL"",""NO"",""PL"",""PT"",""RO"",""SE"",""SI"",""SK""]","2024-11-23 00:00:00","The decision was taken pursuant to own-initiative investigations.",SOURCE_VOLUNTARY,,Yes,AUTOMATED_DECISION_FULLY,TikTok,7440371588496726817,"2024-11-23 07:22:15"
23ab09a0-0b9b-4028-b63d-c34060866aa4,"[""DECISION_VISIBILITY_OTHER""]","Video not eligible for recommendation in the For You feed",,,,,,,,,,DECISION_GROUND_INCOMPATIBLE_CONTENT,,,,"Community Guidelines","We maintain content eligibility standards for the For You feed (FYF) that prioritize safety and are informed by the diversity of our community and cultural norms. We make ineligible for the FYF certain content that may not be appropriate for a broad audience related to: (1) Behavioral Health, (2) Sensitive and Mature Themes, (3) Integrity and Authenticity, and (4) Regulated Goods. Content that is ineligible for the FYF can still be discovered in other ways, such as through search tools or by following an account.We proactively enforce our Community Guidelines through a mix of technology and human moderation. We have detected this policy violation using automated measures. We have used automated measures in making this decision.",,STATEMENT_CATEGORY_SCOPE_OF_PLATFORM_SERVICE,,,,"[""CONTENT_TYPE_VIDEO""]",,,"2024-11-23 00:00:00","[""AT"",""BE"",""BG"",""CY"",""CZ"",""DE"",""DK"",""EE"",""ES"",""FI"",""FR"",""GR"",""HR"",""HU"",""IE"",""IT"",""LI"",""LT"",""LU"",""LV"",""MT"",""NL"",""NO"",""PL"",""PT"",""RO"",""SE"",""SI"",""SK""]","2024-11-23 00:00:00","The decision was taken pursuant to own-initiative investigations.",SOURCE_VOLUNTARY,,Yes,AUTOMATED_DECISION_FULLY,TikTok,7440371588496743201,"2024-11-23 07:22:15"
1677385f-1f62-4f96-91c5-5d391e82dac4,"[""DECISION_VISIBILITY_OTHER""]","Video not eligible for recommendation in the For You feed",,,,,,,,,,DECISION_GROUND_INCOMPATIBLE_CONTENT,,,,"Community Guidelines","We maintain content eligibility standards for the For You feed (FYF) that prioritize safety and are informed by the diversity of our community and cultural norms. We make ineligible for the FYF certain content that may not be appropriate for a broad audience related to: (1) Behavioral Health, (2) Sensitive and Mature Themes, (3) Integrity and Authenticity, and (4) Regulated Goods. Content that is ineligible for the FYF can still be discovered in other ways, such as through search tools or by following an account.We proactively enforce our Community Guidelines through a mix of technology and human moderation. We have detected this policy violation using automated measures. We have used automated measures in making this decision.",,STATEMENT_CATEGORY_SCOPE_OF_PLATFORM_SERVICE,,,,"[""CONTENT_TYPE_VIDEO""]",,,"2024-11-23 00:00:00","[""AT"",""BE"",""BG"",""CY"",""CZ"",""DE"",""DK"",""EE"",""ES"",""FI"",""FR"",""GR"",""HR"",""HU"",""IE"",""IT"",""LI"",""LT"",""LU"",""LV"",""MT"",""NL"",""NO"",""PL"",""PT"",""RO"",""SE"",""SI"",""SK""]","2024-11-23 00:00:00","The decision was taken pursuant to own-initiative investigations.",SOURCE_VOLUNTARY,,Yes,AUTOMATED_DECISION_FULLY,TikTok,7440371587381058336,"2024-11-23 07:22:15"
d4a0aa47-50d9-42d1-a69e-96d2f03a3577,"[""DECISION_VISIBILITY_CONTENT_REMOVED""]",,,,,,,,,,,DECISION_GROUND_INCOMPATIBLE_CONTENT,,,,"Hate Speech and Hateful Behaviors","TikTok is enriched by the various backgrounds of our community members. Our differences should be respected, rather than a cause for division. We do not allow any hateful behavior, hate speech, or promotion of hateful ideologies. This includes content that attacks a person or group because of protected attributes.We proactively enforce our Community Guidelines through a mix of technology and human moderation. We have detected this policy violation using automated measures. We have used automated measures in making this decision.",,STATEMENT_CATEGORY_ILLEGAL_OR_HARMFUL_SPEECH,,,,"[""CONTENT_TYPE_TEXT""]",,,"2024-11-23 00:00:00","[""AT"",""BE"",""BG"",""CY"",""CZ"",""DE"",""DK"",""EE"",""ES"",""FI"",""FR"",""GR"",""HR"",""HU"",""IE"",""IT"",""LI"",""LT"",""LU"",""LV"",""MT"",""NL"",""NO"",""PL"",""PT"",""RO"",""SE"",""SI"",""SK""]","2024-11-23 00:00:00","The decision was taken pursuant to own-initiative investigations.",SOURCE_VOLUNTARY,,Yes,AUTOMATED_DECISION_FULLY,TikTok,7440371588496759585,"2024-11-23 07:22:15"
4d6e8ba9-535d-408f-88dc-113368e9a526,"[""DECISION_VISIBILITY_CONTENT_REMOVED""]",,,,,,,,,,,DECISION_GROUND_INCOMPATIBLE_CONTENT,,,,"Harassment and Bullying","We welcome the respectful expression of different viewpoints, but not toxicity or trolling. We do not allow language or behavior that harasses, humiliates, threatens, or doxes anyone. This also includes responding to such acts with retaliatory harassment (but excludes non-harassing counterspeech).We proactively enforce our Community Guidelines through a mix of technology and human moderation. We have detected this policy violation using automated measures. We have used automated measures in making this decision.",,STATEMENT_CATEGORY_ILLEGAL_OR_HARMFUL_SPEECH,,,,"[""CONTENT_TYPE_TEXT""]",,,"2024-11-23 00:00:00","[""AT"",""BE"",""BG"",""CY"",""CZ"",""DE"",""DK"",""EE"",""ES"",""FI"",""FR"",""GR"",""HR"",""HU"",""IE"",""IT"",""LI"",""LT"",""LU"",""LV"",""MT"",""NL"",""NO"",""PL"",""PT"",""RO"",""SE"",""SI"",""SK""]","2024-11-23 00:00:00","The decision was taken pursuant to own-initiative investigations.",SOURCE_VOLUNTARY,,Yes,AUTOMATED_DECISION_FULLY,TikTok,7440371587381074720,"2024-11-23 07:22:15"
a4143df9-b87c-4f7c-8b7e-9b2c9f06059e,"[""DECISION_VISIBILITY_OTHER""]","Video not eligible for recommendation in the For You feed",,,,,,,,,,DECISION_GROUND_INCOMPATIBLE_CONTENT,,,,"Community Guidelines","We maintain content eligibility standards for the For You feed (FYF) that prioritize safety and are informed by the diversity of our community and cultural norms. We make ineligible for the FYF certain content that may not be appropriate for a broad audience related to: (1) Behavioral Health, (2) Sensitive and Mature Themes, (3) Integrity and Authenticity, and (4) Regulated Goods. Content that is ineligible for the FYF can still be discovered in other ways, such as through search tools or by following an account.We proactively enforce our Community Guidelines through a mix of technology and human moderation. We have detected this policy violation using automated measures. We have used automated measures in making this decision.",,STATEMENT_CATEGORY_SCOPE_OF_PLATFORM_SERVICE,,,,"[""CONTENT_TYPE_VIDEO""]",,,"2024-11-23 00:00:00","[""AT"",""BE"",""BG"",""CY"",""CZ"",""DE"",""DK"",""EE"",""ES"",""FI"",""FR"",""GR"",""HR"",""HU"",""IE"",""IT"",""LI"",""LT"",""LU"",""LV"",""MT"",""NL"",""NO"",""PL"",""PT"",""RO"",""SE"",""SI"",""SK""]","2024-11-23 00:00:00","The decision was taken pursuant to own-initiative investigations.",SOURCE_VOLUNTARY,,Yes,AUTOMATED_DECISION_FULLY,TikTok,7440371588496775969,"2024-11-23 07:22:15"
bb0ec7a0-fff6-4235-b347-36f9891dbc99,"[""DECISION_VISIBILITY_CONTENT_REMOVED""]",,,,,,,,,,,DECISION_GROUND_INCOMPATIBLE_CONTENT,,,,"Personal Information","We are committed to making sure that any personal information shared intentionally or accidentally on TikTok does not lead to harm. We do not allow content that includes personal information that may create a risk of stalking, violence, phishing, fraud, identity theft, or financial exploitation, including content that someone has posted themselves or that they consented to being shared by others.We proactively enforce our Community Guidelines through a mix of technology and human moderation. We have detected this policy violation using automated measures. We have used automated measures in making this decision.",,STATEMENT_CATEGORY_DATA_PROTECTION_AND_PRIVACY_VIOLATIONS,,,,"[""CONTENT_TYPE_IMAGE""]",,,"2024-11-23 00:00:00","[""AT"",""BE"",""BG"",""CY"",""CZ"",""DE"",""DK"",""EE"",""ES"",""FI"",""FR"",""GR"",""HR"",""HU"",""IE"",""IT"",""LI"",""LT"",""LU"",""LV"",""MT"",""NL"",""NO"",""PL"",""PT"",""RO"",""SE"",""SI"",""SK""]","2024-11-23 00:00:00","The decision was taken pursuant to own-initiative investigations.",SOURCE_VOLUNTARY,,Yes,AUTOMATED_DECISION_FULLY,TikTok,7440371587381091104,"2024-11-23 07:22:15"
a25bd6c0-f689-4c81-879c-9e0d7f0a78a5,"[""DECISION_VISIBILITY_OTHER""]","Video not eligible for recommendation in the For You feed",,,,,,,,,,DECISION_GROUND_INCOMPATIBLE_CONTENT,,,,"Sexually Suggestive Content","We are mindful that certain behaviors related to sexual arousal or suggestiveness may be offensive to some people and may put young people at risk of exploitation. Content is ineligible for the For You feed and harder to find in search if it shows sex products or intends to sexually arouse (such as intimate kissing, sexualized posing, and seductive performances or allusions to sexual activity by adults). We proactively enforce our Community Guidelines through a mix of technology and human moderation. We have detected this policy violation using automated measures. We have used automated measures in making this decision.",,STATEMENT_CATEGORY_SCOPE_OF_PLATFORM_SERVICE,,,,"[""CONTENT_TYPE_VIDEO""]",,,"2024-11-23 00:00:00","[""AT"",""BE"",""BG"",""CY"",""CZ"",""DE"",""DK"",""EE"",""ES"",""FI"",""FR"",""GR"",""HR"",""HU"",""IE"",""IT"",""LI"",""LT"",""LU"",""LV"",""MT"",""NL"",""NO"",""PL"",""PT"",""RO"",""SE"",""SI"",""SK""]","2024-11-23 00:00:00","The decision was taken pursuant to own-initiative investigations.",SOURCE_VOLUNTARY,,Yes,AUTOMATED_DECISION_FULLY,TikTok,7440371591839488800,"2024-11-23 07:22:15"
10dda810-c683-48d8-ae53-957fbfc49d31,"[""DECISION_VISIBILITY_CONTENT_REMOVED""]",,,,,,,,,,,DECISION_GROUND_INCOMPATIBLE_CONTENT,,,,"Dangerous Activities and Challenges","Most activities or challenges are appropriate for everyone, but some carry a risk of significant injury. We do not allow showing or promoting dangerous activities and challenges. This includes dares, games, tricks, inappropriate use of dangerous tools, eating substances that are harmful to one’s health, or similar activities that may lead to significant physical harm.We proactively enforce our Community Guidelines through a mix of technology and human moderation. We have detected this policy violation using automated measures.",,STATEMENT_CATEGORY_SCOPE_OF_PLATFORM_SERVICE,,,,"[""CONTENT_TYPE_IMAGE""]",,,"2024-11-23 00:00:00","[""AT"",""BE"",""BG"",""CY"",""CZ"",""DE"",""DK"",""EE"",""ES"",""FI"",""FR"",""GR"",""HR"",""HU"",""IE"",""IT"",""LI"",""LT"",""LU"",""LV"",""MT"",""NL"",""NO"",""PL"",""PT"",""RO"",""SE"",""SI"",""SK""]","2024-11-23 00:00:00","The decision was taken pursuant to own-initiative investigations.",SOURCE_VOLUNTARY,,Yes,AUTOMATED_DECISION_NOT_AUTOMATED,TikTok,7440371593471073056,"2024-11-23 07:22:15"
7652c138-a5b5-4945-8e54-bd11d2e627e1,"[""DECISION_VISIBILITY_OTHER""]","Video not eligible for recommendation in the For You feed",,,,,,,,,,DECISION_GROUND_INCOMPATIBLE_CONTENT,,,,"Community Guidelines","We maintain content eligibility standards for the For You feed (FYF) that prioritize safety and are informed by the diversity of our community and cultural norms. We make ineligible for the FYF certain content that may not be appropriate for a broad audience related to: (1) Behavioral Health, (2) Sensitive and Mature Themes, (3) Integrity and Authenticity, and (4) Regulated Goods. Content that is ineligible for the FYF can still be discovered in other ways, such as through search tools or by following an account.We proactively enforce our Community Guidelines through a mix of technology and human moderation. We have detected this policy violation using automated measures. We have used automated measures in making this decision.",,STATEMENT_CATEGORY_SCOPE_OF_PLATFORM_SERVICE,,,,"[""CONTENT_TYPE_VIDEO""]",,,"2024-11-23 00:00:00","[""AT"",""BE"",""BG"",""CY"",""CZ"",""DE"",""DK"",""EE"",""ES"",""FI"",""FR"",""GR"",""HR"",""HU"",""IE"",""IT"",""LI"",""LT"",""LU"",""LV"",""MT"",""NL"",""NO"",""PL"",""PT"",""RO"",""SE"",""SI"",""SK""]","2024-11-23 00:00:00","The decision was taken pursuant to own-initiative investigations.",SOURCE_VOLUNTARY,,Yes,AUTOMATED_DECISION_FULLY,TikTok,7440371591839636256,"2024-11-23 07:22:15"
14094d30-157a-4d51-acf8-ab604569cb8c,"[""DECISION_VISIBILITY_OTHER""]","Video not eligible for recommendation in the For You feed",,,,,,,,,,DECISION_GROUND_INCOMPATIBLE_CONTENT,,,,"Community Guidelines","We maintain content eligibility standards for the For You feed (FYF) that prioritize safety and are informed by the diversity of our community and cultural norms. We make ineligible for the FYF certain content that may not be appropriate for a broad audience related to: (1) Behavioral Health, (2) Sensitive and Mature Themes, (3) Integrity and Authenticity, and (4) Regulated Goods. Content that is ineligible for the FYF can still be discovered in other ways, such as through search tools or by following an account.We proactively enforce our Community Guidelines through a mix of technology and human moderation. We have detected this policy violation using automated measures. We have used automated measures in making this decision.",,STATEMENT_CATEGORY_SCOPE_OF_PLATFORM_SERVICE,,,,"[""CONTENT_TYPE_VIDEO""]",,,"2024-11-23 00:00:00","[""AT"",""BE"",""BG"",""CY"",""CZ"",""DE"",""DK"",""EE"",""ES"",""FI"",""FR"",""GR"",""HR"",""HU"",""IE"",""IT"",""LI"",""LT"",""LU"",""LV"",""MT"",""NL"",""NO"",""PL"",""PT"",""RO"",""SE"",""SI"",""SK""]","2024-11-23 00:00:00","The decision was taken pursuant to own-initiative investigations.",SOURCE_VOLUNTARY,,Yes,AUTOMATED_DECISION_FULLY,TikTok,7440371595425618720,"2024-11-23 07:22:15"
392338bd-d69f-4f85-b69a-4def620c834d,"[""DECISION_VISIBILITY_CONTENT_REMOVED""]",,,,,,,,,,,DECISION_GROUND_INCOMPATIBLE_CONTENT,,,,"Harassment and Bullying","We welcome the respectful expression of different viewpoints, but not toxicity or trolling. We do not allow language or behavior that harasses, humiliates, threatens, or doxes anyone. This also includes responding to such acts with retaliatory harassment (but excludes non-harassing counterspeech).We proactively enforce our Community Guidelines through a mix of technology and human moderation. We have detected this policy violation using automated measures. We have used automated measures in making this decision.",,STATEMENT_CATEGORY_ILLEGAL_OR_HARMFUL_SPEECH,,,,"[""CONTENT_TYPE_TEXT""]",,,"2024-11-23 00:00:00","[""AT"",""BE"",""BG"",""CY"",""CZ"",""DE"",""DK"",""EE"",""ES"",""FI"",""FR"",""GR"",""HR"",""HU"",""IE"",""IT"",""LI"",""LT"",""LU"",""LV"",""MT"",""NL"",""NO"",""PL"",""PT"",""RO"",""SE"",""SI"",""SK""]","2024-11-23 00:00:00","The decision was taken pursuant to own-initiative investigations.",SOURCE_VOLUNTARY,,Yes,AUTOMATED_DECISION_FULLY,TikTok,7440371595425635104,"2024-11-23 07:22:15"
3f67244f-15d0-42dd-9733-df57cf49d343,"[""DECISION_VISIBILITY_OTHER""]","Video not eligible for recommendation in the For You feed",,,,,,,,,,DECISION_GROUND_INCOMPATIBLE_CONTENT,,,,"Community Guidelines","We maintain content eligibility standards for the For You feed (FYF) that prioritize safety and are informed by the diversity of our community and cultural norms. We make ineligible for the FYF certain content that may not be appropriate for a broad audience related to: (1) Behavioral Health, (2) Sensitive and Mature Themes, (3) Integrity and Authenticity, and (4) Regulated Goods. Content that is ineligible for the FYF can still be discovered in other ways, such as through search tools or by following an account.We proactively enforce our Community Guidelines through a mix of technology and human moderation. We have detected this policy violation using automated measures. We have used automated measures in making this decision.",,STATEMENT_CATEGORY_SCOPE_OF_PLATFORM_SERVICE,,,,"[""CONTENT_TYPE_VIDEO""]",,,"2024-11-23 00:00:00","[""AT"",""BE"",""BG"",""CY"",""CZ"",""DE"",""DK"",""EE"",""ES"",""FI"",""FR"",""GR"",""HR"",""HU"",""IE"",""IT"",""LI"",""LT"",""LU"",""LV"",""MT"",""NL"",""NO"",""PL"",""PT"",""RO"",""SE"",""SI"",""SK""]","2024-11-23 00:00:00","The decision was taken pursuant to own-initiative investigations.",SOURCE_VOLUNTARY,,Yes,AUTOMATED_DECISION_FULLY,TikTok,7440371595425651488,"2024-11-23 07:22:15"
60b07ed9-e64d-48cb-97ff-66300f94989e,"[""DECISION_VISIBILITY_OTHER""]","Video not eligible for recommendation in the For You feed",,,,,,,,,,DECISION_GROUND_INCOMPATIBLE_CONTENT,,,,"Community Guidelines","We maintain content eligibility standards for the For You feed (FYF) that prioritize safety and are informed by the diversity of our community and cultural norms. We make ineligible for the FYF certain content that may not be appropriate for a broad audience related to: (1) Behavioral Health, (2) Sensitive and Mature Themes, (3) Integrity and Authenticity, and (4) Regulated Goods. Content that is ineligible for the FYF can still be discovered in other ways, such as through search tools or by following an account.We proactively enforce our Community Guidelines through a mix of technology and human moderation. We have detected this policy violation using automated measures. We have used automated measures in making this decision.",,STATEMENT_CATEGORY_SCOPE_OF_PLATFORM_SERVICE,,,,"[""CONTENT_TYPE_VIDEO""]",,,"2024-11-23 00:00:00","[""AT"",""BE"",""BG"",""CY"",""CZ"",""DE"",""DK"",""EE"",""ES"",""FI"",""FR"",""GR"",""HR"",""HU"",""IE"",""IT"",""LI"",""LT"",""LU"",""LV"",""MT"",""NL"",""NO"",""PL"",""PT"",""RO"",""SE"",""SI"",""SK""]","2024-11-23 00:00:00","The decision was taken pursuant to own-initiative investigations.",SOURCE_VOLUNTARY,,Yes,AUTOMATED_DECISION_FULLY,TikTok,7440371595425667872,"2024-11-23 07:22:15"
f0a69749-9be1-40a2-ac21-682cf4dcd955,"[""DECISION_VISIBILITY_OTHER""]","Video not eligible for recommendation in the For You feed",,,,,,,,,,DECISION_GROUND_INCOMPATIBLE_CONTENT,,,,"Sexually Suggestive Content","We are mindful that certain behaviors related to sexual arousal or suggestiveness may be offensive to some people and may put young people at risk of exploitation. Content is ineligible for the For You feed and harder to find in search if it shows sex products or intends to sexually arouse (such as intimate kissing, sexualized posing, and seductive performances or allusions to sexual activity by adults). We proactively enforce our Community Guidelines through a mix of technology and human moderation. We have detected this policy violation using automated measures. We have used automated measures in making this decision.",,STATEMENT_CATEGORY_SCOPE_OF_PLATFORM_SERVICE,,,,"[""CONTENT_TYPE_VIDEO""]",,,"2024-11-23 00:00:00","[""AT"",""BE"",""BG"",""CY"",""CZ"",""DE"",""DK"",""EE"",""ES"",""FI"",""FR"",""GR"",""HR"",""HU"",""IE"",""IT"",""LI"",""LT"",""LU"",""LV"",""MT"",""NL"",""NO"",""PL"",""PT"",""RO"",""SE"",""SI"",""SK""]","2024-11-23 00:00:00","The decision was taken pursuant to own-initiative investigations.",SOURCE_VOLUNTARY,,Yes,AUTOMATED_DECISION_FULLY,TikTok,7440371593471220512,"2024-11-23 07:22:15"
332e28b4-fb08-4cc4-996a-b442ec344ba5,"[""DECISION_VISIBILITY_OTHER""]","Video not eligible for recommendation in the For You feed",,,,,,,,,,DECISION_GROUND_INCOMPATIBLE_CONTENT,,,,"Community Guidelines","We maintain content eligibility standards for the For You feed (FYF) that prioritize safety and are informed by the diversity of our community and cultural norms. We make ineligible for the FYF certain content that may not be appropriate for a broad audience related to: (1) Behavioral Health, (2) Sensitive and Mature Themes, (3) Integrity and Authenticity, and (4) Regulated Goods. Content that is ineligible for the FYF can still be discovered in other ways, such as through search tools or by following an account.We proactively enforce our Community Guidelines through a mix of technology and human moderation. We have detected this policy violation using automated measures. We have used automated measures in making this decision.",,STATEMENT_CATEGORY_SCOPE_OF_PLATFORM_SERVICE,,,,"[""CONTENT_TYPE_VIDEO""]",,,"2024-10-27 00:00:00","[""AT"",""BE"",""BG"",""CY"",""CZ"",""DE"",""DK"",""EE"",""ES"",""FI"",""FR"",""GR"",""HR"",""HU"",""IE"",""IT"",""LI"",""LT"",""LU"",""LV"",""MT"",""NL"",""NO"",""PL"",""PT"",""RO"",""SE"",""SI"",""SK""]","2024-11-23 00:00:00","The decision was taken pursuant to own-initiative investigations.",SOURCE_VOLUNTARY,,Yes,AUTOMATED_DECISION_FULLY,TikTok,7440371597325638432,"2024-11-23 07:22:15"
afb9a321-713d-4985-9f39-62cf0d2be55c,"[""DECISION_VISIBILITY_CONTENT_REMOVED""]",,,,,,,,,,,DECISION_GROUND_INCOMPATIBLE_CONTENT,,,,"Harassment and Bullying","We welcome the respectful expression of different viewpoints, but not toxicity or trolling. We do not allow language or behavior that harasses, humiliates, threatens, or doxes anyone. This also includes responding to such acts with retaliatory harassment (but excludes non-harassing counterspeech).We proactively enforce our Community Guidelines through a mix of technology and human moderation. We have detected this policy violation using automated measures. We have used automated measures in making this decision.",,STATEMENT_CATEGORY_ILLEGAL_OR_HARMFUL_SPEECH,,,,"[""CONTENT_TYPE_TEXT""]",,,"2024-11-23 00:00:00","[""AT"",""BE"",""BG"",""CY"",""CZ"",""DE"",""DK"",""EE"",""ES"",""FI"",""FR"",""GR"",""HR"",""HU"",""IE"",""IT"",""LI"",""LT"",""LU"",""LV"",""MT"",""NL"",""NO"",""PL"",""PT"",""RO"",""SE"",""SI"",""SK""]","2024-11-23 00:00:00","The decision was taken pursuant to own-initiative investigations.",SOURCE_VOLUNTARY,,Yes,AUTOMATED_DECISION_FULLY,TikTok,7440371597325654816,"2024-11-23 07:22:15"
7358963d-b2f9-4ea7-ade7-b17941efb2bb,"[""DECISION_VISIBILITY_CONTENT_REMOVED""]",,,,,,,,,,,DECISION_GROUND_INCOMPATIBLE_CONTENT,,,,"Harassment and Bullying","We welcome the respectful expression of different viewpoints, but not toxicity or trolling. We do not allow language or behavior that harasses, humiliates, threatens, or doxes anyone. This also includes responding to such acts with retaliatory harassment (but excludes non-harassing counterspeech).We proactively enforce our Community Guidelines through a mix of technology and human moderation. We have detected this policy violation using automated measures. We have used automated measures in making this decision.",,STATEMENT_CATEGORY_ILLEGAL_OR_HARMFUL_SPEECH,,,,"[""CONTENT_TYPE_TEXT""]",,,"2024-11-23 00:00:00","[""AT"",""BE"",""BG"",""CY"",""CZ"",""DE"",""DK"",""EE"",""ES"",""FI"",""FR"",""GR"",""HR"",""HU"",""IE"",""IT"",""LI"",""LT"",""LU"",""LV"",""MT"",""NL"",""NO"",""PL"",""PT"",""RO"",""SE"",""SI"",""SK""]","2024-11-23 00:00:00","The decision was taken pursuant to own-initiative investigations.",SOURCE_VOLUNTARY,,Yes,AUTOMATED_DECISION_FULLY,TikTok,7440371597325671200,"2024-11-23 07:22:15"
a1570427-494e-41c8-ae30-433627ce73df,"[""DECISION_VISIBILITY_OTHER""]","Video not eligible for recommendation in the For You feed",,,,,,,,,,DECISION_GROUND_INCOMPATIBLE_CONTENT,,,,"Alcohol, Tobacco, and Drugs","While adults make personal choices about how they engage with alcohol, drugs, and tobacco, we recognize that there are risks connected to trading and using these substances. Content is ineligible for the For You feed and harder to find in search if it shows adults consuming excessive amounts of alcohol or tobacco products.We proactively enforce our Community Guidelines through a mix of technology and human moderation. We have detected this policy violation using automated measures. We have used automated measures in making this decision.",,STATEMENT_CATEGORY_SCOPE_OF_PLATFORM_SERVICE,,,,"[""CONTENT_TYPE_VIDEO""]",,,"2024-11-23 00:00:00","[""AT"",""BE"",""BG"",""CY"",""CZ"",""DE"",""DK"",""EE"",""ES"",""FI"",""FR"",""GR"",""HR"",""HU"",""IE"",""IT"",""LI"",""LT"",""LU"",""LV"",""MT"",""NL"",""NO"",""PL"",""PT"",""RO"",""SE"",""SI"",""SK""]","2024-11-23 00:00:00","The decision was taken pursuant to own-initiative investigations.",SOURCE_VOLUNTARY,,Yes,AUTOMATED_DECISION_FULLY,TikTok,7440371595425684256,"2024-11-23 07:22:15"
c1c48b04-6fe4-4c4e-a2bd-28b6d3e6067f,"[""DECISION_VISIBILITY_CONTENT_REMOVED""]",,,,,,,,,,,DECISION_GROUND_INCOMPATIBLE_CONTENT,,,,"Sexual Exploitation and Gender-Based Violence","We are committed to providing a space that embraces gender equity, supports healthy relationships, and respects intimate privacy. We do not allow sexual exploitation or gender-based violence, including non-consensual sexual acts, image-based sexual abuse, sextortion, physical abuse, and sexual harassment.We proactively enforce our Community Guidelines through a mix of technology and human moderation. We have detected this policy violation using automated measures. We have used automated measures in making this decision.",,STATEMENT_CATEGORY_VIOLENCE,,,,"[""CONTENT_TYPE_TEXT""]",,,"2024-11-23 00:00:00","[""AT"",""BE"",""BG"",""CY"",""CZ"",""DE"",""DK"",""EE"",""ES"",""FI"",""FR"",""GR"",""HR"",""HU"",""IE"",""IT"",""LI"",""LT"",""LU"",""LV"",""MT"",""NL"",""NO"",""PL"",""PT"",""RO"",""SE"",""SI"",""SK""]","2024-11-23 00:00:00","The decision was taken pursuant to own-initiative investigations.",SOURCE_VOLUNTARY,,Yes,AUTOMATED_DECISION_FULLY,TikTok,7440371597325687584,"2024-11-23 07:22:15"
82325020-fba7-493a-8dc7-8ff51129acbf,"[""DECISION_VISIBILITY_OTHER""]","Photo not eligible for recommendation in the For You feed",,,,,,,,,,DECISION_GROUND_INCOMPATIBLE_CONTENT,,,,"Community Guidelines","Your content is against our Community Guidelines. The guidelines include rules and standards for using TikTok that apply to everyone and everything on our platform.",,STATEMENT_CATEGORY_NEGATIVE_EFFECTS_ON_CIVIC_DISCOURSE_OR_ELECTIONS,,,,"[""CONTENT_TYPE_IMAGE""]",,,"2024-11-23 00:00:00","[""AT"",""BE"",""BG"",""CY"",""CZ"",""DE"",""DK"",""EE"",""ES"",""FI"",""FR"",""GR"",""HR"",""HU"",""IE"",""IT"",""LI"",""LT"",""LU"",""LV"",""MT"",""NL"",""NO"",""PL"",""PT"",""RO"",""SE"",""SI"",""SK""]","2024-11-23 00:00:00","The decision was taken pursuant to own-initiative investigations.",SOURCE_VOLUNTARY,,Yes,AUTOMATED_DECISION_FULLY,TikTok,7440371597325703968,"2024-11-23 07:22:15"
72b5e6d5-5d5e-4f53-911a-1a9dc8121574,"[""DECISION_VISIBILITY_CONTENT_REMOVED""]",,,,,,,,,,,DECISION_GROUND_INCOMPATIBLE_CONTENT,,,,"Harassment and Bullying","We welcome the respectful expression of different viewpoints, but not toxicity or trolling. We do not allow language or behavior that harasses, humiliates, threatens, or doxes anyone. This also includes responding to such acts with retaliatory harassment (but excludes non-harassing counterspeech).We proactively enforce our Community Guidelines through a mix of technology and human moderation. We have detected this policy violation using automated measures. We have used automated measures in making this decision.",,STATEMENT_CATEGORY_ILLEGAL_OR_HARMFUL_SPEECH,,,,"[""CONTENT_TYPE_TEXT""]",,,"2024-11-23 00:00:00","[""AT"",""BE"",""BG"",""CY"",""CZ"",""DE"",""DK"",""EE"",""ES"",""FI"",""FR"",""GR"",""HR"",""HU"",""IE"",""IT"",""LI"",""LT"",""LU"",""LV"",""MT"",""NL"",""NO"",""PL"",""PT"",""RO"",""SE"",""SI"",""SK""]","2024-11-23 00:00:00","The decision was taken pursuant to own-initiative investigations.",SOURCE_VOLUNTARY,,Yes,AUTOMATED_DECISION_FULLY,TikTok,7440371595425700640,"2024-11-23 07:22:15"
029f3d5b-f6d1-4862-a2fa-d6f189e5e3c6,"[""DECISION_VISIBILITY_OTHER""]","Video not eligible for recommendation in the For You feed",,,,,,,,,,DECISION_GROUND_INCOMPATIBLE_CONTENT,,,,"Community Guidelines","We maintain content eligibility standards for the For You feed (FYF) that prioritize safety and are informed by the diversity of our community and cultural norms. We make ineligible for the FYF certain content that may not be appropriate for a broad audience related to: (1) Behavioral Health, (2) Sensitive and Mature Themes, (3) Integrity and Authenticity, and (4) Regulated Goods. Content that is ineligible for the FYF can still be discovered in other ways, such as through search tools or by following an account.We proactively enforce our Community Guidelines through a mix of technology and human moderation. We have detected this policy violation using automated measures. We have used automated measures in making this decision.",,STATEMENT_CATEGORY_SCOPE_OF_PLATFORM_SERVICE,,,,"[""CONTENT_TYPE_VIDEO""]",,,"2024-11-23 00:00:00","[""AT"",""BE"",""BG"",""CY"",""CZ"",""DE"",""DK"",""EE"",""ES"",""FI"",""FR"",""GR"",""HR"",""HU"",""IE"",""IT"",""LI"",""LT"",""LU"",""LV"",""MT"",""NL"",""NO"",""PL"",""PT"",""RO"",""SE"",""SI"",""SK""]","2024-11-23 00:00:00","The decision was taken pursuant to own-initiative investigations.",SOURCE_VOLUNTARY,,Yes,AUTOMATED_DECISION_FULLY,TikTok,7440371597325720352,"2024-11-23 07:22:15"
9cb9bd07-5bdb-437c-bb0e-b769a6f4a687,"[""DECISION_VISIBILITY_CONTENT_REMOVED""]",,,,,,,,,,,DECISION_GROUND_INCOMPATIBLE_CONTENT,,,,"Hate Speech and Hateful Behaviors","TikTok is enriched by the various backgrounds of our community members. Our differences should be respected, rather than a cause for division. We do not allow any hateful behavior, hate speech, or promotion of hateful ideologies. This includes content that attacks a person or group because of protected attributes.We proactively enforce our Community Guidelines through a mix of technology and human moderation. We have detected this policy violation using automated measures. We have used automated measures in making this decision.",,STATEMENT_CATEGORY_ILLEGAL_OR_HARMFUL_SPEECH,,,,"[""CONTENT_TYPE_TEXT""]",,,"2024-11-23 00:00:00","[""AT"",""BE"",""BG"",""CY"",""CZ"",""DE"",""DK"",""EE"",""ES"",""FI"",""FR"",""GR"",""HR"",""HU"",""IE"",""IT"",""LI"",""LT"",""LU"",""LV"",""MT"",""NL"",""NO"",""PL"",""PT"",""RO"",""SE"",""SI"",""SK""]","2024-11-23 00:00:00","The decision was taken pursuant to own-initiative investigations.",SOURCE_VOLUNTARY,,Yes,AUTOMATED_DECISION_FULLY,TikTok,7440371595425717024,"2024-11-23 07:22:15"
21e14dec-4676-4354-ba46-6dec575edb82,"[""DECISION_VISIBILITY_CONTENT_REMOVED""]",,,,,,,,,,,DECISION_GROUND_INCOMPATIBLE_CONTENT,,,,"Harassment and Bullying","We welcome the respectful expression of different viewpoints, but not toxicity or trolling. We do not allow language or behavior that harasses, humiliates, threatens, or doxes anyone. This also includes responding to such acts with retaliatory harassment (but excludes non-harassing counterspeech).We proactively enforce our Community Guidelines through a mix of technology and human moderation. We have detected this policy violation using automated measures. We have used automated measures in making this decision.",,STATEMENT_CATEGORY_ILLEGAL_OR_HARMFUL_SPEECH,,,,"[""CONTENT_TYPE_TEXT""]",,,"2024-11-23 00:00:00","[""AT"",""BE"",""BG"",""CY"",""CZ"",""DE"",""DK"",""EE"",""ES"",""FI"",""FR"",""GR"",""HR"",""HU"",""IE"",""IT"",""LI"",""LT"",""LU"",""LV"",""MT"",""NL"",""NO"",""PL"",""PT"",""RO"",""SE"",""SI"",""SK""]","2024-11-23 00:00:00","The decision was taken pursuant to own-initiative investigations.",SOURCE_VOLUNTARY,,Yes,AUTOMATED_DECISION_FULLY,TikTok,7440371595425733408,"2024-11-23 07:22:15"
a7f3134a-f13c-45da-a01f-f67dbe69f7a9,"[""DECISION_VISIBILITY_CONTENT_REMOVED""]",,,,,,,,,,,DECISION_GROUND_INCOMPATIBLE_CONTENT,,,,"Harassment and Bullying","We welcome the respectful expression of different viewpoints, but not toxicity or trolling. We do not allow language or behavior that harasses, humiliates, threatens, or doxes anyone. This also includes responding to such acts with retaliatory harassment (but excludes non-harassing counterspeech).We proactively enforce our Community Guidelines through a mix of technology and human moderation. We have detected this policy violation using automated measures. We have used automated measures in making this decision.",,STATEMENT_CATEGORY_ILLEGAL_OR_HARMFUL_SPEECH,,,,"[""CONTENT_TYPE_TEXT""]",,,"2024-11-23 00:00:00","[""AT"",""BE"",""BG"",""CY"",""CZ"",""DE"",""DK"",""EE"",""ES"",""FI"",""FR"",""GR"",""HR"",""HU"",""IE"",""IT"",""LI"",""LT"",""LU"",""LV"",""MT"",""NL"",""NO"",""PL"",""PT"",""RO"",""SE"",""SI"",""SK""]","2024-11-23 00:00:00","The decision was taken pursuant to own-initiative investigations.",SOURCE_VOLUNTARY,,Yes,AUTOMATED_DECISION_FULLY,TikTok,7440371597325736736,"2024-11-23 07:22:15"
1f87a710-7da0-48d1-99ca-87bb16d1ce0a,"[""DECISION_VISIBILITY_CONTENT_REMOVED""]",,,,,,,,,,,DECISION_GROUND_INCOMPATIBLE_CONTENT,,,,"Dangerous Activities and Challenges","Most activities or challenges are appropriate for everyone, but some carry a risk of significant injury. We do not allow showing or promoting dangerous activities and challenges. This includes dares, games, tricks, inappropriate use of dangerous tools, eating substances that are harmful to one’s health, or similar activities that may lead to significant physical harm.We proactively enforce our Community Guidelines through a mix of technology and human moderation. We have detected this policy violation using automated measures.",,STATEMENT_CATEGORY_SCOPE_OF_PLATFORM_SERVICE,,,,"[""CONTENT_TYPE_VIDEO""]",,,"2024-11-22 00:00:00","[""AT"",""BE"",""BG"",""CY"",""CZ"",""DE"",""DK"",""EE"",""ES"",""FI"",""FR"",""GR"",""HR"",""HU"",""IE"",""IT"",""LI"",""LT"",""LU"",""LV"",""MT"",""NL"",""NO"",""PL"",""PT"",""RO"",""SE"",""SI"",""SK""]","2024-11-23 00:00:00","The decision was taken pursuant to own-initiative investigations.",SOURCE_VOLUNTARY,,Yes,AUTOMATED_DECISION_NOT_AUTOMATED,TikTok,7440371595425749792,"2024-11-23 07:22:15"
1a258979-f76d-4b61-b251-693b8c381b26,"[""DECISION_VISIBILITY_OTHER""]","Video not eligible for recommendation in the For You feed",,,,,,,,,,DECISION_GROUND_INCOMPATIBLE_CONTENT,,,,"Alcohol, Tobacco, and Drugs","While adults make personal choices about how they engage with alcohol, drugs, and tobacco, we recognize that there are risks connected to trading and using these substances. Content is ineligible for the For You feed and harder to find in search if it shows adults consuming excessive amounts of alcohol or tobacco products.We proactively enforce our Community Guidelines through a mix of technology and human moderation. We have detected this policy violation using automated measures. We have used automated measures in making this decision.",,STATEMENT_CATEGORY_SCOPE_OF_PLATFORM_SERVICE,,,,"[""CONTENT_TYPE_VIDEO""]",,,"2024-11-23 00:00:00","[""AT"",""BE"",""BG"",""CY"",""CZ"",""DE"",""DK"",""EE"",""ES"",""FI"",""FR"",""GR"",""HR"",""HU"",""IE"",""IT"",""LI"",""LT"",""LU"",""LV"",""MT"",""NL"",""NO"",""PL"",""PT"",""RO"",""SE"",""SI"",""SK""]","2024-11-23 00:00:00","The decision was taken pursuant to own-initiative investigations.",SOURCE_VOLUNTARY,,Yes,AUTOMATED_DECISION_FULLY,TikTok,7440371595425766176,"2024-11-23 07:22:15"
0071216e-c657-4f7b-bb36-5c945168ac03,"[""DECISION_VISIBILITY_CONTENT_REMOVED""]",,,,,,,,,,,DECISION_GROUND_INCOMPATIBLE_CONTENT,,,,"Harassment and Bullying","We welcome the respectful expression of different viewpoints, but not toxicity or trolling. We do not allow language or behavior that harasses, humiliates, threatens, or doxes anyone. This also includes responding to such acts with retaliatory harassment (but excludes non-harassing counterspeech).We proactively enforce our Community Guidelines through a mix of technology and human moderation. We have detected this policy violation using automated measures. We have used automated measures in making this decision.",,STATEMENT_CATEGORY_ILLEGAL_OR_HARMFUL_SPEECH,,,,"[""CONTENT_TYPE_TEXT""]",,,"2024-11-23 00:00:00","[""AT"",""BE"",""BG"",""CY"",""CZ"",""DE"",""DK"",""EE"",""ES"",""FI"",""FR"",""GR"",""HR"",""HU"",""IE"",""IT"",""LI"",""LT"",""LU"",""LV"",""MT"",""NL"",""NO"",""PL"",""PT"",""RO"",""SE"",""SI"",""SK""]","2024-11-23 00:00:00","The decision was taken pursuant to own-initiative investigations.",SOURCE_VOLUNTARY,,Yes,AUTOMATED_DECISION_FULLY,TikTok,7440371597325753120,"2024-11-23 07:22:15"
cf486933-10d5-4636-99cf-ba6833faf789,"[""DECISION_VISIBILITY_CONTENT_REMOVED""]",,,,,,,,,,,DECISION_GROUND_INCOMPATIBLE_CONTENT,,,,"Harassment and Bullying","We welcome the respectful expression of different viewpoints, but not toxicity or trolling. We do not allow language or behavior that harasses, humiliates, threatens, or doxes anyone. This also includes responding to such acts with retaliatory harassment (but excludes non-harassing counterspeech).We proactively enforce our Community Guidelines through a mix of technology and human moderation. We have detected this policy violation using automated measures. We have used automated measures in making this decision.",,STATEMENT_CATEGORY_ILLEGAL_OR_HARMFUL_SPEECH,,,,"[""CONTENT_TYPE_TEXT""]",,,"2024-11-23 00:00:00","[""AT"",""BE"",""BG"",""CY"",""CZ"",""DE"",""DK"",""EE"",""ES"",""FI"",""FR"",""GR"",""HR"",""HU"",""IE"",""IT"",""LI"",""LT"",""LU"",""LV"",""MT"",""NL"",""NO"",""PL"",""PT"",""RO"",""SE"",""SI"",""SK""]","2024-11-23 00:00:00","The decision was taken pursuant to own-initiative investigations.",SOURCE_VOLUNTARY,,Yes,AUTOMATED_DECISION_FULLY,TikTok,7440371597325769504,"2024-11-23 07:22:15"
770f12af-3888-4d9d-9cc0-1c248e2d047b,"[""DECISION_VISIBILITY_CONTENT_REMOVED""]",,,,,,,,,,,DECISION_GROUND_INCOMPATIBLE_CONTENT,,,,"Harassment and Bullying","We welcome the respectful expression of different viewpoints, but not toxicity or trolling. We do not allow language or behavior that harasses, humiliates, threatens, or doxes anyone. This also includes responding to such acts with retaliatory harassment (but excludes non-harassing counterspeech).We proactively enforce our Community Guidelines through a mix of technology and human moderation. We have detected this policy violation using automated measures. We have used automated measures in making this decision.",,STATEMENT_CATEGORY_ILLEGAL_OR_HARMFUL_SPEECH,,,,"[""CONTENT_TYPE_TEXT""]",,,"2024-11-23 00:00:00","[""AT"",""BE"",""BG"",""CY"",""CZ"",""DE"",""DK"",""EE"",""ES"",""FI"",""FR"",""GR"",""HR"",""HU"",""IE"",""IT"",""LI"",""LT"",""LU"",""LV"",""MT"",""NL"",""NO"",""PL"",""PT"",""RO"",""SE"",""SI"",""SK""]","2024-11-23 00:00:00","The decision was taken pursuant to own-initiative investigations.",SOURCE_VOLUNTARY,,Yes,AUTOMATED_DECISION_FULLY,TikTok,7440371597325785888,"2024-11-23 07:22:15"
6b269e06-9971-4c0b-942e-ffe068c9c4c8,"[""DECISION_VISIBILITY_CONTENT_REMOVED""]",,,,,,,,,,,DECISION_GROUND_INCOMPATIBLE_CONTENT,,,,"Harassment and Bullying","We welcome the respectful expression of different viewpoints, but not toxicity or trolling. We do not allow language or behavior that harasses, humiliates, threatens, or doxes anyone. This also includes responding to such acts with retaliatory harassment (but excludes non-harassing counterspeech).We proactively enforce our Community Guidelines through a mix of technology and human moderation. We have detected this policy violation using automated measures. We have used automated measures in making this decision.",,STATEMENT_CATEGORY_ILLEGAL_OR_HARMFUL_SPEECH,,,,"[""CONTENT_TYPE_TEXT""]",,,"2024-11-23 00:00:00","[""AT"",""BE"",""BG"",""CY"",""CZ"",""DE"",""DK"",""EE"",""ES"",""FI"",""FR"",""GR"",""HR"",""HU"",""IE"",""IT"",""LI"",""LT"",""LU"",""LV"",""MT"",""NL"",""NO"",""PL"",""PT"",""RO"",""SE"",""SI"",""SK""]","2024-11-23 00:00:00","The decision was taken pursuant to own-initiative investigations.",SOURCE_VOLUNTARY,,Yes,AUTOMATED_DECISION_FULLY,TikTok,7440371600114850593,"2024-11-23 07:22:15"
076e9656-3c68-4b38-a131-25f3e4c6199e,"[""DECISION_VISIBILITY_OTHER""]","Video not eligible for recommendation in the For You feed",,,,,,,,,,DECISION_GROUND_INCOMPATIBLE_CONTENT,,,,"Community Guidelines","We maintain content eligibility standards for the For You feed (FYF) that prioritize safety and are informed by the diversity of our community and cultural norms. We make ineligible for the FYF certain content that may not be appropriate for a broad audience related to: (1) Behavioral Health, (2) Sensitive and Mature Themes, (3) Integrity and Authenticity, and (4) Regulated Goods. Content that is ineligible for the FYF can still be discovered in other ways, such as through search tools or by following an account.We proactively enforce our Community Guidelines through a mix of technology and human moderation. We have detected this policy violation using automated measures. We have used automated measures in making this decision.",,STATEMENT_CATEGORY_SCOPE_OF_PLATFORM_SERVICE,,,,"[""CONTENT_TYPE_VIDEO""]",,,"2024-11-23 00:00:00","[""AT"",""BE"",""BG"",""CY"",""CZ"",""DE"",""DK"",""EE"",""ES"",""FI"",""FR"",""GR"",""HR"",""HU"",""IE"",""IT"",""LI"",""LT"",""LU"",""LV"",""MT"",""NL"",""NO"",""PL"",""PT"",""RO"",""SE"",""SI"",""SK""]","2024-11-23 00:00:00","The decision was taken pursuant to own-initiative investigations.",SOURCE_VOLUNTARY,,Yes,AUTOMATED_DECISION_FULLY,TikTok,7440371600114866977,"2024-11-23 07:22:15"
a175ec5c-d6fd-4e5e-a5b0-4816c4850ea1,"[""DECISION_VISIBILITY_OTHER""]","Video not eligible for recommendation in the For You feed",,,,,,,,,,DECISION_GROUND_INCOMPATIBLE_CONTENT,,,,"Community Guidelines","We maintain content eligibility standards for the For You feed (FYF) that prioritize safety and are informed by the diversity of our community and cultural norms. We make ineligible for the FYF certain content that may not be appropriate for a broad audience related to: (1) Behavioral Health, (2) Sensitive and Mature Themes, (3) Integrity and Authenticity, and (4) Regulated Goods. Content that is ineligible for the FYF can still be discovered in other ways, such as through search tools or by following an account.We proactively enforce our Community Guidelines through a mix of technology and human moderation. We have detected this policy violation using automated measures. We have used automated measures in making this decision.",,STATEMENT_CATEGORY_SCOPE_OF_PLATFORM_SERVICE,,,,"[""CONTENT_TYPE_VIDEO""]",,,"2024-11-23 00:00:00","[""AT"",""BE"",""BG"",""CY"",""CZ"",""DE"",""DK"",""EE"",""ES"",""FI"",""FR"",""GR"",""HR"",""HU"",""IE"",""IT"",""LI"",""LT"",""LU"",""LV"",""MT"",""NL"",""NO"",""PL"",""PT"",""RO"",""SE"",""SI"",""SK""]","2024-11-23 00:00:00","The decision was taken pursuant to own-initiative investigations.",SOURCE_VOLUNTARY,,Yes,AUTOMATED_DECISION_FULLY,TikTok,7440371601347975969,"2024-11-23 07:22:15"
db081989-4116-4097-a66d-0e468abbb7d5,"[""DECISION_VISIBILITY_CONTENT_REMOVED""]",,,,,,,,,,,DECISION_GROUND_INCOMPATIBLE_CONTENT,,,,"Violent Behaviors and Criminal Activities","We recognize that online content related to violence can cause real-world harm. We do not allow any violent threats, incitement to violence, or promotion of criminal activities that may harm people, animals, or property. If there is a specific, credible, and imminent threat to human life or serious physical injury, we will report it to relevant law enforcement authorities.We proactively enforce our Community Guidelines through a mix of technology and human moderation. We have detected this policy violation using automated measures. We have used automated measures in making this decision.",,STATEMENT_CATEGORY_VIOLENCE,,,,"[""CONTENT_TYPE_TEXT""]",,,"2024-11-23 00:00:00","[""AT"",""BE"",""BG"",""CY"",""CZ"",""DE"",""DK"",""EE"",""ES"",""FI"",""FR"",""GR"",""HR"",""HU"",""IE"",""IT"",""LI"",""LT"",""LU"",""LV"",""MT"",""NL"",""NO"",""PL"",""PT"",""RO"",""SE"",""SI"",""SK""]","2024-11-23 00:00:00","The decision was taken pursuant to own-initiative investigations.",SOURCE_VOLUNTARY,,Yes,AUTOMATED_DECISION_FULLY,TikTok,7440371600114883361,"2024-11-23 07:22:15"
98e08580-791f-43c0-bb0c-685aaca018ae,"[""DECISION_VISIBILITY_OTHER""]","Video not eligible for recommendation in the For You feed",,,,,,,,,,DECISION_GROUND_INCOMPATIBLE_CONTENT,,,,"Community Guidelines","We maintain content eligibility standards for the For You feed (FYF) that prioritize safety and are informed by the diversity of our community and cultural norms. We make ineligible for the FYF certain content that may not be appropriate for a broad audience related to: (1) Behavioral Health, (2) Sensitive and Mature Themes, (3) Integrity and Authenticity, and (4) Regulated Goods. Content that is ineligible for the FYF can still be discovered in other ways, such as through search tools or by following an account.We proactively enforce our Community Guidelines through a mix of technology and human moderation. We have detected this policy violation using automated measures. We have used automated measures in making this decision.",,STATEMENT_CATEGORY_SCOPE_OF_PLATFORM_SERVICE,,,,"[""CONTENT_TYPE_VIDEO""]",,,"2024-11-23 00:00:00","[""AT"",""BE"",""BG"",""CY"",""CZ"",""DE"",""DK"",""EE"",""ES"",""FI"",""FR"",""GR"",""HR"",""HU"",""IE"",""IT"",""LI"",""LT"",""LU"",""LV"",""MT"",""NL"",""NO"",""PL"",""PT"",""RO"",""SE"",""SI"",""SK""]","2024-11-23 00:00:00","The decision was taken pursuant to own-initiative investigations.",SOURCE_VOLUNTARY,,Yes,AUTOMATED_DECISION_FULLY,TikTok,7440371600114899745,"2024-11-23 07:22:15"
9f20507e-9c2b-49bb-b425-1d80a19bd176,"[""DECISION_VISIBILITY_CONTENT_REMOVED""]",,,,,,,,,,,DECISION_GROUND_INCOMPATIBLE_CONTENT,,,,"Harassment and Bullying","We welcome the respectful expression of different viewpoints, but not toxicity or trolling. We do not allow language or behavior that harasses, humiliates, threatens, or doxes anyone. This also includes responding to such acts with retaliatory harassment (but excludes non-harassing counterspeech).We proactively enforce our Community Guidelines through a mix of technology and human moderation. We have detected this policy violation using automated measures. We have used automated measures in making this decision.",,STATEMENT_CATEGORY_ILLEGAL_OR_HARMFUL_SPEECH,,,,"[""CONTENT_TYPE_TEXT""]",,,"2024-11-23 00:00:00","[""AT"",""BE"",""BG"",""CY"",""CZ"",""DE"",""DK"",""EE"",""ES"",""FI"",""FR"",""GR"",""HR"",""HU"",""IE"",""IT"",""LI"",""LT"",""LU"",""LV"",""MT"",""NL"",""NO"",""PL"",""PT"",""RO"",""SE"",""SI"",""SK""]","2024-11-23 00:00:00","The decision was taken pursuant to own-initiative investigations.",SOURCE_VOLUNTARY,,Yes,AUTOMATED_DECISION_FULLY,TikTok,7440371600114916129,"2024-11-23 07:22:15"
d448055d-9ac9-42f1-9bed-fe01a1cfe5ef,"[""DECISION_VISIBILITY_OTHER""]","Video not eligible for recommendation in the For You feed",,,,,,,,,,DECISION_GROUND_INCOMPATIBLE_CONTENT,,,,"Community Guidelines","We maintain content eligibility standards for the For You feed (FYF) that prioritize safety and are informed by the diversity of our community and cultural norms. We make ineligible for the FYF certain content that may not be appropriate for a broad audience related to: (1) Behavioral Health, (2) Sensitive and Mature Themes, (3) Integrity and Authenticity, and (4) Regulated Goods. Content that is ineligible for the FYF can still be discovered in other ways, such as through search tools or by following an account.We proactively enforce our Community Guidelines through a mix of technology and human moderation. We have detected this policy violation using automated measures. We have used automated measures in making this decision.",,STATEMENT_CATEGORY_SCOPE_OF_PLATFORM_SERVICE,,,,"[""CONTENT_TYPE_VIDEO""]",,,"2024-11-23 00:00:00","[""AT"",""BE"",""BG"",""CY"",""CZ"",""DE"",""DK"",""EE"",""ES"",""FI"",""FR"",""GR"",""HR"",""HU"",""IE"",""IT"",""LI"",""LT"",""LU"",""LV"",""MT"",""NL"",""NO"",""PL"",""PT"",""RO"",""SE"",""SI"",""SK""]","2024-11-23 00:00:00","The decision was taken pursuant to own-initiative investigations.",SOURCE_VOLUNTARY,,Yes,AUTOMATED_DECISION_FULLY,TikTok,7440371601347992353,"2024-11-23 07:22:15"
d98f3120-9488-4950-b1bc-31b5a3e98328,"[""DECISION_VISIBILITY_CONTENT_REMOVED""]",,,,,,,,,,,DECISION_GROUND_INCOMPATIBLE_CONTENT,,,,"Harassment and Bullying","We welcome the respectful expression of different viewpoints, but not toxicity or trolling. We do not allow language or behavior that harasses, humiliates, threatens, or doxes anyone. This also includes responding to such acts with retaliatory harassment (but excludes non-harassing counterspeech).We proactively enforce our Community Guidelines through a mix of technology and human moderation. We have detected this policy violation using automated measures. We have used automated measures in making this decision.",,STATEMENT_CATEGORY_ILLEGAL_OR_HARMFUL_SPEECH,,,,"[""CONTENT_TYPE_TEXT""]",,,"2024-11-23 00:00:00","[""AT"",""BE"",""BG"",""CY"",""CZ"",""DE"",""DK"",""EE"",""ES"",""FI"",""FR"",""GR"",""HR"",""HU"",""IE"",""IT"",""LI"",""LT"",""LU"",""LV"",""MT"",""NL"",""NO"",""PL"",""PT"",""RO"",""SE"",""SI"",""SK""]","2024-11-23 00:00:00","The decision was taken pursuant to own-initiative investigations.",SOURCE_VOLUNTARY,,Yes,AUTOMATED_DECISION_FULLY,TikTok,7440371600114932513,"2024-11-23 07:22:15"
4dcf2685-fe66-4f11-af3e-adb2c83f297d,"[""DECISION_VISIBILITY_CONTENT_REMOVED""]",,,,,,,,,,,DECISION_GROUND_INCOMPATIBLE_CONTENT,,,,"Harassment and Bullying","We welcome the respectful expression of different viewpoints, but not toxicity or trolling. We do not allow language or behavior that harasses, humiliates, threatens, or doxes anyone. This also includes responding to such acts with retaliatory harassment (but excludes non-harassing counterspeech).We proactively enforce our Community Guidelines through a mix of technology and human moderation. We have detected this policy violation using automated measures. We have used automated measures in making this decision.",,STATEMENT_CATEGORY_ILLEGAL_OR_HARMFUL_SPEECH,,,,"[""CONTENT_TYPE_TEXT""]",,,"2024-11-23 00:00:00","[""AT"",""BE"",""BG"",""CY"",""CZ"",""DE"",""DK"",""EE"",""ES"",""FI"",""FR"",""GR"",""HR"",""HU"",""IE"",""IT"",""LI"",""LT"",""LU"",""LV"",""MT"",""NL"",""NO"",""PL"",""PT"",""RO"",""SE"",""SI"",""SK""]","2024-11-23 00:00:00","The decision was taken pursuant to own-initiative investigations.",SOURCE_VOLUNTARY,,Yes,AUTOMATED_DECISION_FULLY,TikTok,7440371601348008737,"2024-11-23 07:22:15"
8b9edc9f-a249-4f2c-8ff3-4575b22a86c8,"[""DECISION_VISIBILITY_CONTENT_REMOVED""]",,,,,,,,,,,DECISION_GROUND_INCOMPATIBLE_CONTENT,,,,"Community Guidelines","Your content is against our Community Guidelines. The guidelines include rules and standards for using TikTok that apply to everyone and everything on our platform.We proactively enforce our Community Guidelines through a mix of technology and human moderation. We have detected this policy violation using automated measures. We have used automated measures in making this decision.",,STATEMENT_CATEGORY_SCOPE_OF_PLATFORM_SERVICE,,,,"[""CONTENT_TYPE_IMAGE""]",,,"2024-01-24 00:00:00","[""AT"",""BE"",""BG"",""CY"",""CZ"",""DE"",""DK"",""EE"",""ES"",""FI"",""FR"",""GR"",""HR"",""HU"",""IE"",""IT"",""LI"",""LT"",""LU"",""LV"",""MT"",""NL"",""NO"",""PL"",""PT"",""RO"",""SE"",""SI"",""SK""]","2024-11-23 00:00:00","The decision was taken pursuant to own-initiative investigations.",SOURCE_VOLUNTARY,,Yes,AUTOMATED_DECISION_FULLY,TikTok,7440371695879330593,"2024-11-23 07:22:17"
1926d66d-5879-41dd-9f11-b9169e15a112,"[""DECISION_VISIBILITY_OTHER""]","Video not eligible for recommendation in the For You feed",,,,,,,,,,DECISION_GROUND_INCOMPATIBLE_CONTENT,,,,"Community Guidelines","Your content is against our Community Guidelines. The guidelines include rules and standards for using TikTok that apply to everyone and everything on our platform.We proactively enforce our Community Guidelines through a mix of technology and human moderation. We have detected this policy violation using automated measures. We have used automated measures in making this decision.",,STATEMENT_CATEGORY_SCOPE_OF_PLATFORM_SERVICE,,,,"[""CONTENT_TYPE_OTHER""]","Video Sticker",,"2024-11-23 00:00:00","[""AT"",""BE"",""BG"",""CY"",""CZ"",""DE"",""DK"",""EE"",""ES"",""FI"",""FR"",""GR"",""HR"",""HU"",""IE"",""IT"",""LI"",""LT"",""LU"",""LV"",""MT"",""NL"",""NO"",""PL"",""PT"",""RO"",""SE"",""SI"",""SK""]","2024-11-23 00:00:00","The decision was taken pursuant to own-initiative investigations.",SOURCE_VOLUNTARY,,Yes,AUTOMATED_DECISION_FULLY,TikTok,7440371695711509280,"2024-11-23 07:22:17"
b8f46bf3-4e85-455f-acb7-c750967770f3,"[""DECISION_VISIBILITY_CONTENT_REMOVED""]",,,,,,,,,,,DECISION_GROUND_INCOMPATIBLE_CONTENT,,,,"Harassment and Bullying","We welcome the respectful expression of different viewpoints, but not toxicity or trolling. We do not allow language or behavior that harasses, humiliates, threatens, or doxes anyone. This also includes responding to such acts with retaliatory harassment (but excludes non-harassing counterspeech).We proactively enforce our Community Guidelines through a mix of technology and human moderation. We have detected this policy violation using automated measures. We have used automated measures in making this decision.",,STATEMENT_CATEGORY_ILLEGAL_OR_HARMFUL_SPEECH,,,,"[""CONTENT_TYPE_TEXT""]",,,"2024-11-23 00:00:00","[""AT"",""BE"",""BG"",""CY"",""CZ"",""DE"",""DK"",""EE"",""ES"",""FI"",""FR"",""GR"",""HR"",""HU"",""IE"",""IT"",""LI"",""LT"",""LU"",""LV"",""MT"",""NL"",""NO"",""PL"",""PT"",""RO"",""SE"",""SI"",""SK""]","2024-11-23 00:00:00","The decision was taken pursuant to own-initiative investigations.",SOURCE_VOLUNTARY,,Yes,AUTOMATED_DECISION_FULLY,TikTok,7440371695879346977,"2024-11-23 07:22:17"
c76dd8f8-ec01-4c34-bd88-9f84a51e7b6e,"[""DECISION_VISIBILITY_OTHER""]","Video not eligible for recommendation in the For You feed",,,,,,,,,,DECISION_GROUND_INCOMPATIBLE_CONTENT,,,,"Community Guidelines","We maintain content eligibility standards for the For You feed (FYF) that prioritize safety and are informed by the diversity of our community and cultural norms. We make ineligible for the FYF certain content that may not be appropriate for a broad audience related to: (1) Behavioral Health, (2) Sensitive and Mature Themes, (3) Integrity and Authenticity, and (4) Regulated Goods. Content that is ineligible for the FYF can still be discovered in other ways, such as through search tools or by following an account.We proactively enforce our Community Guidelines through a mix of technology and human moderation. We have detected this policy violation using automated measures. We have used automated measures in making this decision.",,STATEMENT_CATEGORY_SCOPE_OF_PLATFORM_SERVICE,,,,"[""CONTENT_TYPE_VIDEO""]",,,"2024-11-23 00:00:00","[""AT"",""BE"",""BG"",""CY"",""CZ"",""DE"",""DK"",""EE"",""ES"",""FI"",""FR"",""GR"",""HR"",""HU"",""IE"",""IT"",""LI"",""LT"",""LU"",""LV"",""MT"",""NL"",""NO"",""PL"",""PT"",""RO"",""SE"",""SI"",""SK""]","2024-11-23 00:00:00","The decision was taken pursuant to own-initiative investigations.",SOURCE_VOLUNTARY,,Yes,AUTOMATED_DECISION_FULLY,TikTok,7440371699087842080,"2024-11-23 07:22:17"
8b4140db-eac9-4343-ac29-1a281d77d0b1,"[""DECISION_VISIBILITY_CONTENT_REMOVED""]",,,,,,,,,,,DECISION_GROUND_INCOMPATIBLE_CONTENT,,,,"Harassment and Bullying","We welcome the respectful expression of different viewpoints, but not toxicity or trolling. We do not allow language or behavior that harasses, humiliates, threatens, or doxes anyone. This also includes responding to such acts with retaliatory harassment (but excludes non-harassing counterspeech).We proactively enforce our Community Guidelines through a mix of technology and human moderation. We have detected this policy violation using automated measures. We have used automated measures in making this decision.",,STATEMENT_CATEGORY_ILLEGAL_OR_HARMFUL_SPEECH,,,,"[""CONTENT_TYPE_TEXT""]",,,"2024-11-23 00:00:00","[""AT"",""BE"",""BG"",""CY"",""CZ"",""DE"",""DK"",""EE"",""ES"",""FI"",""FR"",""GR"",""HR"",""HU"",""IE"",""IT"",""LI"",""LT"",""LU"",""LV"",""MT"",""NL"",""NO"",""PL"",""PT"",""RO"",""SE"",""SI"",""SK""]","2024-11-23 00:00:00","The decision was taken pursuant to own-initiative investigations.",SOURCE_VOLUNTARY,,Yes,AUTOMATED_DECISION_FULLY,TikTok,7440371695711525664,"2024-11-23 07:22:17"
8be25757-f74a-4ec9-a658-993a692c9a3d,"[""DECISION_VISIBILITY_CONTENT_REMOVED""]",,,,,,,,,,,DECISION_GROUND_INCOMPATIBLE_CONTENT,,,,"Harassment and Bullying","We welcome the respectful expression of different viewpoints, but not toxicity or trolling. We do not allow language or behavior that harasses, humiliates, threatens, or doxes anyone. This also includes responding to such acts with retaliatory harassment (but excludes non-harassing counterspeech).We proactively enforce our Community Guidelines through a mix of technology and human moderation. We have detected this policy violation using automated measures. We have used automated measures in making this decision.",,STATEMENT_CATEGORY_ILLEGAL_OR_HARMFUL_SPEECH,,,,"[""CONTENT_TYPE_TEXT""]",,,"2024-11-23 00:00:00","[""AT"",""BE"",""BG"",""CY"",""CZ"",""DE"",""DK"",""EE"",""ES"",""FI"",""FR"",""GR"",""HR"",""HU"",""IE"",""IT"",""LI"",""LT"",""LU"",""LV"",""MT"",""NL"",""NO"",""PL"",""PT"",""RO"",""SE"",""SI"",""SK""]","2024-11-23 00:00:00","The decision was taken pursuant to own-initiative investigations.",SOURCE_VOLUNTARY,,Yes,AUTOMATED_DECISION_FULLY,TikTok,7440371695711542048,"2024-11-23 07:22:17"
a68573af-5781-44af-bbb6-78402bbdf347,"[""DECISION_VISIBILITY_CONTENT_REMOVED""]",,,,,,,,,,,DECISION_GROUND_INCOMPATIBLE_CONTENT,,,,"Harassment and Bullying","We welcome the respectful expression of different viewpoints, but not toxicity or trolling. We do not allow language or behavior that harasses, humiliates, threatens, or doxes anyone. This also includes responding to such acts with retaliatory harassment (but excludes non-harassing counterspeech).We proactively enforce our Community Guidelines through a mix of technology and human moderation. We have detected this policy violation using automated measures. We have used automated measures in making this decision.",,STATEMENT_CATEGORY_ILLEGAL_OR_HARMFUL_SPEECH,,,,"[""CONTENT_TYPE_TEXT""]",,,"2024-11-23 00:00:00","[""AT"",""BE"",""BG"",""CY"",""CZ"",""DE"",""DK"",""EE"",""ES"",""FI"",""FR"",""GR"",""HR"",""HU"",""IE"",""IT"",""LI"",""LT"",""LU"",""LV"",""MT"",""NL"",""NO"",""PL"",""PT"",""RO"",""SE"",""SI"",""SK""]","2024-11-23 00:00:00","The decision was taken pursuant to own-initiative investigations.",SOURCE_VOLUNTARY,,Yes,AUTOMATED_DECISION_FULLY,TikTok,7440371695711558432,"2024-11-23 07:22:17"
43d9c620-152b-45f7-a728-cac8c51a2245,"[""DECISION_VISIBILITY_CONTENT_REMOVED""]",,,,,,,,,,,DECISION_GROUND_INCOMPATIBLE_CONTENT,,,,"Animal Abuse","We want our platform to be a place that respects animals and celebrates the ways that they enrich our lives across different cultures and regions. We do not allow animal abuse, cruelty, neglect, trade, or other forms of animal exploitation.We proactively enforce our Community Guidelines through a mix of technology and human moderation. We have detected this policy violation using automated measures. We have used automated measures in making this decision.",,STATEMENT_CATEGORY_ANIMAL_WELFARE,,,,"[""CONTENT_TYPE_VIDEO""]",,,"2024-11-23 00:00:00","[""AT"",""BE"",""BG"",""CY"",""CZ"",""DE"",""DK"",""EE"",""ES"",""FI"",""FR"",""GR"",""HR"",""HU"",""IE"",""IT"",""LI"",""LT"",""LU"",""LV"",""MT"",""NL"",""NO"",""PL"",""PT"",""RO"",""SE"",""SI"",""SK""]","2024-11-23 00:00:00","The decision was taken pursuant to own-initiative investigations.",SOURCE_VOLUNTARY,,Yes,AUTOMATED_DECISION_FULLY,TikTok,7440371699087858464,"2024-11-23 07:22:17"
35c72698-9f62-479c-8511-3c817c4ca22b,"[""DECISION_VISIBILITY_OTHER""]","Video not eligible for recommendation in the For You feed",,,,,,,,,,DECISION_GROUND_INCOMPATIBLE_CONTENT,,,,"Community Guidelines","We maintain content eligibility standards for the For You feed (FYF) that prioritize safety and are informed by the diversity of our community and cultural norms. We make ineligible for the FYF certain content that may not be appropriate for a broad audience related to: (1) Behavioral Health, (2) Sensitive and Mature Themes, (3) Integrity and Authenticity, and (4) Regulated Goods. Content that is ineligible for the FYF can still be discovered in other ways, such as through search tools or by following an account.We proactively enforce our Community Guidelines through a mix of technology and human moderation. We have detected this policy violation using automated measures. We have used automated measures in making this decision.",,STATEMENT_CATEGORY_SCOPE_OF_PLATFORM_SERVICE,,,,"[""CONTENT_TYPE_VIDEO""]",,,"2024-11-23 00:00:00","[""AT"",""BE"",""BG"",""CY"",""CZ"",""DE"",""DK"",""EE"",""ES"",""FI"",""FR"",""GR"",""HR"",""HU"",""IE"",""IT"",""LI"",""LT"",""LU"",""LV"",""MT"",""NL"",""NO"",""PL"",""PT"",""RO"",""SE"",""SI"",""SK""]","2024-11-23 00:00:00","The decision was taken pursuant to own-initiative investigations.",SOURCE_VOLUNTARY,,Yes,AUTOMATED_DECISION_FULLY,TikTok,7440371695711574816,"2024-11-23 07:22:17"
4010f4d2-8c4b-4fbd-9e70-299567e87650,"[""DECISION_VISIBILITY_CONTENT_REMOVED""]",,,,,,,,,,,DECISION_GROUND_INCOMPATIBLE_CONTENT,,,,"Sexually Suggestive Content","We welcome performances and dances where people can creatively express themselves, celebrate their culture, or seek to entertain. We are mindful that certain behaviors related to sexual arousal or suggestiveness may be offensive to some people and may put young people at risk of exploitation. We do not allow seductive performances or allusions to sexual activity by young people, or the use of sexually explicit narratives by anyone.We proactively enforce our Community Guidelines through a mix of technology and human moderation. We have detected this policy violation using automated measures. We have used automated measures in making this decision.",,STATEMENT_CATEGORY_SCOPE_OF_PLATFORM_SERVICE,,,,"[""CONTENT_TYPE_TEXT""]",,,"2024-11-23 00:00:00","[""AT"",""BE"",""BG"",""CY"",""CZ"",""DE"",""DK"",""EE"",""ES"",""FI"",""FR"",""GR"",""HR"",""HU"",""IE"",""IT"",""LI"",""LT"",""LU"",""LV"",""MT"",""NL"",""NO"",""PL"",""PT"",""RO"",""SE"",""SI"",""SK""]","2024-11-23 00:00:00","The decision was taken pursuant to own-initiative investigations.",SOURCE_VOLUNTARY,,Yes,AUTOMATED_DECISION_FULLY,TikTok,7440371699087874848,"2024-11-23 07:22:17"
7bee65d9-d478-4fd9-a99d-d2140a97719d,"[""DECISION_VISIBILITY_CONTENT_REMOVED""]",,,,,,,,,,,DECISION_GROUND_INCOMPATIBLE_CONTENT,,,,"Harassment and Bullying","We welcome the respectful expression of different viewpoints, but not toxicity or trolling. We do not allow language or behavior that harasses, humiliates, threatens, or doxes anyone. This also includes responding to such acts with retaliatory harassment (but excludes non-harassing counterspeech).We proactively enforce our Community Guidelines through a mix of technology and human moderation. We have detected this policy violation using automated measures. We have used automated measures in making this decision.",,STATEMENT_CATEGORY_ILLEGAL_OR_HARMFUL_SPEECH,,,,"[""CONTENT_TYPE_TEXT""]",,,"2024-11-23 00:00:00","[""AT"",""BE"",""BG"",""CY"",""CZ"",""DE"",""DK"",""EE"",""ES"",""FI"",""FR"",""GR"",""HR"",""HU"",""IE"",""IT"",""LI"",""LT"",""LU"",""LV"",""MT"",""NL"",""NO"",""PL"",""PT"",""RO"",""SE"",""SI"",""SK""]","2024-11-23 00:00:00","The decision was taken pursuant to own-initiative investigations.",SOURCE_VOLUNTARY,,Yes,AUTOMATED_DECISION_FULLY,TikTok,7440371699259808544,"2024-11-23 07:22:17"
bbb81c12-f92a-4b24-8826-4fec67a0f230,"[""DECISION_VISIBILITY_OTHER""]","Video not eligible for recommendation in the For You feed",,,,,,,,,,DECISION_GROUND_INCOMPATIBLE_CONTENT,,,,"Community Guidelines","We maintain content eligibility standards for the For You feed (FYF) that prioritize safety and are informed by the diversity of our community and cultural norms. We make ineligible for the FYF certain content that may not be appropriate for a broad audience related to: (1) Behavioral Health, (2) Sensitive and Mature Themes, (3) Integrity and Authenticity, and (4) Regulated Goods. Content that is ineligible for the FYF can still be discovered in other ways, such as through search tools or by following an account.We proactively enforce our Community Guidelines through a mix of technology and human moderation. We have detected this policy violation using automated measures. We have used automated measures in making this decision.",,STATEMENT_CATEGORY_SCOPE_OF_PLATFORM_SERVICE,,,,"[""CONTENT_TYPE_VIDEO""]",,,"2024-11-23 00:00:00","[""AT"",""BE"",""BG"",""CY"",""CZ"",""DE"",""DK"",""EE"",""ES"",""FI"",""FR"",""GR"",""HR"",""HU"",""IE"",""IT"",""LI"",""LT"",""LU"",""LV"",""MT"",""NL"",""NO"",""PL"",""PT"",""RO"",""SE"",""SI"",""SK""]","2024-11-23 00:00:00","The decision was taken pursuant to own-initiative investigations.",SOURCE_VOLUNTARY,,Yes,AUTOMATED_DECISION_FULLY,TikTok,7440371699259824928,"2024-11-23 07:22:17"
26adeaa2-0731-4789-a1b8-54ce51516d94,"[""DECISION_VISIBILITY_CONTENT_REMOVED""]",,,,,,,,,,,DECISION_GROUND_INCOMPATIBLE_CONTENT,,,,"Harassment and Bullying","We welcome the respectful expression of different viewpoints, but not toxicity or trolling. We do not allow language or behavior that harasses, humiliates, threatens, or doxes anyone. This also includes responding to such acts with retaliatory harassment (but excludes non-harassing counterspeech).We proactively enforce our Community Guidelines through a mix of technology and human moderation. We have detected this policy violation using automated measures. We have used automated measures in making this decision.",,STATEMENT_CATEGORY_ILLEGAL_OR_HARMFUL_SPEECH,,,,"[""CONTENT_TYPE_TEXT""]",,,"2024-11-23 00:00:00","[""AT"",""BE"",""BG"",""CY"",""CZ"",""DE"",""DK"",""EE"",""ES"",""FI"",""FR"",""GR"",""HR"",""HU"",""IE"",""IT"",""LI"",""LT"",""LU"",""LV"",""MT"",""NL"",""NO"",""PL"",""PT"",""RO"",""SE"",""SI"",""SK""]","2024-11-23 00:00:00","The decision was taken pursuant to own-initiative investigations.",SOURCE_VOLUNTARY,,Yes,AUTOMATED_DECISION_FULLY,TikTok,7440371699259841312,"2024-11-23 07:22:17"
886e9573-5d1c-4f22-ad94-ad4d543d7208,"[""DECISION_VISIBILITY_CONTENT_REMOVED""]",,,,,,,,,,,DECISION_GROUND_INCOMPATIBLE_CONTENT,,,,"Harassment and Bullying","We welcome the respectful expression of different viewpoints, but not toxicity or trolling. We do not allow language or behavior that harasses, humiliates, threatens, or doxes anyone. This also includes responding to such acts with retaliatory harassment (but excludes non-harassing counterspeech).We proactively enforce our Community Guidelines through a mix of technology and human moderation. We have detected this policy violation using automated measures. We have used automated measures in making this decision.",,STATEMENT_CATEGORY_ILLEGAL_OR_HARMFUL_SPEECH,,,,"[""CONTENT_TYPE_TEXT""]",,,"2024-11-23 00:00:00","[""AT"",""BE"",""BG"",""CY"",""CZ"",""DE"",""DK"",""EE"",""ES"",""FI"",""FR"",""GR"",""HR"",""HU"",""IE"",""IT"",""LI"",""LT"",""LU"",""LV"",""MT"",""NL"",""NO"",""PL"",""PT"",""RO"",""SE"",""SI"",""SK""]","2024-11-23 00:00:00","The decision was taken pursuant to own-initiative investigations.",SOURCE_VOLUNTARY,,Yes,AUTOMATED_DECISION_FULLY,TikTok,7440371699087891232,"2024-11-23 07:22:17"
3fd087eb-2c6d-46bb-932c-ca7f064f52dc,"[""DECISION_VISIBILITY_OTHER""]","Video not eligible for recommendation in the For You feed",,,,,,,,,,DECISION_GROUND_INCOMPATIBLE_CONTENT,,,,"Community Guidelines","We maintain content eligibility standards for the For You feed (FYF) that prioritize safety and are informed by the diversity of our community and cultural norms. We make ineligible for the FYF certain content that may not be appropriate for a broad audience related to: (1) Behavioral Health, (2) Sensitive and Mature Themes, (3) Integrity and Authenticity, and (4) Regulated Goods. Content that is ineligible for the FYF can still be discovered in other ways, such as through search tools or by following an account.We proactively enforce our Community Guidelines through a mix of technology and human moderation. We have detected this policy violation using automated measures. We have used automated measures in making this decision.",,STATEMENT_CATEGORY_SCOPE_OF_PLATFORM_SERVICE,,,,"[""CONTENT_TYPE_VIDEO""]",,,"2024-11-23 00:00:00","[""AT"",""BE"",""BG"",""CY"",""CZ"",""DE"",""DK"",""EE"",""ES"",""FI"",""FR"",""GR"",""HR"",""HU"",""IE"",""IT"",""LI"",""LT"",""LU"",""LV"",""MT"",""NL"",""NO"",""PL"",""PT"",""RO"",""SE"",""SI"",""SK""]","2024-11-23 00:00:00","The decision was taken pursuant to own-initiative investigations.",SOURCE_VOLUNTARY,,Yes,AUTOMATED_DECISION_FULLY,TikTok,7440371699259857696,"2024-11-23 07:22:17"
3531a662-4f34-4c7c-99a7-bcf21ce9b612,"[""DECISION_VISIBILITY_CONTENT_REMOVED""]",,,,,,,,,,,DECISION_GROUND_INCOMPATIBLE_CONTENT,,,,"Sexual Exploitation and Gender-Based Violence","We are committed to providing a space that embraces gender equity, supports healthy relationships, and respects intimate privacy. We do not allow sexual exploitation or gender-based violence, including non-consensual sexual acts, image-based sexual abuse, sextortion, physical abuse, and sexual harassment.We proactively enforce our Community Guidelines through a mix of technology and human moderation. We have detected this policy violation using automated measures. We have used automated measures in making this decision.",,STATEMENT_CATEGORY_VIOLENCE,,,,"[""CONTENT_TYPE_TEXT""]",,,"2024-11-23 00:00:00","[""AT"",""BE"",""BG"",""CY"",""CZ"",""DE"",""DK"",""EE"",""ES"",""FI"",""FR"",""GR"",""HR"",""HU"",""IE"",""IT"",""LI"",""LT"",""LU"",""LV"",""MT"",""NL"",""NO"",""PL"",""PT"",""RO"",""SE"",""SI"",""SK""]","2024-11-23 00:00:00","The decision was taken pursuant to own-initiative investigations.",SOURCE_VOLUNTARY,,Yes,AUTOMATED_DECISION_FULLY,TikTok,7440371699259874080,"2024-11-23 07:22:17"
552c5cdc-7ee0-4b79-913c-8289adccf7fa,"[""DECISION_VISIBILITY_CONTENT_REMOVED""]",,,,,,,,,,,DECISION_GROUND_INCOMPATIBLE_CONTENT,,,,"Harassment and Bullying","We welcome the respectful expression of different viewpoints, but not toxicity or trolling. We do not allow language or behavior that harasses, humiliates, threatens, or doxes anyone. This also includes responding to such acts with retaliatory harassment (but excludes non-harassing counterspeech).We proactively enforce our Community Guidelines through a mix of technology and human moderation. We have detected this policy violation using automated measures. We have used automated measures in making this decision.",,STATEMENT_CATEGORY_ILLEGAL_OR_HARMFUL_SPEECH,,,,"[""CONTENT_TYPE_TEXT""]",,,"2024-11-23 00:00:00","[""AT"",""BE"",""BG"",""CY"",""CZ"",""DE"",""DK"",""EE"",""ES"",""FI"",""FR"",""GR"",""HR"",""HU"",""IE"",""IT"",""LI"",""LT"",""LU"",""LV"",""MT"",""NL"",""NO"",""PL"",""PT"",""RO"",""SE"",""SI"",""SK""]","2024-11-23 00:00:00","The decision was taken pursuant to own-initiative investigations.",SOURCE_VOLUNTARY,,Yes,AUTOMATED_DECISION_FULLY,TikTok,7440371699259890464,"2024-11-23 07:22:17"
716728a3-c034-4435-b0a4-d062f0a9b058,"[""DECISION_VISIBILITY_CONTENT_REMOVED""]",,,,,,,,,,,DECISION_GROUND_INCOMPATIBLE_CONTENT,,,,"Community Guidelines","Your content is against our Community Guidelines. The guidelines include rules and standards for using TikTok that apply to everyone and everything on our platform.We proactively enforce our Community Guidelines through a mix of technology and human moderation. We have detected this policy violation using automated measures. We have used automated measures in making this decision.",,STATEMENT_CATEGORY_SCOPE_OF_PLATFORM_SERVICE,,,,"[""CONTENT_TYPE_IMAGE""]",,,"2024-11-02 00:00:00","[""AT"",""BE"",""BG"",""CY"",""CZ"",""DE"",""DK"",""EE"",""ES"",""FI"",""FR"",""GR"",""HR"",""HU"",""IE"",""IT"",""LI"",""LT"",""LU"",""LV"",""MT"",""NL"",""NO"",""PL"",""PT"",""RO"",""SE"",""SI"",""SK""]","2024-11-23 00:00:00","The decision was taken pursuant to own-initiative investigations.",SOURCE_VOLUNTARY,,Yes,AUTOMATED_DECISION_FULLY,TikTok,7440371699087907616,"2024-11-23 07:22:17"
24c94863-4f5c-456a-9bc8-7f4531bff3bb,"[""DECISION_VISIBILITY_OTHER""]","Video not eligible for recommendation in the For You feed",,,,,,,,,,DECISION_GROUND_INCOMPATIBLE_CONTENT,,,,"Nudity and Body Exposure","We celebrate all shapes and sizes and want people to feel comfortable in how they present themselves and their bodies. Content is ineligible for the For You feed and harder to find in search if it shows moderate body exposure of a young person, or significant body exposure of an adult. We allow regional exceptions for body exposure in limited situations, such as common cultural practices.We proactively enforce our Community Guidelines through a mix of technology and human moderation. We have detected this policy violation using automated measures. We have used automated measures in making this decision.",,STATEMENT_CATEGORY_SCOPE_OF_PLATFORM_SERVICE,,,,"[""CONTENT_TYPE_VIDEO""]",,,"2024-11-23 00:00:00","[""AT"",""BE"",""BG"",""CY"",""CZ"",""DE"",""DK"",""EE"",""ES"",""FI"",""FR"",""GR"",""HR"",""HU"",""IE"",""IT"",""LI"",""LT"",""LU"",""LV"",""MT"",""NL"",""NO"",""PL"",""PT"",""RO"",""SE"",""SI"",""SK""]","2024-11-23 00:00:00","The decision was taken pursuant to own-initiative investigations.",SOURCE_VOLUNTARY,,Yes,AUTOMATED_DECISION_FULLY,TikTok,7440371699087924000,"2024-11-23 07:22:17"
202c5952-2066-456e-9fb7-89b02d710fbf,"[""DECISION_VISIBILITY_CONTENT_REMOVED""]",,,,,,,,,,,DECISION_GROUND_INCOMPATIBLE_CONTENT,,,,"Community Guidelines","Your content is against our Community Guidelines. The guidelines include rules and standards for using TikTok that apply to everyone and everything on our platform.We proactively enforce our Community Guidelines through a mix of technology and human moderation. We have detected this policy violation using automated measures. We have used automated measures in making this decision.",,STATEMENT_CATEGORY_SCOPE_OF_PLATFORM_SERVICE,,,,"[""CONTENT_TYPE_IMAGE""]",,,"2024-10-19 00:00:00","[""AT"",""BE"",""BG"",""CY"",""CZ"",""DE"",""DK"",""EE"",""ES"",""FI"",""FR"",""GR"",""HR"",""HU"",""IE"",""IT"",""LI"",""LT"",""LU"",""LV"",""MT"",""NL"",""NO"",""PL"",""PT"",""RO"",""SE"",""SI"",""SK""]","2024-11-23 00:00:00","The decision was taken pursuant to own-initiative investigations.",SOURCE_VOLUNTARY,,Yes,AUTOMATED_DECISION_FULLY,TikTok,7440371699087940384,"2024-11-23 07:22:17"
5b979f12-6166-41e3-9b45-85891ae7e889,"[""DECISION_VISIBILITY_CONTENT_REMOVED""]",,,,,,,,,,,DECISION_GROUND_INCOMPATIBLE_CONTENT,,,,"Hate Speech and Hateful Behaviors","TikTok is enriched by the various backgrounds of our community members. Our differences should be respected, rather than a cause for division. We do not allow any hateful behavior, hate speech, or promotion of hateful ideologies. This includes content that attacks a person or group because of protected attributes.We proactively enforce our Community Guidelines through a mix of technology and human moderation. We have detected this policy violation using automated measures. We have used automated measures in making this decision.",,STATEMENT_CATEGORY_ILLEGAL_OR_HARMFUL_SPEECH,,,,"[""CONTENT_TYPE_TEXT""]",,,"2024-11-23 00:00:00","[""AT"",""BE"",""BG"",""CY"",""CZ"",""DE"",""DK"",""EE"",""ES"",""FI"",""FR"",""GR"",""HR"",""HU"",""IE"",""IT"",""LI"",""LT"",""LU"",""LV"",""MT"",""NL"",""NO"",""PL"",""PT"",""RO"",""SE"",""SI"",""SK""]","2024-11-23 00:00:00","The decision was taken pursuant to own-initiative investigations.",SOURCE_VOLUNTARY,,Yes,AUTOMATED_DECISION_FULLY,TikTok,7440371699259906848,"2024-11-23 07:22:17"
f8896ac9-7ae0-4d4f-a75f-0afad48da790,"[""DECISION_VISIBILITY_OTHER""]","Video not eligible for recommendation in the For You feed",,,,,,,,,,DECISION_GROUND_INCOMPATIBLE_CONTENT,,,,"Community Guidelines","We maintain content eligibility standards for the For You feed (FYF) that prioritize safety and are informed by the diversity of our community and cultural norms. We make ineligible for the FYF certain content that may not be appropriate for a broad audience related to: (1) Behavioral Health, (2) Sensitive and Mature Themes, (3) Integrity and Authenticity, and (4) Regulated Goods. Content that is ineligible for the FYF can still be discovered in other ways, such as through search tools or by following an account.We proactively enforce our Community Guidelines through a mix of technology and human moderation. We have detected this policy violation using automated measures. We have used automated measures in making this decision.",,STATEMENT_CATEGORY_SCOPE_OF_PLATFORM_SERVICE,,,,"[""CONTENT_TYPE_VIDEO""]",,,"2024-11-23 00:00:00","[""AT"",""BE"",""BG"",""CY"",""CZ"",""DE"",""DK"",""EE"",""ES"",""FI"",""FR"",""GR"",""HR"",""HU"",""IE"",""IT"",""LI"",""LT"",""LU"",""LV"",""MT"",""NL"",""NO"",""PL"",""PT"",""RO"",""SE"",""SI"",""SK""]","2024-11-23 00:00:00","The decision was taken pursuant to own-initiative investigations.",SOURCE_VOLUNTARY,,Yes,AUTOMATED_DECISION_FULLY,TikTok,7440371699087956768,"2024-11-23 07:22:17"
36b6f0e8-1e2b-4b25-86cd-4d9d189c69c6,"[""DECISION_VISIBILITY_CONTENT_REMOVED""]",,,,,,,,,,,DECISION_GROUND_INCOMPATIBLE_CONTENT,,,,"Harassment and Bullying","We welcome the respectful expression of different viewpoints, but not toxicity or trolling. We do not allow language or behavior that harasses, humiliates, threatens, or doxes anyone. This also includes responding to such acts with retaliatory harassment (but excludes non-harassing counterspeech).We proactively enforce our Community Guidelines through a mix of technology and human moderation. We have detected this policy violation using automated measures. We have used automated measures in making this decision.",,STATEMENT_CATEGORY_ILLEGAL_OR_HARMFUL_SPEECH,,,,"[""CONTENT_TYPE_TEXT""]",,,"2024-11-23 00:00:00","[""AT"",""BE"",""BG"",""CY"",""CZ"",""DE"",""DK"",""EE"",""ES"",""FI"",""FR"",""GR"",""HR"",""HU"",""IE"",""IT"",""LI"",""LT"",""LU"",""LV"",""MT"",""NL"",""NO"",""PL"",""PT"",""RO"",""SE"",""SI"",""SK""]","2024-11-23 00:00:00","The decision was taken pursuant to own-initiative investigations.",SOURCE_VOLUNTARY,,Yes,AUTOMATED_DECISION_FULLY,TikTok,7440371699259923232,"2024-11-23 07:22:17"
934e8a0f-ef37-4e76-a213-21c6efe02345,"[""DECISION_VISIBILITY_CONTENT_REMOVED""]",,,,,,,,,,,DECISION_GROUND_INCOMPATIBLE_CONTENT,,,,"Hate Speech and Hateful Behaviors","TikTok is enriched by the various backgrounds of our community members. Our differences should be respected, rather than a cause for division. We do not allow any hateful behavior, hate speech, or promotion of hateful ideologies. This includes content that attacks a person or group because of protected attributes.We proactively enforce our Community Guidelines through a mix of technology and human moderation. We have detected this policy violation using automated measures. We have used automated measures in making this decision.",,STATEMENT_CATEGORY_ILLEGAL_OR_HARMFUL_SPEECH,,,,"[""CONTENT_TYPE_TEXT""]",,,"2024-11-23 00:00:00","[""AT"",""BE"",""BG"",""CY"",""CZ"",""DE"",""DK"",""EE"",""ES"",""FI"",""FR"",""GR"",""HR"",""HU"",""IE"",""IT"",""LI"",""LT"",""LU"",""LV"",""MT"",""NL"",""NO"",""PL"",""PT"",""RO"",""SE"",""SI"",""SK""]","2024-11-23 00:00:00","The decision was taken pursuant to own-initiative investigations.",SOURCE_VOLUNTARY,,Yes,AUTOMATED_DECISION_FULLY,TikTok,7440371703244462880,"2024-11-23 07:22:18"
585d300d-bd15-48e3-9a64-e5e694d70f67,"[""DECISION_VISIBILITY_CONTENT_REMOVED""]",,,,,,,,,,,DECISION_GROUND_INCOMPATIBLE_CONTENT,,,,"Sexual Exploitation and Gender-Based Violence","We are committed to providing a space that embraces gender equity, supports healthy relationships, and respects intimate privacy. We do not allow sexual exploitation or gender-based violence, including non-consensual sexual acts, image-based sexual abuse, sextortion, physical abuse, and sexual harassment.We proactively enforce our Community Guidelines through a mix of technology and human moderation. We have detected this policy violation using automated measures. We have used automated measures in making this decision.",,STATEMENT_CATEGORY_VIOLENCE,,,,"[""CONTENT_TYPE_TEXT""]",,,"2024-11-23 00:00:00","[""AT"",""BE"",""BG"",""CY"",""CZ"",""DE"",""DK"",""EE"",""ES"",""FI"",""FR"",""GR"",""HR"",""HU"",""IE"",""IT"",""LI"",""LT"",""LU"",""LV"",""MT"",""NL"",""NO"",""PL"",""PT"",""RO"",""SE"",""SI"",""SK""]","2024-11-23 00:00:00","The decision was taken pursuant to own-initiative investigations.",SOURCE_VOLUNTARY,,Yes,AUTOMATED_DECISION_FULLY,TikTok,7440371703244479264,"2024-11-23 07:22:18"
aa95e531-7226-44e9-9d1c-34d89535ee17,"[""DECISION_VISIBILITY_CONTENT_REMOVED""]",,,,,,,,,,,DECISION_GROUND_INCOMPATIBLE_CONTENT,,,,"Harassment and Bullying","We welcome the respectful expression of different viewpoints, but not toxicity or trolling. We do not allow language or behavior that harasses, humiliates, threatens, or doxes anyone. This also includes responding to such acts with retaliatory harassment (but excludes non-harassing counterspeech).We proactively enforce our Community Guidelines through a mix of technology and human moderation. We have detected this policy violation using automated measures. We have used automated measures in making this decision.",,STATEMENT_CATEGORY_ILLEGAL_OR_HARMFUL_SPEECH,,,,"[""CONTENT_TYPE_TEXT""]",,,"2024-11-23 00:00:00","[""AT"",""BE"",""BG"",""CY"",""CZ"",""DE"",""DK"",""EE"",""ES"",""FI"",""FR"",""GR"",""HR"",""HU"",""IE"",""IT"",""LI"",""LT"",""LU"",""LV"",""MT"",""NL"",""NO"",""PL"",""PT"",""RO"",""SE"",""SI"",""SK""]","2024-11-23 00:00:00","The decision was taken pursuant to own-initiative investigations.",SOURCE_VOLUNTARY,,Yes,AUTOMATED_DECISION_FULLY,TikTok,7440371703684881184,"2024-11-23 07:22:18"
7d8f18d5-492e-49dd-b5a7-fa5002629d20,"[""DECISION_VISIBILITY_CONTENT_REMOVED""]",,,,,,,,,,,DECISION_GROUND_INCOMPATIBLE_CONTENT,,,,"Harassment and Bullying","We welcome the respectful expression of different viewpoints, but not toxicity or trolling. We do not allow language or behavior that harasses, humiliates, threatens, or doxes anyone. This also includes responding to such acts with retaliatory harassment (but excludes non-harassing counterspeech).We proactively enforce our Community Guidelines through a mix of technology and human moderation. We have detected this policy violation using automated measures. We have used automated measures in making this decision.",,STATEMENT_CATEGORY_ILLEGAL_OR_HARMFUL_SPEECH,,,,"[""CONTENT_TYPE_TEXT""]",,,"2024-11-23 00:00:00","[""AT"",""BE"",""BG"",""CY"",""CZ"",""DE"",""DK"",""EE"",""ES"",""FI"",""FR"",""GR"",""HR"",""HU"",""IE"",""IT"",""LI"",""LT"",""LU"",""LV"",""MT"",""NL"",""NO"",""PL"",""PT"",""RO"",""SE"",""SI"",""SK""]","2024-11-23 00:00:00","The decision was taken pursuant to own-initiative investigations.",SOURCE_VOLUNTARY,,Yes,AUTOMATED_DECISION_FULLY,TikTok,7440371703244495648,"2024-11-23 07:22:18"
fe2ff598-ed09-466f-8d11-12a03788ab0e,"[""DECISION_VISIBILITY_OTHER""]","Photo not eligible for recommendation in the For You feed, and visibility restricted in search results",,,,,,,,,,DECISION_GROUND_INCOMPATIBLE_CONTENT,,,,"Civic and Election Integrity","We want to enable the informed exchange of civic ideas in a way that fosters productive dialogue. Your video didn’t meet our eligibility standards for the For You Feed. Please review our Community Guidelines for more information.We proactively enforce our Community Guidelines through a mix of technology and human moderation. We have detected this policy violation using automated measures. We have used automated measures in making this decision.",,STATEMENT_CATEGORY_NEGATIVE_EFFECTS_ON_CIVIC_DISCOURSE_OR_ELECTIONS,,,,"[""CONTENT_TYPE_IMAGE""]",,,"2024-11-23 00:00:00","[""AT"",""BE"",""BG"",""CY"",""CZ"",""DE"",""DK"",""EE"",""ES"",""FI"",""FR"",""GR"",""HR"",""HU"",""IE"",""IT"",""LI"",""LT"",""LU"",""LV"",""MT"",""NL"",""NO"",""PL"",""PT"",""RO"",""SE"",""SI"",""SK""]","2024-11-23 00:00:00","The decision was taken pursuant to own-initiative investigations.",SOURCE_VOLUNTARY,,Yes,AUTOMATED_DECISION_FULLY,TikTok,7440371703244512032,"2024-11-23 07:22:18"
22257915-146a-4740-b035-518c951ee4a9,"[""DECISION_VISIBILITY_CONTENT_REMOVED""]",,,,,,,,,,,DECISION_GROUND_INCOMPATIBLE_CONTENT,,,,"Harassment and Bullying","We welcome the respectful expression of different viewpoints, but not toxicity or trolling. We do not allow language or behavior that harasses, humiliates, threatens, or doxes anyone. This also includes responding to such acts with retaliatory harassment (but excludes non-harassing counterspeech).We proactively enforce our Community Guidelines through a mix of technology and human moderation. We have detected this policy violation using automated measures. We have used automated measures in making this decision.",,STATEMENT_CATEGORY_ILLEGAL_OR_HARMFUL_SPEECH,,,,"[""CONTENT_TYPE_TEXT""]",,,"2024-11-23 00:00:00","[""AT"",""BE"",""BG"",""CY"",""CZ"",""DE"",""DK"",""EE"",""ES"",""FI"",""FR"",""GR"",""HR"",""HU"",""IE"",""IT"",""LI"",""LT"",""LU"",""LV"",""MT"",""NL"",""NO"",""PL"",""PT"",""RO"",""SE"",""SI"",""SK""]","2024-11-23 00:00:00","The decision was taken pursuant to own-initiative investigations.",SOURCE_VOLUNTARY,,Yes,AUTOMATED_DECISION_FULLY,TikTok,7440371703684897568,"2024-11-23 07:22:18"
e05bcf10-c643-4217-848a-cb7782351942,"[""DECISION_VISIBILITY_OTHER""]","Photo not eligible for recommendation in the For You feed",,,,,,,,,,DECISION_GROUND_INCOMPATIBLE_CONTENT,,,,"Dangerous Activities and Challenges","Most activities or challenges are appropriate for everyone, but some carry a risk of significant injury. Content is ineligible for the For You feed if it involves activities that are likely to lead to moderate physical harm, or includes professionals who are performing extreme sports and stunts that may endanger others.We proactively enforce our Community Guidelines through a mix of technology and human moderation. We have detected this policy violation using automated measures. We have used automated measures in making this decision.",,STATEMENT_CATEGORY_SCOPE_OF_PLATFORM_SERVICE,,,,"[""CONTENT_TYPE_IMAGE""]",,,"2024-11-23 00:00:00","[""AT"",""BE"",""BG"",""CY"",""CZ"",""DE"",""DK"",""EE"",""ES"",""FI"",""FR"",""GR"",""HR"",""HU"",""IE"",""IT"",""LI"",""LT"",""LU"",""LV"",""MT"",""NL"",""NO"",""PL"",""PT"",""RO"",""SE"",""SI"",""SK""]","2024-11-23 00:00:00","The decision was taken pursuant to own-initiative investigations.",SOURCE_VOLUNTARY,,Yes,AUTOMATED_DECISION_FULLY,TikTok,7440371703684913952,"2024-11-23 07:22:18"
d7899a69-7246-455c-b57a-51350b71d863,"[""DECISION_VISIBILITY_CONTENT_REMOVED""]",,,,,,,,,,,DECISION_GROUND_INCOMPATIBLE_CONTENT,,,,"Hate Speech and Hateful Behaviors","TikTok is enriched by the various backgrounds of our community members. Our differences should be respected, rather than a cause for division. We do not allow any hateful behavior, hate speech, or promotion of hateful ideologies. This includes content that attacks a person or group because of protected attributes.We proactively enforce our Community Guidelines through a mix of technology and human moderation. We have detected this policy violation using automated measures. We have used automated measures in making this decision.",,STATEMENT_CATEGORY_ILLEGAL_OR_HARMFUL_SPEECH,,,,"[""CONTENT_TYPE_TEXT""]",,,"2024-11-23 00:00:00","[""AT"",""BE"",""BG"",""CY"",""CZ"",""DE"",""DK"",""EE"",""ES"",""FI"",""FR"",""GR"",""HR"",""HU"",""IE"",""IT"",""LI"",""LT"",""LU"",""LV"",""MT"",""NL"",""NO"",""PL"",""PT"",""RO"",""SE"",""SI"",""SK""]","2024-11-23 00:00:00","The decision was taken pursuant to own-initiative investigations.",SOURCE_VOLUNTARY,,Yes,AUTOMATED_DECISION_FULLY,TikTok,7440371703244528416,"2024-11-23 07:22:18"
fab6788f-c655-4a11-86bc-4124ef86d8d0,"[""DECISION_VISIBILITY_CONTENT_REMOVED""]",,,,,,,,,,,DECISION_GROUND_INCOMPATIBLE_CONTENT,,,,"Hate Speech and Hateful Behaviors","TikTok is enriched by the various backgrounds of our community members. Our differences should be respected, rather than a cause for division. We do not allow any hateful behavior, hate speech, or promotion of hateful ideologies. This includes content that attacks a person or group because of protected attributes.We proactively enforce our Community Guidelines through a mix of technology and human moderation. We have detected this policy violation using automated measures. We have used automated measures in making this decision.",,STATEMENT_CATEGORY_ILLEGAL_OR_HARMFUL_SPEECH,,,,"[""CONTENT_TYPE_TEXT""]",,,"2024-11-23 00:00:00","[""AT"",""BE"",""BG"",""CY"",""CZ"",""DE"",""DK"",""EE"",""ES"",""FI"",""FR"",""GR"",""HR"",""HU"",""IE"",""IT"",""LI"",""LT"",""LU"",""LV"",""MT"",""NL"",""NO"",""PL"",""PT"",""RO"",""SE"",""SI"",""SK""]","2024-11-23 00:00:00","The decision was taken pursuant to own-initiative investigations.",SOURCE_VOLUNTARY,,Yes,AUTOMATED_DECISION_FULLY,TikTok,7440371703684930336,"2024-11-23 07:22:18"
c1d776a9-6ab2-4d30-879f-fd645b104e68,"[""DECISION_VISIBILITY_OTHER""]","Video not eligible for recommendation in the For You feed",,,,,,,,,,DECISION_GROUND_INCOMPATIBLE_CONTENT,,,,"Community Guidelines","We maintain content eligibility standards for the For You feed (FYF) that prioritize safety and are informed by the diversity of our community and cultural norms. We make ineligible for the FYF certain content that may not be appropriate for a broad audience related to: (1) Behavioral Health, (2) Sensitive and Mature Themes, (3) Integrity and Authenticity, and (4) Regulated Goods. Content that is ineligible for the FYF can still be discovered in other ways, such as through search tools or by following an account.We proactively enforce our Community Guidelines through a mix of technology and human moderation. We have detected this policy violation using automated measures. We have used automated measures in making this decision.",,STATEMENT_CATEGORY_SCOPE_OF_PLATFORM_SERVICE,,,,"[""CONTENT_TYPE_VIDEO""]",,,"2024-11-23 00:00:00","[""AT"",""BE"",""BG"",""CY"",""CZ"",""DE"",""DK"",""EE"",""ES"",""FI"",""FR"",""GR"",""HR"",""HU"",""IE"",""IT"",""LI"",""LT"",""LU"",""LV"",""MT"",""NL"",""NO"",""PL"",""PT"",""RO"",""SE"",""SI"",""SK""]","2024-11-23 00:00:00","The decision was taken pursuant to own-initiative investigations.",SOURCE_VOLUNTARY,,Yes,AUTOMATED_DECISION_FULLY,TikTok,7440371703244544800,"2024-11-23 07:22:18"
dca92304-0683-48b6-96f2-4029e5f437c0,"[""DECISION_VISIBILITY_CONTENT_REMOVED""]",,,,,,,,,,,DECISION_GROUND_INCOMPATIBLE_CONTENT,,,,"Sexual Exploitation and Gender-Based Violence","We are committed to providing a space that embraces gender equity, supports healthy relationships, and respects intimate privacy. We do not allow sexual exploitation or gender-based violence, including non-consensual sexual acts, image-based sexual abuse, sextortion, physical abuse, and sexual harassment.We proactively enforce our Community Guidelines through a mix of technology and human moderation. We have detected this policy violation using automated measures. We have used automated measures in making this decision.",,STATEMENT_CATEGORY_VIOLENCE,,,,"[""CONTENT_TYPE_TEXT""]",,,"2024-11-23 00:00:00","[""AT"",""BE"",""BG"",""CY"",""CZ"",""DE"",""DK"",""EE"",""ES"",""FI"",""FR"",""GR"",""HR"",""HU"",""IE"",""IT"",""LI"",""LT"",""LU"",""LV"",""MT"",""NL"",""NO"",""PL"",""PT"",""RO"",""SE"",""SI"",""SK""]","2024-11-23 00:00:00","The decision was taken pursuant to own-initiative investigations.",SOURCE_VOLUNTARY,,Yes,AUTOMATED_DECISION_FULLY,TikTok,7440371703684946720,"2024-11-23 07:22:18"
30f49476-7872-4b29-9d4f-3a9656792425,"[""DECISION_VISIBILITY_CONTENT_REMOVED""]",,,,,,,,,,,DECISION_GROUND_INCOMPATIBLE_CONTENT,,,,"Harassment and Bullying","We welcome the respectful expression of different viewpoints, but not toxicity or trolling. We do not allow language or behavior that harasses, humiliates, threatens, or doxes anyone. This also includes responding to such acts with retaliatory harassment (but excludes non-harassing counterspeech).We proactively enforce our Community Guidelines through a mix of technology and human moderation. We have detected this policy violation using automated measures. We have used automated measures in making this decision.",,STATEMENT_CATEGORY_ILLEGAL_OR_HARMFUL_SPEECH,,,,"[""CONTENT_TYPE_TEXT""]",,,"2024-11-23 00:00:00","[""AT"",""BE"",""BG"",""CY"",""CZ"",""DE"",""DK"",""EE"",""ES"",""FI"",""FR"",""GR"",""HR"",""HU"",""IE"",""IT"",""LI"",""LT"",""LU"",""LV"",""MT"",""NL"",""NO"",""PL"",""PT"",""RO"",""SE"",""SI"",""SK""]","2024-11-23 00:00:00","The decision was taken pursuant to own-initiative investigations.",SOURCE_VOLUNTARY,,Yes,AUTOMATED_DECISION_FULLY,TikTok,7440371709661682465,"2024-11-23 07:22:18"
ccfb6af8-0d5f-4641-a468-cb8e48c55d2e,"[""DECISION_VISIBILITY_CONTENT_REMOVED""]",,,,,,,,,,,DECISION_GROUND_INCOMPATIBLE_CONTENT,,,,"Harassment and Bullying","We welcome the respectful expression of different viewpoints, but not toxicity or trolling. We do not allow language or behavior that harasses, humiliates, threatens, or doxes anyone. This also includes responding to such acts with retaliatory harassment (but excludes non-harassing counterspeech).We proactively enforce our Community Guidelines through a mix of technology and human moderation. We have detected this policy violation using automated measures. We have used automated measures in making this decision.",,STATEMENT_CATEGORY_ILLEGAL_OR_HARMFUL_SPEECH,,,,"[""CONTENT_TYPE_TEXT""]",,,"2024-11-23 00:00:00","[""AT"",""BE"",""BG"",""CY"",""CZ"",""DE"",""DK"",""EE"",""ES"",""FI"",""FR"",""GR"",""HR"",""HU"",""IE"",""IT"",""LI"",""LT"",""LU"",""LV"",""MT"",""NL"",""NO"",""PL"",""PT"",""RO"",""SE"",""SI"",""SK""]","2024-11-23 00:00:00","The decision was taken pursuant to own-initiative investigations.",SOURCE_VOLUNTARY,,Yes,AUTOMATED_DECISION_FULLY,TikTok,7440371709816871713,"2024-11-23 07:22:18"
3f03088a-e4f9-4d53-bce2-6b8e53f158eb,"[""DECISION_VISIBILITY_CONTENT_AGE_RESTRICTED""]",,,,,,,,,,,DECISION_GROUND_INCOMPATIBLE_CONTENT,,,,"Alcohol, Tobacco, and Drugs","While adults make personal choices about how they engage with alcohol, drugs, and tobacco, we recognize that there are risks connected to trading and using these substances. Content is ineligible for the For You feed if it shows adults consuming excessive amounts of alcohol or tobacco products.We proactively enforce our Community Guidelines through a mix of technology and human moderation. We have detected this policy violation using automated measures.",,STATEMENT_CATEGORY_SCOPE_OF_PLATFORM_SERVICE,,,,"[""CONTENT_TYPE_VIDEO""]",,,"2024-10-29 00:00:00","[""AT"",""BE"",""BG"",""CY"",""CZ"",""DE"",""DK"",""EE"",""ES"",""FI"",""FR"",""GR"",""HR"",""HU"",""IE"",""IT"",""LI"",""LT"",""LU"",""LV"",""MT"",""NL"",""NO"",""PL"",""PT"",""RO"",""SE"",""SI"",""SK""]","2024-11-23 00:00:00","The decision was taken pursuant to own-initiative investigations.",SOURCE_VOLUNTARY,,Yes,AUTOMATED_DECISION_NOT_AUTOMATED,TikTok,7440371709661698849,"2024-11-23 07:22:18"
8dcc625f-77c3-4f19-b36d-738e3ef539b9,"[""DECISION_VISIBILITY_OTHER""]","Video not eligible for recommendation in the For You feed",,,,,,,,,,DECISION_GROUND_INCOMPATIBLE_CONTENT,,,,"Community Guidelines","We maintain content eligibility standards for the For You feed (FYF) that prioritize safety and are informed by the diversity of our community and cultural norms. We make ineligible for the FYF certain content that may not be appropriate for a broad audience related to: (1) Behavioral Health, (2) Sensitive and Mature Themes, (3) Integrity and Authenticity, and (4) Regulated Goods. Content that is ineligible for the FYF can still be discovered in other ways, such as through search tools or by following an account.We proactively enforce our Community Guidelines through a mix of technology and human moderation. We have detected this policy violation using automated measures. We have used automated measures in making this decision.",,STATEMENT_CATEGORY_SCOPE_OF_PLATFORM_SERVICE,,,,"[""CONTENT_TYPE_VIDEO""]",,,"2024-11-23 00:00:00","[""AT"",""BE"",""BG"",""CY"",""CZ"",""DE"",""DK"",""EE"",""ES"",""FI"",""FR"",""GR"",""HR"",""HU"",""IE"",""IT"",""LI"",""LT"",""LU"",""LV"",""MT"",""NL"",""NO"",""PL"",""PT"",""RO"",""SE"",""SI"",""SK""]","2024-11-23 00:00:00","The decision was taken pursuant to own-initiative investigations.",SOURCE_VOLUNTARY,,Yes,AUTOMATED_DECISION_FULLY,TikTok,7440371709661715233,"2024-11-23 07:22:18"
f9b308df-465e-4423-b8be-0b90ae6b9afd,"[""DECISION_VISIBILITY_CONTENT_REMOVED""]",,,,,,,,,,,DECISION_GROUND_INCOMPATIBLE_CONTENT,,,,"Community Guidelines","Your content is against our Community Guidelines. The guidelines include rules and standards for using TikTok that apply to everyone and everything on our platform.We proactively enforce our Community Guidelines through a mix of technology and human moderation. We have detected this policy violation using automated measures. We have used automated measures in making this decision.",,STATEMENT_CATEGORY_SCOPE_OF_PLATFORM_SERVICE,,,,"[""CONTENT_TYPE_IMAGE""]",,,"2024-10-17 00:00:00","[""AT"",""BE"",""BG"",""CY"",""CZ"",""DE"",""DK"",""EE"",""ES"",""FI"",""FR"",""GR"",""HR"",""HU"",""IE"",""IT"",""LI"",""LT"",""LU"",""LV"",""MT"",""NL"",""NO"",""PL"",""PT"",""RO"",""SE"",""SI"",""SK""]","2024-11-23 00:00:00","The decision was taken pursuant to own-initiative investigations.",SOURCE_VOLUNTARY,,Yes,AUTOMATED_DECISION_FULLY,TikTok,7440371709661731617,"2024-11-23 07:22:18"
a3e28a4c-d3bc-4bc6-8b18-af2a5d4ab817,"[""DECISION_VISIBILITY_OTHER""]","Video not eligible for recommendation in the For You feed",,,,,,,,,,DECISION_GROUND_INCOMPATIBLE_CONTENT,,,,"Community Guidelines","We maintain content eligibility standards for the For You feed (FYF) that prioritize safety and are informed by the diversity of our community and cultural norms. We make ineligible for the FYF certain content that may not be appropriate for a broad audience related to: (1) Behavioral Health, (2) Sensitive and Mature Themes, (3) Integrity and Authenticity, and (4) Regulated Goods. Content that is ineligible for the FYF can still be discovered in other ways, such as through search tools or by following an account.We proactively enforce our Community Guidelines through a mix of technology and human moderation. We have detected this policy violation using automated measures. We have used automated measures in making this decision.",,STATEMENT_CATEGORY_SCOPE_OF_PLATFORM_SERVICE,,,,"[""CONTENT_TYPE_VIDEO""]",,,"2024-11-23 00:00:00","[""AT"",""BE"",""BG"",""CY"",""CZ"",""DE"",""DK"",""EE"",""ES"",""FI"",""FR"",""GR"",""HR"",""HU"",""IE"",""IT"",""LI"",""LT"",""LU"",""LV"",""MT"",""NL"",""NO"",""PL"",""PT"",""RO"",""SE"",""SI"",""SK""]","2024-11-23 00:00:00","The decision was taken pursuant to own-initiative investigations.",SOURCE_VOLUNTARY,,Yes,AUTOMATED_DECISION_FULLY,TikTok,7440371709661748001,"2024-11-23 07:22:18"
ffc69b41-6f33-4349-91c4-2ef4ce26f63f,"[""DECISION_VISIBILITY_CONTENT_REMOVED""]",,,,,,,,,,,DECISION_GROUND_INCOMPATIBLE_CONTENT,,,,"Violent Behaviors and Criminal Activities","We recognize that online content related to violence can cause real-world harm. We do not allow any violent threats, incitement to violence, or promotion of criminal activities that may harm people, animals, or property. If there is a specific, credible, and imminent threat to human life or serious physical injury, we will report it to relevant law enforcement authorities.We proactively enforce our Community Guidelines through a mix of technology and human moderation. We have detected this policy violation using automated measures. We have used automated measures in making this decision.",,STATEMENT_CATEGORY_VIOLENCE,,,,"[""CONTENT_TYPE_TEXT""]",,,"2024-11-23 00:00:00","[""AT"",""BE"",""BG"",""CY"",""CZ"",""DE"",""DK"",""EE"",""ES"",""FI"",""FR"",""GR"",""HR"",""HU"",""IE"",""IT"",""LI"",""LT"",""LU"",""LV"",""MT"",""NL"",""NO"",""PL"",""PT"",""RO"",""SE"",""SI"",""SK""]","2024-11-23 00:00:00","The decision was taken pursuant to own-initiative investigations.",SOURCE_VOLUNTARY,,Yes,AUTOMATED_DECISION_FULLY,TikTok,7440371709816888097,"2024-11-23 07:22:18"
352a302c-83af-4438-b436-56415c47aa50,"[""DECISION_VISIBILITY_CONTENT_REMOVED""]",,,,,,,,,,,DECISION_GROUND_INCOMPATIBLE_CONTENT,,,,"Alcohol, Tobacco, and Drugs","While adults make personal choices about how they engage with alcohol, drugs, and tobacco, we recognize that there are risks connected to trading and using these substances. We do not allow showing or promoting recreational drug use, or the trade of alcohol, tobacco products, and drugs.We proactively enforce our Community Guidelines through a mix of technology and human moderation. We have detected this policy violation using automated measures.",,STATEMENT_CATEGORY_SCOPE_OF_PLATFORM_SERVICE,,,,"[""CONTENT_TYPE_VIDEO""]",,,"2024-10-06 00:00:00","[""AT"",""BE"",""BG"",""CY"",""CZ"",""DE"",""DK"",""EE"",""ES"",""FI"",""FR"",""GR"",""HR"",""HU"",""IE"",""IT"",""LI"",""LT"",""LU"",""LV"",""MT"",""NL"",""NO"",""PL"",""PT"",""RO"",""SE"",""SI"",""SK""]","2024-11-23 00:00:00","The decision was taken pursuant to own-initiative investigations.",SOURCE_VOLUNTARY,,Yes,AUTOMATED_DECISION_NOT_AUTOMATED,TikTok,7440371709816904481,"2024-11-23 07:22:18"
8ad6d4dc-5ccd-4f2f-84ca-fc06bbf0f333,"[""DECISION_VISIBILITY_CONTENT_REMOVED""]",,,,,,,,,,,DECISION_GROUND_INCOMPATIBLE_CONTENT,,,,"Spam and Deceptive Account Behaviors","To build a trusted community online, it is important that the behaviors and identities of accounts are authentic and truthful. We do not allow account behaviors that may spam or mislead our community. We will restrict the visibility of comments that contain excessive or irrelevant spam content. We proactively enforce our Community Guidelines through a mix of technology and human moderation. We have detected this policy violation using automated measures. We have used automated measures in making this decision.",,STATEMENT_CATEGORY_SCAMS_AND_FRAUD,,,,"[""CONTENT_TYPE_TEXT""]",,,"2024-11-23 00:00:00","[""AT"",""BE"",""BG"",""CY"",""CZ"",""DE"",""DK"",""EE"",""ES"",""FI"",""FR"",""GR"",""HR"",""HU"",""IE"",""IT"",""LI"",""LT"",""LU"",""LV"",""MT"",""NL"",""NO"",""PL"",""PT"",""RO"",""SE"",""SI"",""SK""]","2024-11-23 00:00:00","The decision was taken pursuant to own-initiative investigations.",SOURCE_VOLUNTARY,,Yes,AUTOMATED_DECISION_FULLY,TikTok,7440371709661764385,"2024-11-23 07:22:18"
8b41b7de-202c-4af4-8a17-ff9c17e767c2,"[""DECISION_VISIBILITY_OTHER""]","Video not eligible for recommendation in the For You feed",,,,,,,,,,DECISION_GROUND_INCOMPATIBLE_CONTENT,,,,"Community Guidelines","We maintain content eligibility standards for the For You feed (FYF) that prioritize safety and are informed by the diversity of our community and cultural norms. We make ineligible for the FYF certain content that may not be appropriate for a broad audience related to: (1) Behavioral Health, (2) Sensitive and Mature Themes, (3) Integrity and Authenticity, and (4) Regulated Goods. Content that is ineligible for the FYF can still be discovered in other ways, such as through search tools or by following an account.We proactively enforce our Community Guidelines through a mix of technology and human moderation. We have detected this policy violation using automated measures. We have used automated measures in making this decision.",,STATEMENT_CATEGORY_SCOPE_OF_PLATFORM_SERVICE,,,,"[""CONTENT_TYPE_VIDEO""]",,,"2024-11-23 00:00:00","[""AT"",""BE"",""BG"",""CY"",""CZ"",""DE"",""DK"",""EE"",""ES"",""FI"",""FR"",""GR"",""HR"",""HU"",""IE"",""IT"",""LI"",""LT"",""LU"",""LV"",""MT"",""NL"",""NO"",""PL"",""PT"",""RO"",""SE"",""SI"",""SK""]","2024-11-23 00:00:00","The decision was taken pursuant to own-initiative investigations.",SOURCE_VOLUNTARY,,Yes,AUTOMATED_DECISION_FULLY,TikTok,7440371622722263840,"2024-11-23 07:22:19"
658a5a03-47fc-4aa1-8388-ea2752cd738d,"[""DECISION_VISIBILITY_CONTENT_REMOVED""]",,,,,,,,,,,DECISION_GROUND_INCOMPATIBLE_CONTENT,,,,"Harassment and Bullying","We welcome the respectful expression of different viewpoints, but not toxicity or trolling. We do not allow language or behavior that harasses, humiliates, threatens, or doxes anyone. This also includes responding to such acts with retaliatory harassment (but excludes non-harassing counterspeech).We proactively enforce our Community Guidelines through a mix of technology and human moderation. We have detected this policy violation using automated measures. We have used automated measures in making this decision.",,STATEMENT_CATEGORY_ILLEGAL_OR_HARMFUL_SPEECH,,,,"[""CONTENT_TYPE_TEXT""]",,,"2024-11-23 00:00:00","[""AT"",""BE"",""BG"",""CY"",""CZ"",""DE"",""DK"",""EE"",""ES"",""FI"",""FR"",""GR"",""HR"",""HU"",""IE"",""IT"",""LI"",""LT"",""LU"",""LV"",""MT"",""NL"",""NO"",""PL"",""PT"",""RO"",""SE"",""SI"",""SK""]","2024-11-23 00:00:00","The decision was taken pursuant to own-initiative investigations.",SOURCE_VOLUNTARY,,Yes,AUTOMATED_DECISION_FULLY,TikTok,7440371621308799776,"2024-11-23 07:22:19"
3e29024a-d9c0-40de-b4a6-4b5900dc7440,"[""DECISION_VISIBILITY_CONTENT_REMOVED""]",,,,,,,,,,,DECISION_GROUND_INCOMPATIBLE_CONTENT,,,,"Harassment and Bullying","We welcome the respectful expression of different viewpoints, but not toxicity or trolling. We do not allow language or behavior that harasses, humiliates, threatens, or doxes anyone. This also includes responding to such acts with retaliatory harassment (but excludes non-harassing counterspeech).We proactively enforce our Community Guidelines through a mix of technology and human moderation. We have detected this policy violation using automated measures. We have used automated measures in making this decision.",,STATEMENT_CATEGORY_ILLEGAL_OR_HARMFUL_SPEECH,,,,"[""CONTENT_TYPE_TEXT""]",,,"2024-11-23 00:00:00","[""AT"",""BE"",""BG"",""CY"",""CZ"",""DE"",""DK"",""EE"",""ES"",""FI"",""FR"",""GR"",""HR"",""HU"",""IE"",""IT"",""LI"",""LT"",""LU"",""LV"",""MT"",""NL"",""NO"",""PL"",""PT"",""RO"",""SE"",""SI"",""SK""]","2024-11-23 00:00:00","The decision was taken pursuant to own-initiative investigations.",SOURCE_VOLUNTARY,,Yes,AUTOMATED_DECISION_FULLY,TikTok,7440371621308816160,"2024-11-23 07:22:19"
02d92316-00ed-4e02-86eb-b06f0414b5aa,"[""DECISION_VISIBILITY_CONTENT_REMOVED""]",,,,,,,,,,,DECISION_GROUND_INCOMPATIBLE_CONTENT,,,,"Harassment and Bullying","We welcome the respectful expression of different viewpoints, but not toxicity or trolling. We do not allow language or behavior that harasses, humiliates, threatens, or doxes anyone. This also includes responding to such acts with retaliatory harassment (but excludes non-harassing counterspeech).We proactively enforce our Community Guidelines through a mix of technology and human moderation. We have detected this policy violation using automated measures. We have used automated measures in making this decision.",,STATEMENT_CATEGORY_ILLEGAL_OR_HARMFUL_SPEECH,,,,"[""CONTENT_TYPE_TEXT""]",,,"2024-11-23 00:00:00","[""AT"",""BE"",""BG"",""CY"",""CZ"",""DE"",""DK"",""EE"",""ES"",""FI"",""FR"",""GR"",""HR"",""HU"",""IE"",""IT"",""LI"",""LT"",""LU"",""LV"",""MT"",""NL"",""NO"",""PL"",""PT"",""RO"",""SE"",""SI"",""SK""]","2024-11-23 00:00:00","The decision was taken pursuant to own-initiative investigations.",SOURCE_VOLUNTARY,,Yes,AUTOMATED_DECISION_FULLY,TikTok,7440371622722280224,"2024-11-23 07:22:19"
a15c5f83-36d7-48b1-9c1a-30fa41811a09,"[""DECISION_VISIBILITY_CONTENT_REMOVED""]",,,,,,,,,,,DECISION_GROUND_INCOMPATIBLE_CONTENT,,,,"Harassment and Bullying","We welcome the respectful expression of different viewpoints, but not toxicity or trolling. We do not allow language or behavior that harasses, humiliates, threatens, or doxes anyone. This also includes responding to such acts with retaliatory harassment (but excludes non-harassing counterspeech).We proactively enforce our Community Guidelines through a mix of technology and human moderation. We have detected this policy violation using automated measures. We have used automated measures in making this decision.",,STATEMENT_CATEGORY_ILLEGAL_OR_HARMFUL_SPEECH,,,,"[""CONTENT_TYPE_TEXT""]",,,"2024-11-23 00:00:00","[""AT"",""BE"",""BG"",""CY"",""CZ"",""DE"",""DK"",""EE"",""ES"",""FI"",""FR"",""GR"",""HR"",""HU"",""IE"",""IT"",""LI"",""LT"",""LU"",""LV"",""MT"",""NL"",""NO"",""PL"",""PT"",""RO"",""SE"",""SI"",""SK""]","2024-11-23 00:00:00","The decision was taken pursuant to own-initiative investigations.",SOURCE_VOLUNTARY,,Yes,AUTOMATED_DECISION_FULLY,TikTok,7440371625020627745,"2024-11-23 07:22:19"
ce328177-6119-45fd-b951-da3ddd74b75b,"[""DECISION_VISIBILITY_CONTENT_REMOVED""]",,,,,,,,,,,DECISION_GROUND_INCOMPATIBLE_CONTENT,,,,"Harassment and Bullying","We welcome the respectful expression of different viewpoints, but not toxicity or trolling. We do not allow language or behavior that harasses, humiliates, threatens, or doxes anyone. This also includes responding to such acts with retaliatory harassment (but excludes non-harassing counterspeech).We proactively enforce our Community Guidelines through a mix of technology and human moderation. We have detected this policy violation using automated measures. We have used automated measures in making this decision.",,STATEMENT_CATEGORY_ILLEGAL_OR_HARMFUL_SPEECH,,,,"[""CONTENT_TYPE_TEXT""]",,,"2024-11-23 00:00:00","[""AT"",""BE"",""BG"",""CY"",""CZ"",""DE"",""DK"",""EE"",""ES"",""FI"",""FR"",""GR"",""HR"",""HU"",""IE"",""IT"",""LI"",""LT"",""LU"",""LV"",""MT"",""NL"",""NO"",""PL"",""PT"",""RO"",""SE"",""SI"",""SK""]","2024-11-23 00:00:00","The decision was taken pursuant to own-initiative investigations.",SOURCE_VOLUNTARY,,Yes,AUTOMATED_DECISION_FULLY,TikTok,7440371625020644129,"2024-11-23 07:22:19"
bbaba864-8421-4032-bb37-1a4690a17e4f,"[""DECISION_VISIBILITY_OTHER""]","Video not eligible for recommendation in the For You feed",,,,,,,,,,DECISION_GROUND_INCOMPATIBLE_CONTENT,,,,"Alcohol, Tobacco, and Drugs","While adults make personal choices about how they engage with alcohol, drugs, and tobacco, we recognize that there are risks connected to trading and using these substances. Content is ineligible for the For You feed and harder to find in search if it shows adults consuming excessive amounts of alcohol or tobacco products.We proactively enforce our Community Guidelines through a mix of technology and human moderation. We have detected this policy violation using automated measures. We have used automated measures in making this decision.",,STATEMENT_CATEGORY_SCOPE_OF_PLATFORM_SERVICE,,,,"[""CONTENT_TYPE_VIDEO""]",,,"2024-11-23 00:00:00","[""AT"",""BE"",""BG"",""CY"",""CZ"",""DE"",""DK"",""EE"",""ES"",""FI"",""FR"",""GR"",""HR"",""HU"",""IE"",""IT"",""LI"",""LT"",""LU"",""LV"",""MT"",""NL"",""NO"",""PL"",""PT"",""RO"",""SE"",""SI"",""SK""]","2024-11-23 00:00:00","The decision was taken pursuant to own-initiative investigations.",SOURCE_VOLUNTARY,,Yes,AUTOMATED_DECISION_FULLY,TikTok,7440371622722296608,"2024-11-23 07:22:19"
e13eac46-26c8-4366-8aa2-c1d034fb97a1,"[""DECISION_VISIBILITY_OTHER""]","Video not eligible for recommendation in the For You feed",,,,,,,,,,DECISION_GROUND_INCOMPATIBLE_CONTENT,,,,"Community Guidelines","We maintain content eligibility standards for the For You feed (FYF) that prioritize safety and are informed by the diversity of our community and cultural norms. We make ineligible for the FYF certain content that may not be appropriate for a broad audience related to: (1) Behavioral Health, (2) Sensitive and Mature Themes, (3) Integrity and Authenticity, and (4) Regulated Goods. Content that is ineligible for the FYF can still be discovered in other ways, such as through search tools or by following an account.We proactively enforce our Community Guidelines through a mix of technology and human moderation. We have detected this policy violation using automated measures. We have used automated measures in making this decision.",,STATEMENT_CATEGORY_SCOPE_OF_PLATFORM_SERVICE,,,,"[""CONTENT_TYPE_VIDEO""]",,,"2024-11-23 00:00:00","[""AT"",""BE"",""BG"",""CY"",""CZ"",""DE"",""DK"",""EE"",""ES"",""FI"",""FR"",""GR"",""HR"",""HU"",""IE"",""IT"",""LI"",""LT"",""LU"",""LV"",""MT"",""NL"",""NO"",""PL"",""PT"",""RO"",""SE"",""SI"",""SK""]","2024-11-23 00:00:00","The decision was taken pursuant to own-initiative investigations.",SOURCE_VOLUNTARY,,Yes,AUTOMATED_DECISION_FULLY,TikTok,7440371626291501856,"2024-11-23 07:22:19"
c263c121-d3e0-4706-b83e-4ead83e6c0bb,"[""DECISION_VISIBILITY_CONTENT_REMOVED""]",,,,,,,,,,,DECISION_GROUND_INCOMPATIBLE_CONTENT,,,,"Harassment and Bullying","We welcome the respectful expression of different viewpoints, but not toxicity or trolling. We do not allow language or behavior that harasses, humiliates, threatens, or doxes anyone. This also includes responding to such acts with retaliatory harassment (but excludes non-harassing counterspeech).We proactively enforce our Community Guidelines through a mix of technology and human moderation. We have detected this policy violation using automated measures. We have used automated measures in making this decision.",,STATEMENT_CATEGORY_ILLEGAL_OR_HARMFUL_SPEECH,,,,"[""CONTENT_TYPE_TEXT""]",,,"2024-11-23 00:00:00","[""AT"",""BE"",""BG"",""CY"",""CZ"",""DE"",""DK"",""EE"",""ES"",""FI"",""FR"",""GR"",""HR"",""HU"",""IE"",""IT"",""LI"",""LT"",""LU"",""LV"",""MT"",""NL"",""NO"",""PL"",""PT"",""RO"",""SE"",""SI"",""SK""]","2024-11-23 00:00:00","The decision was taken pursuant to own-initiative investigations.",SOURCE_VOLUNTARY,,Yes,AUTOMATED_DECISION_FULLY,TikTok,7440371625020660513,"2024-11-23 07:22:19"
64fbbb9d-ac0c-4f85-91e4-ef331a59ca0e,"[""DECISION_VISIBILITY_OTHER""]","Video not eligible for recommendation in the For You feed",,,,,,,,,,DECISION_GROUND_INCOMPATIBLE_CONTENT,,,,"Alcohol, Tobacco, and Drugs","While adults make personal choices about how they engage with alcohol, drugs, and tobacco, we recognize that there are risks connected to trading and using these substances. Content is ineligible for the For You feed and harder to find in search if it shows adults consuming excessive amounts of alcohol or tobacco products.We proactively enforce our Community Guidelines through a mix of technology and human moderation. We have detected this policy violation using automated measures. We have used automated measures in making this decision.",,STATEMENT_CATEGORY_SCOPE_OF_PLATFORM_SERVICE,,,,"[""CONTENT_TYPE_VIDEO""]",,,"2024-11-23 00:00:00","[""AT"",""BE"",""BG"",""CY"",""CZ"",""DE"",""DK"",""EE"",""ES"",""FI"",""FR"",""GR"",""HR"",""HU"",""IE"",""IT"",""LI"",""LT"",""LU"",""LV"",""MT"",""NL"",""NO"",""PL"",""PT"",""RO"",""SE"",""SI"",""SK""]","2024-11-23 00:00:00","The decision was taken pursuant to own-initiative investigations.",SOURCE_VOLUNTARY,,Yes,AUTOMATED_DECISION_FULLY,TikTok,7440371626291518240,"2024-11-23 07:22:19"
9df35a07-e9cc-4116-af63-8bd8c7efd6f9,"[""DECISION_VISIBILITY_CONTENT_REMOVED""]",,,,,,,,,,,DECISION_GROUND_INCOMPATIBLE_CONTENT,,,,"Harassment and Bullying","We welcome the respectful expression of different viewpoints, but not toxicity or trolling. We do not allow language or behavior that harasses, humiliates, threatens, or doxes anyone. This also includes responding to such acts with retaliatory harassment (but excludes non-harassing counterspeech).We proactively enforce our Community Guidelines through a mix of technology and human moderation. We have detected this policy violation using automated measures. We have used automated measures in making this decision.",,STATEMENT_CATEGORY_ILLEGAL_OR_HARMFUL_SPEECH,,,,"[""CONTENT_TYPE_TEXT""]",,,"2024-11-23 00:00:00","[""AT"",""BE"",""BG"",""CY"",""CZ"",""DE"",""DK"",""EE"",""ES"",""FI"",""FR"",""GR"",""HR"",""HU"",""IE"",""IT"",""LI"",""LT"",""LU"",""LV"",""MT"",""NL"",""NO"",""PL"",""PT"",""RO"",""SE"",""SI"",""SK""]","2024-11-23 00:00:00","The decision was taken pursuant to own-initiative investigations.",SOURCE_VOLUNTARY,,Yes,AUTOMATED_DECISION_FULLY,TikTok,7440371625020676897,"2024-11-23 07:22:19"
693e8c1b-5495-4778-92a1-d25aa80dbfcd,"[""DECISION_VISIBILITY_OTHER""]","Video not eligible for recommendation in the For You feed",,,,,,,,,,DECISION_GROUND_INCOMPATIBLE_CONTENT,,,,"Community Guidelines","We maintain content eligibility standards for the For You feed (FYF) that prioritize safety and are informed by the diversity of our community and cultural norms. We make ineligible for the FYF certain content that may not be appropriate for a broad audience related to: (1) Behavioral Health, (2) Sensitive and Mature Themes, (3) Integrity and Authenticity, and (4) Regulated Goods. Content that is ineligible for the FYF can still be discovered in other ways, such as through search tools or by following an account.We proactively enforce our Community Guidelines through a mix of technology and human moderation. We have detected this policy violation using automated measures. We have used automated measures in making this decision.",,STATEMENT_CATEGORY_SCOPE_OF_PLATFORM_SERVICE,,,,"[""CONTENT_TYPE_VIDEO""]",,,"2024-11-23 00:00:00","[""AT"",""BE"",""BG"",""CY"",""CZ"",""DE"",""DK"",""EE"",""ES"",""FI"",""FR"",""GR"",""HR"",""HU"",""IE"",""IT"",""LI"",""LT"",""LU"",""LV"",""MT"",""NL"",""NO"",""PL"",""PT"",""RO"",""SE"",""SI"",""SK""]","2024-11-23 00:00:00","The decision was taken pursuant to own-initiative investigations.",SOURCE_VOLUNTARY,,Yes,AUTOMATED_DECISION_FULLY,TikTok,7440371625020693281,"2024-11-23 07:22:19"
c3f65aa2-b3fb-4ebd-863d-441de80696d9,"[""DECISION_VISIBILITY_CONTENT_REMOVED""]",,,,,,,,,,,DECISION_GROUND_INCOMPATIBLE_CONTENT,,,,"Harassment and Bullying","We welcome the respectful expression of different viewpoints, but not toxicity or trolling. We do not allow language or behavior that harasses, humiliates, threatens, or doxes anyone. This also includes responding to such acts with retaliatory harassment (but excludes non-harassing counterspeech).We proactively enforce our Community Guidelines through a mix of technology and human moderation. We have detected this policy violation using automated measures. We have used automated measures in making this decision.",,STATEMENT_CATEGORY_ILLEGAL_OR_HARMFUL_SPEECH,,,,"[""CONTENT_TYPE_TEXT""]",,,"2024-11-23 00:00:00","[""AT"",""BE"",""BG"",""CY"",""CZ"",""DE"",""DK"",""EE"",""ES"",""FI"",""FR"",""GR"",""HR"",""HU"",""IE"",""IT"",""LI"",""LT"",""LU"",""LV"",""MT"",""NL"",""NO"",""PL"",""PT"",""RO"",""SE"",""SI"",""SK""]","2024-11-23 00:00:00","The decision was taken pursuant to own-initiative investigations.",SOURCE_VOLUNTARY,,Yes,AUTOMATED_DECISION_FULLY,TikTok,7440371625020709665,"2024-11-23 07:22:19"
9edf6181-4413-49ad-96a7-815d94ea5237,"[""DECISION_VISIBILITY_OTHER""]","Photo not eligible for recommendation in the For You feed",,,,,,,,,,DECISION_GROUND_INCOMPATIBLE_CONTENT,,,,"Community Guidelines","Your content is against our Community Guidelines. The guidelines include rules and standards for using TikTok that apply to everyone and everything on our platform.",,STATEMENT_CATEGORY_NEGATIVE_EFFECTS_ON_CIVIC_DISCOURSE_OR_ELECTIONS,,,,"[""CONTENT_TYPE_IMAGE""]",,,"2024-11-23 00:00:00","[""AT"",""BE"",""BG"",""CY"",""CZ"",""DE"",""DK"",""EE"",""ES"",""FI"",""FR"",""GR"",""HR"",""HU"",""IE"",""IT"",""LI"",""LT"",""LU"",""LV"",""MT"",""NL"",""NO"",""PL"",""PT"",""RO"",""SE"",""SI"",""SK""]","2024-11-23 00:00:00","The decision was taken pursuant to own-initiative investigations.",SOURCE_VOLUNTARY,,Yes,AUTOMATED_DECISION_FULLY,TikTok,7440371626291534624,"2024-11-23 07:22:19"
308ed079-4f8d-47e7-a071-b401bc986556,"[""DECISION_VISIBILITY_OTHER""]","Video not eligible for recommendation in the For You feed",,,,,,,,,,DECISION_GROUND_INCOMPATIBLE_CONTENT,,,,"Community Guidelines","We maintain content eligibility standards for the For You feed (FYF) that prioritize safety and are informed by the diversity of our community and cultural norms. We make ineligible for the FYF certain content that may not be appropriate for a broad audience related to: (1) Behavioral Health, (2) Sensitive and Mature Themes, (3) Integrity and Authenticity, and (4) Regulated Goods. Content that is ineligible for the FYF can still be discovered in other ways, such as through search tools or by following an account.We proactively enforce our Community Guidelines through a mix of technology and human moderation. We have detected this policy violation using automated measures. We have used automated measures in making this decision.",,STATEMENT_CATEGORY_SCOPE_OF_PLATFORM_SERVICE,,,,"[""CONTENT_TYPE_VIDEO""]",,,"2024-11-23 00:00:00","[""AT"",""BE"",""BG"",""CY"",""CZ"",""DE"",""DK"",""EE"",""ES"",""FI"",""FR"",""GR"",""HR"",""HU"",""IE"",""IT"",""LI"",""LT"",""LU"",""LV"",""MT"",""NL"",""NO"",""PL"",""PT"",""RO"",""SE"",""SI"",""SK""]","2024-11-23 00:00:00","The decision was taken pursuant to own-initiative investigations.",SOURCE_VOLUNTARY,,Yes,AUTOMATED_DECISION_FULLY,TikTok,7440371625020726049,"2024-11-23 07:22:19"
01187ba5-6d51-4ba8-9c8d-5ac35e367667,"[""DECISION_VISIBILITY_CONTENT_REMOVED""]",,,,,,,,,,,DECISION_GROUND_INCOMPATIBLE_CONTENT,,,,"Harassment and Bullying","We welcome the respectful expression of different viewpoints, but not toxicity or trolling. We do not allow language or behavior that harasses, humiliates, threatens, or doxes anyone. This also includes responding to such acts with retaliatory harassment (but excludes non-harassing counterspeech).We proactively enforce our Community Guidelines through a mix of technology and human moderation. We have detected this policy violation using automated measures. We have used automated measures in making this decision.",,STATEMENT_CATEGORY_ILLEGAL_OR_HARMFUL_SPEECH,,,,"[""CONTENT_TYPE_TEXT""]",,,"2024-11-23 00:00:00","[""AT"",""BE"",""BG"",""CY"",""CZ"",""DE"",""DK"",""EE"",""ES"",""FI"",""FR"",""GR"",""HR"",""HU"",""IE"",""IT"",""LI"",""LT"",""LU"",""LV"",""MT"",""NL"",""NO"",""PL"",""PT"",""RO"",""SE"",""SI"",""SK""]","2024-11-23 00:00:00","The decision was taken pursuant to own-initiative investigations.",SOURCE_VOLUNTARY,,Yes,AUTOMATED_DECISION_FULLY,TikTok,7440371626291551008,"2024-11-23 07:22:19"
b277c78e-22a7-4956-99b3-ccb044741b75,"[""DECISION_VISIBILITY_OTHER""]","Video not eligible for recommendation in the For You feed",,,,,,,,,,DECISION_GROUND_INCOMPATIBLE_CONTENT,,,,"Alcohol, Tobacco, and Drugs","While adults make personal choices about how they engage with alcohol, drugs, and tobacco, we recognize that there are risks connected to trading and using these substances. Content is ineligible for the For You feed and harder to find in search if it shows adults consuming excessive amounts of alcohol or tobacco products.We proactively enforce our Community Guidelines through a mix of technology and human moderation. We have detected this policy violation using automated measures. We have used automated measures in making this decision.",,STATEMENT_CATEGORY_SCOPE_OF_PLATFORM_SERVICE,,,,"[""CONTENT_TYPE_VIDEO""]",,,"2024-11-23 00:00:00","[""AT"",""BE"",""BG"",""CY"",""CZ"",""DE"",""DK"",""EE"",""ES"",""FI"",""FR"",""GR"",""HR"",""HU"",""IE"",""IT"",""LI"",""LT"",""LU"",""LV"",""MT"",""NL"",""NO"",""PL"",""PT"",""RO"",""SE"",""SI"",""SK""]","2024-11-23 00:00:00","The decision was taken pursuant to own-initiative investigations.",SOURCE_VOLUNTARY,,Yes,AUTOMATED_DECISION_FULLY,TikTok,7440371625020742433,"2024-11-23 07:22:19"
646eb922-18bc-488a-bc53-18e73c11078a,"[""DECISION_VISIBILITY_OTHER""]","Video not eligible for recommendation in the For You feed",,,,,,,,,,DECISION_GROUND_INCOMPATIBLE_CONTENT,,,,"Community Guidelines","We maintain content eligibility standards for the For You feed (FYF) that prioritize safety and are informed by the diversity of our community and cultural norms. We make ineligible for the FYF certain content that may not be appropriate for a broad audience related to: (1) Behavioral Health, (2) Sensitive and Mature Themes, (3) Integrity and Authenticity, and (4) Regulated Goods. Content that is ineligible for the FYF can still be discovered in other ways, such as through search tools or by following an account.We proactively enforce our Community Guidelines through a mix of technology and human moderation. We have detected this policy violation using automated measures. We have used automated measures in making this decision.",,STATEMENT_CATEGORY_SCOPE_OF_PLATFORM_SERVICE,,,,"[""CONTENT_TYPE_VIDEO""]",,,"2024-11-23 00:00:00","[""AT"",""BE"",""BG"",""CY"",""CZ"",""DE"",""DK"",""EE"",""ES"",""FI"",""FR"",""GR"",""HR"",""HU"",""IE"",""IT"",""LI"",""LT"",""LU"",""LV"",""MT"",""NL"",""NO"",""PL"",""PT"",""RO"",""SE"",""SI"",""SK""]","2024-11-23 00:00:00","The decision was taken pursuant to own-initiative investigations.",SOURCE_VOLUNTARY,,Yes,AUTOMATED_DECISION_FULLY,TikTok,7440371626291567392,"2024-11-23 07:22:19"
37712ae9-f5ad-40c8-81af-238e280c7303,"[""DECISION_VISIBILITY_CONTENT_AGE_RESTRICTED""]",,,,,,,,,,,DECISION_GROUND_INCOMPATIBLE_CONTENT,,,,"Shocking and Graphic Content","Part of the joy of TikTok is coming across new and unexpected content. But the platform is not a space to intentionally shock, upset, or disgust others. Content is ineligible for the For You feed and harder to find in search if it shows fictional violence, blood, potentially distressing or mildly graphic material, animal genitalia or sexual activity between animals, or if it contains graphic footage of events that are in the public interest to view.We proactively enforce our Community Guidelines through a mix of technology and human moderation. We have detected this policy violation using automated measures.",,STATEMENT_CATEGORY_VIOLENCE,,,,"[""CONTENT_TYPE_VIDEO""]",,,"2024-11-23 00:00:00","[""AT"",""BE"",""BG"",""CY"",""CZ"",""DE"",""DK"",""EE"",""ES"",""FI"",""FR"",""GR"",""HR"",""HU"",""IE"",""IT"",""LI"",""LT"",""LU"",""LV"",""MT"",""NL"",""NO"",""PL"",""PT"",""RO"",""SE"",""SI"",""SK""]","2024-11-23 00:00:00","The decision was taken pursuant to own-initiative investigations.",SOURCE_VOLUNTARY,,Yes,AUTOMATED_DECISION_NOT_AUTOMATED,TikTok,7440371625020758817,"2024-11-23 07:22:19"
0990af00-9153-4250-877d-3feb335b11ef,"[""DECISION_VISIBILITY_CONTENT_REMOVED""]",,,,,,,,,,,DECISION_GROUND_INCOMPATIBLE_CONTENT,,,,"Harassment and Bullying","We welcome the respectful expression of different viewpoints, but not toxicity or trolling. We do not allow language or behavior that harasses, humiliates, threatens, or doxes anyone. This also includes responding to such acts with retaliatory harassment (but excludes non-harassing counterspeech).We proactively enforce our Community Guidelines through a mix of technology and human moderation. We have detected this policy violation using automated measures. We have used automated measures in making this decision.",,STATEMENT_CATEGORY_ILLEGAL_OR_HARMFUL_SPEECH,,,,"[""CONTENT_TYPE_TEXT""]",,,"2024-11-23 00:00:00","[""AT"",""BE"",""BG"",""CY"",""CZ"",""DE"",""DK"",""EE"",""ES"",""FI"",""FR"",""GR"",""HR"",""HU"",""IE"",""IT"",""LI"",""LT"",""LU"",""LV"",""MT"",""NL"",""NO"",""PL"",""PT"",""RO"",""SE"",""SI"",""SK""]","2024-11-23 00:00:00","The decision was taken pursuant to own-initiative investigations.",SOURCE_VOLUNTARY,,Yes,AUTOMATED_DECISION_FULLY,TikTok,7440371626291583776,"2024-11-23 07:22:19"
9e17524b-d50e-419c-966a-f77d7a127f36,"[""DECISION_VISIBILITY_CONTENT_REMOVED""]",,,,,,,,,,,DECISION_GROUND_INCOMPATIBLE_CONTENT,,,,"Harassment and Bullying","We welcome the respectful expression of different viewpoints, but not toxicity or trolling. We do not allow language or behavior that harasses, humiliates, threatens, or doxes anyone. This also includes responding to such acts with retaliatory harassment (but excludes non-harassing counterspeech).We proactively enforce our Community Guidelines through a mix of technology and human moderation. We have detected this policy violation using automated measures. We have used automated measures in making this decision.",,STATEMENT_CATEGORY_ILLEGAL_OR_HARMFUL_SPEECH,,,,"[""CONTENT_TYPE_TEXT""]",,,"2024-11-23 00:00:00","[""AT"",""BE"",""BG"",""CY"",""CZ"",""DE"",""DK"",""EE"",""ES"",""FI"",""FR"",""GR"",""HR"",""HU"",""IE"",""IT"",""LI"",""LT"",""LU"",""LV"",""MT"",""NL"",""NO"",""PL"",""PT"",""RO"",""SE"",""SI"",""SK""]","2024-11-23 00:00:00","The decision was taken pursuant to own-initiative investigations.",SOURCE_VOLUNTARY,,Yes,AUTOMATED_DECISION_FULLY,TikTok,7440371626291600160,"2024-11-23 07:22:19"
753ea5b1-ec5f-42af-9691-e101f9886a36,,,,,,,DECISION_PROVISION_PARTIAL_SUSPENSION,"2024-11-30 00:00:00",,,,DECISION_GROUND_INCOMPATIBLE_CONTENT,,,,"Discurso de odio o muestras de odio","TikTok se enriquece gracias a la diversa procedencia de los miembros de nuestra comunidad. Nuestras diferencias se deben respetar en lugar de ser motivo de división. No permitimos comportamientos de odio, el discurso de odio ni la promoción de ideologías de odio. Esto incluye contenido que ataca a las personas o grupos de individuos basándose en atributos protegidos. Consulta las {CG_link} para obtener más información.",,STATEMENT_CATEGORY_ILLEGAL_OR_HARMFUL_SPEECH,,,,"[""CONTENT_TYPE_VIDEO""]",,,"2024-11-23 00:00:00","[""AT"",""BE"",""BG"",""CY"",""CZ"",""DE"",""DK"",""EE"",""ES"",""FI"",""FR"",""GR"",""HR"",""HU"",""IE"",""IS"",""IT"",""LI"",""LT"",""LU"",""LV"",""MT"",""NL"",""NO"",""PL"",""PT"",""RO"",""SE"",""SI"",""SK""]","2024-11-23 00:00:00","The decision was taken in response to a report alleging a violation of our Community Guidelines.",SOURCE_TYPE_OTHER_NOTIFICATION,,No,AUTOMATED_DECISION_NOT_AUTOMATED,TikTok,7440371625020775201,"2024-11-23 07:22:19"
00c4a82b-28ee-45c0-b50c-135b7be8294c,"[""DECISION_VISIBILITY_CONTENT_REMOVED""]",,,,,,,,,,,DECISION_GROUND_INCOMPATIBLE_CONTENT,,,,"Harassment and Bullying","We welcome the respectful expression of different viewpoints, but not toxicity or trolling. We do not allow language or behavior that harasses, humiliates, threatens, or doxes anyone. This also includes responding to such acts with retaliatory harassment (but excludes non-harassing counterspeech).We proactively enforce our Community Guidelines through a mix of technology and human moderation. We have detected this policy violation using automated measures. We have used automated measures in making this decision.",,STATEMENT_CATEGORY_ILLEGAL_OR_HARMFUL_SPEECH,,,,"[""CONTENT_TYPE_TEXT""]",,,"2024-11-23 00:00:00","[""AT"",""BE"",""BG"",""CY"",""CZ"",""DE"",""DK"",""EE"",""ES"",""FI"",""FR"",""GR"",""HR"",""HU"",""IE"",""IT"",""LI"",""LT"",""LU"",""LV"",""MT"",""NL"",""NO"",""PL"",""PT"",""RO"",""SE"",""SI"",""SK""]","2024-11-23 00:00:00","The decision was taken pursuant to own-initiative investigations.",SOURCE_VOLUNTARY,,Yes,AUTOMATED_DECISION_FULLY,TikTok,7440371629684693792,"2024-11-23 07:22:19"
a3a69988-1fa6-4e7e-ae3f-0e377daa45c6,"[""DECISION_VISIBILITY_CONTENT_REMOVED""]",,,,,,,,,,,DECISION_GROUND_INCOMPATIBLE_CONTENT,,,,"Harassment and Bullying","We welcome the respectful expression of different viewpoints, but not toxicity or trolling. We do not allow language or behavior that harasses, humiliates, threatens, or doxes anyone. This also includes responding to such acts with retaliatory harassment (but excludes non-harassing counterspeech).We proactively enforce our Community Guidelines through a mix of technology and human moderation. We have detected this policy violation using automated measures. We have used automated measures in making this decision.",,STATEMENT_CATEGORY_ILLEGAL_OR_HARMFUL_SPEECH,,,,"[""CONTENT_TYPE_TEXT""]",,,"2024-11-23 00:00:00","[""AT"",""BE"",""BG"",""CY"",""CZ"",""DE"",""DK"",""EE"",""ES"",""FI"",""FR"",""GR"",""HR"",""HU"",""IE"",""IT"",""LI"",""LT"",""LU"",""LV"",""MT"",""NL"",""NO"",""PL"",""PT"",""RO"",""SE"",""SI"",""SK""]","2024-11-23 00:00:00","The decision was taken pursuant to own-initiative investigations.",SOURCE_VOLUNTARY,,Yes,AUTOMATED_DECISION_FULLY,TikTok,7440371629684710176,"2024-11-23 07:22:19"
d873ba4c-be79-442b-90b8-38e80704dc89,"[""DECISION_VISIBILITY_CONTENT_REMOVED""]",,,,,,,,,,,DECISION_GROUND_INCOMPATIBLE_CONTENT,,,,"Harassment and Bullying","We welcome the respectful expression of different viewpoints, but not toxicity or trolling. We do not allow language or behavior that harasses, humiliates, threatens, or doxes anyone. This also includes responding to such acts with retaliatory harassment (but excludes non-harassing counterspeech).We proactively enforce our Community Guidelines through a mix of technology and human moderation. We have detected this policy violation using automated measures. We have used automated measures in making this decision.",,STATEMENT_CATEGORY_ILLEGAL_OR_HARMFUL_SPEECH,,,,"[""CONTENT_TYPE_TEXT""]",,,"2024-11-23 00:00:00","[""AT"",""BE"",""BG"",""CY"",""CZ"",""DE"",""DK"",""EE"",""ES"",""FI"",""FR"",""GR"",""HR"",""HU"",""IE"",""IT"",""LI"",""LT"",""LU"",""LV"",""MT"",""NL"",""NO"",""PL"",""PT"",""RO"",""SE"",""SI"",""SK""]","2024-11-23 00:00:00","The decision was taken pursuant to own-initiative investigations.",SOURCE_VOLUNTARY,,Yes,AUTOMATED_DECISION_FULLY,TikTok,7440371626291616544,"2024-11-23 07:22:19"
2b787ae9-aec8-469d-8c13-725b10490dc0,"[""DECISION_VISIBILITY_CONTENT_REMOVED""]",,,,,,,,,,,DECISION_GROUND_INCOMPATIBLE_CONTENT,,,,"Harassment and Bullying","We welcome the respectful expression of different viewpoints, but not toxicity or trolling. We do not allow language or behavior that harasses, humiliates, threatens, or doxes anyone. This also includes responding to such acts with retaliatory harassment (but excludes non-harassing counterspeech).We proactively enforce our Community Guidelines through a mix of technology and human moderation. We have detected this policy violation using automated measures. We have used automated measures in making this decision.",,STATEMENT_CATEGORY_ILLEGAL_OR_HARMFUL_SPEECH,,,,"[""CONTENT_TYPE_TEXT""]",,,"2024-11-23 00:00:00","[""AT"",""BE"",""BG"",""CY"",""CZ"",""DE"",""DK"",""EE"",""ES"",""FI"",""FR"",""GR"",""HR"",""HU"",""IE"",""IT"",""LI"",""LT"",""LU"",""LV"",""MT"",""NL"",""NO"",""PL"",""PT"",""RO"",""SE"",""SI"",""SK""]","2024-11-23 00:00:00","The decision was taken pursuant to own-initiative investigations.",SOURCE_VOLUNTARY,,Yes,AUTOMATED_DECISION_FULLY,TikTok,7440371626291632928,"2024-11-23 07:22:19"
16fe4c6a-3d56-42ea-9a1e-4b21a3f0ff8b,"[""DECISION_VISIBILITY_CONTENT_REMOVED""]",,,,,,,,,,,DECISION_GROUND_INCOMPATIBLE_CONTENT,,,,"Dangerous Activities and Challenges","Most activities or challenges are appropriate for everyone, but some carry a risk of significant injury. We do not allow showing or promoting dangerous activities and challenges. This includes dares, games, tricks, inappropriate use of dangerous tools, eating substances that are harmful to one’s health, or similar activities that may lead to significant physical harm.We proactively enforce our Community Guidelines through a mix of technology and human moderation. We have detected this policy violation using automated measures. We have used automated measures in making this decision.",,STATEMENT_CATEGORY_SCOPE_OF_PLATFORM_SERVICE,,,,"[""CONTENT_TYPE_VIDEO""]",,,"2024-07-18 00:00:00","[""AT"",""BE"",""BG"",""CY"",""CZ"",""DE"",""DK"",""EE"",""ES"",""FI"",""FR"",""GR"",""HR"",""HU"",""IE"",""IT"",""LI"",""LT"",""LU"",""LV"",""MT"",""NL"",""NO"",""PL"",""PT"",""RO"",""SE"",""SI"",""SK""]","2024-11-23 00:00:00","The decision was taken pursuant to own-initiative investigations.",SOURCE_VOLUNTARY,,Yes,AUTOMATED_DECISION_FULLY,TikTok,7440371629684726560,"2024-11-23 07:22:19"
be16465a-31dd-4bfd-bd5b-ada7abba6f1d,"[""DECISION_VISIBILITY_CONTENT_REMOVED""]",,,,,,,,,,,DECISION_GROUND_INCOMPATIBLE_CONTENT,,,,"Discurso de odio o muestras de odio","TikTok se enriquece gracias a la diversa procedencia de los miembros de nuestra comunidad. Nuestras diferencias se deben respetar en lugar de ser motivo de división. No permitimos comportamientos de odio, el discurso de odio ni la promoción de ideologías de odio. Esto incluye contenido que ataca a las personas o grupos de individuos basándose en atributos protegidos. Consulta las {CG_link} para obtener más información.",,STATEMENT_CATEGORY_ILLEGAL_OR_HARMFUL_SPEECH,,,,"[""CONTENT_TYPE_VIDEO""]",,,"2024-11-23 00:00:00","[""AT"",""BE"",""BG"",""CY"",""CZ"",""DE"",""DK"",""EE"",""ES"",""FI"",""FR"",""GR"",""HR"",""HU"",""IE"",""IS"",""IT"",""LI"",""LT"",""LU"",""LV"",""MT"",""NL"",""NO"",""PL"",""PT"",""RO"",""SE"",""SI"",""SK""]","2024-11-23 00:00:00","The decision was taken in response to a report alleging a violation of our Community Guidelines.",SOURCE_TYPE_OTHER_NOTIFICATION,,No,AUTOMATED_DECISION_NOT_AUTOMATED,TikTok,7440371626291649312,"2024-11-23 07:22:19"
f3baffa6-0338-4a8a-83ce-6ee279debd30,"[""DECISION_VISIBILITY_CONTENT_REMOVED""]",,,,,,,,,,,DECISION_GROUND_INCOMPATIBLE_CONTENT,,,,"Harassment and Bullying","We welcome the respectful expression of different viewpoints, but not toxicity or trolling. We do not allow language or behavior that harasses, humiliates, threatens, or doxes anyone. This also includes responding to such acts with retaliatory harassment (but excludes non-harassing counterspeech).We proactively enforce our Community Guidelines through a mix of technology and human moderation. We have detected this policy violation using automated measures. We have used automated measures in making this decision.",,STATEMENT_CATEGORY_ILLEGAL_OR_HARMFUL_SPEECH,,,,"[""CONTENT_TYPE_TEXT""]",,,"2024-11-23 00:00:00","[""AT"",""BE"",""BG"",""CY"",""CZ"",""DE"",""DK"",""EE"",""ES"",""FI"",""FR"",""GR"",""HR"",""HU"",""IE"",""IT"",""LI"",""LT"",""LU"",""LV"",""MT"",""NL"",""NO"",""PL"",""PT"",""RO"",""SE"",""SI"",""SK""]","2024-11-23 00:00:00","The decision was taken pursuant to own-initiative investigations.",SOURCE_VOLUNTARY,,Yes,AUTOMATED_DECISION_FULLY,TikTok,7440371630305450784,"2024-11-23 07:22:19"
368a8ec2-b80d-40c2-bede-ca4c9ea46996,"[""DECISION_VISIBILITY_OTHER""]","Video not eligible for recommendation in the For You feed",,,,,,,,,,DECISION_GROUND_INCOMPATIBLE_CONTENT,,,,"Community Guidelines","We maintain content eligibility standards for the For You feed (FYF) that prioritize safety and are informed by the diversity of our community and cultural norms. We make ineligible for the FYF certain content that may not be appropriate for a broad audience related to: (1) Behavioral Health, (2) Sensitive and Mature Themes, (3) Integrity and Authenticity, and (4) Regulated Goods. Content that is ineligible for the FYF can still be discovered in other ways, such as through search tools or by following an account.We proactively enforce our Community Guidelines through a mix of technology and human moderation. We have detected this policy violation using automated measures. We have used automated measures in making this decision.",,STATEMENT_CATEGORY_SCOPE_OF_PLATFORM_SERVICE,,,,"[""CONTENT_TYPE_VIDEO""]",,,"2024-11-23 00:00:00","[""AT"",""BE"",""BG"",""CY"",""CZ"",""DE"",""DK"",""EE"",""ES"",""FI"",""FR"",""GR"",""HR"",""HU"",""IE"",""IT"",""LI"",""LT"",""LU"",""LV"",""MT"",""NL"",""NO"",""PL"",""PT"",""RO"",""SE"",""SI"",""SK""]","2024-11-23 00:00:00","The decision was taken pursuant to own-initiative investigations.",SOURCE_VOLUNTARY,,Yes,AUTOMATED_DECISION_FULLY,TikTok,7440371630305467168,"2024-11-23 07:22:19"
aed6eed5-9d60-476e-a49d-cb14b7462249,"[""DECISION_VISIBILITY_CONTENT_REMOVED""]",,,,,,,,,,,DECISION_GROUND_INCOMPATIBLE_CONTENT,,,,"Sexual Exploitation and Gender-Based Violence","We are committed to providing a space that embraces gender equity, supports healthy relationships, and respects intimate privacy. We do not allow sexual exploitation or gender-based violence, including non-consensual sexual acts, image-based sexual abuse, sextortion, physical abuse, and sexual harassment.We proactively enforce our Community Guidelines through a mix of technology and human moderation. We have detected this policy violation using automated measures. We have used automated measures in making this decision.",,STATEMENT_CATEGORY_VIOLENCE,,,,"[""CONTENT_TYPE_TEXT""]",,,"2024-11-23 00:00:00","[""AT"",""BE"",""BG"",""CY"",""CZ"",""DE"",""DK"",""EE"",""ES"",""FI"",""FR"",""GR"",""HR"",""HU"",""IE"",""IT"",""LI"",""LT"",""LU"",""LV"",""MT"",""NL"",""NO"",""PL"",""PT"",""RO"",""SE"",""SI"",""SK""]","2024-11-23 00:00:00","The decision was taken pursuant to own-initiative investigations.",SOURCE_VOLUNTARY,,Yes,AUTOMATED_DECISION_FULLY,TikTok,7440371629684742944,"2024-11-23 07:22:19"
0456f13e-47b7-4032-a347-1667da61da95,"[""DECISION_VISIBILITY_CONTENT_REMOVED""]",,,,,,,,,,,DECISION_GROUND_INCOMPATIBLE_CONTENT,,,,"Harassment and Bullying","We welcome the respectful expression of different viewpoints, but not toxicity or trolling. We do not allow language or behavior that harasses, humiliates, threatens, or doxes anyone. This also includes responding to such acts with retaliatory harassment (but excludes non-harassing counterspeech).We proactively enforce our Community Guidelines through a mix of technology and human moderation. We have detected this policy violation using automated measures. We have used automated measures in making this decision.",,STATEMENT_CATEGORY_ILLEGAL_OR_HARMFUL_SPEECH,,,,"[""CONTENT_TYPE_TEXT""]",,,"2024-11-23 00:00:00","[""AT"",""BE"",""BG"",""CY"",""CZ"",""DE"",""DK"",""EE"",""ES"",""FI"",""FR"",""GR"",""HR"",""HU"",""IE"",""IT"",""LI"",""LT"",""LU"",""LV"",""MT"",""NL"",""NO"",""PL"",""PT"",""RO"",""SE"",""SI"",""SK""]","2024-11-23 00:00:00","The decision was taken pursuant to own-initiative investigations.",SOURCE_VOLUNTARY,,Yes,AUTOMATED_DECISION_FULLY,TikTok,7440371630305483552,"2024-11-23 07:22:19"
b064c7aa-01ae-4c3a-9de5-9ff1b6c40d99,"[""DECISION_VISIBILITY_OTHER""]","Video not eligible for recommendation in the For You feed",,,,,,,,,,DECISION_GROUND_INCOMPATIBLE_CONTENT,,,,"Community Guidelines","We maintain content eligibility standards for the For You feed (FYF) that prioritize safety and are informed by the diversity of our community and cultural norms. We make ineligible for the FYF certain content that may not be appropriate for a broad audience related to: (1) Behavioral Health, (2) Sensitive and Mature Themes, (3) Integrity and Authenticity, and (4) Regulated Goods. Content that is ineligible for the FYF can still be discovered in other ways, such as through search tools or by following an account.We proactively enforce our Community Guidelines through a mix of technology and human moderation. We have detected this policy violation using automated measures. We have used automated measures in making this decision.",,STATEMENT_CATEGORY_SCOPE_OF_PLATFORM_SERVICE,,,,"[""CONTENT_TYPE_VIDEO""]",,,"2024-11-23 00:00:00","[""AT"",""BE"",""BG"",""CY"",""CZ"",""DE"",""DK"",""EE"",""ES"",""FI"",""FR"",""GR"",""HR"",""HU"",""IE"",""IT"",""LI"",""LT"",""LU"",""LV"",""MT"",""NL"",""NO"",""PL"",""PT"",""RO"",""SE"",""SI"",""SK""]","2024-11-23 00:00:00","The decision was taken pursuant to own-initiative investigations.",SOURCE_VOLUNTARY,,Yes,AUTOMATED_DECISION_FULLY,TikTok,7440371629684759328,"2024-11-23 07:22:19"
a743255d-158a-45a9-ab33-7f8919d9e6e6,"[""DECISION_VISIBILITY_CONTENT_REMOVED""]",,,,,,,,,,,DECISION_GROUND_INCOMPATIBLE_CONTENT,,,,"Harassment and Bullying","We welcome the respectful expression of different viewpoints, but not toxicity or trolling. We do not allow language or behavior that harasses, humiliates, threatens, or doxes anyone. This also includes responding to such acts with retaliatory harassment (but excludes non-harassing counterspeech).We proactively enforce our Community Guidelines through a mix of technology and human moderation. We have detected this policy violation using automated measures. We have used automated measures in making this decision.",,STATEMENT_CATEGORY_ILLEGAL_OR_HARMFUL_SPEECH,,,,"[""CONTENT_TYPE_TEXT""]",,,"2024-11-23 00:00:00","[""AT"",""BE"",""BG"",""CY"",""CZ"",""DE"",""DK"",""EE"",""ES"",""FI"",""FR"",""GR"",""HR"",""HU"",""IE"",""IT"",""LI"",""LT"",""LU"",""LV"",""MT"",""NL"",""NO"",""PL"",""PT"",""RO"",""SE"",""SI"",""SK""]","2024-11-23 00:00:00","The decision was taken pursuant to own-initiative investigations.",SOURCE_VOLUNTARY,,Yes,AUTOMATED_DECISION_FULLY,TikTok,7440371630305499936,"2024-11-23 07:22:19"
e16846a9-ce94-4173-b1c3-767e6adf9fed,"[""DECISION_VISIBILITY_CONTENT_REMOVED""]",,,,,,,,,,,DECISION_GROUND_INCOMPATIBLE_CONTENT,,,,"Hate Speech and Hateful Behaviors","TikTok is enriched by the various backgrounds of our community members. Our differences should be respected, rather than a cause for division. We do not allow any hateful behavior, hate speech, or promotion of hateful ideologies. This includes content that attacks a person or group because of protected attributes.We proactively enforce our Community Guidelines through a mix of technology and human moderation. We have detected this policy violation using automated measures. We have used automated measures in making this decision.",,STATEMENT_CATEGORY_ILLEGAL_OR_HARMFUL_SPEECH,,,,"[""CONTENT_TYPE_TEXT""]",,,"2024-11-23 00:00:00","[""AT"",""BE"",""BG"",""CY"",""CZ"",""DE"",""DK"",""EE"",""ES"",""FI"",""FR"",""GR"",""HR"",""HU"",""IE"",""IT"",""LI"",""LT"",""LU"",""LV"",""MT"",""NL"",""NO"",""PL"",""PT"",""RO"",""SE"",""SI"",""SK""]","2024-11-23 00:00:00","The decision was taken pursuant to own-initiative investigations.",SOURCE_VOLUNTARY,,Yes,AUTOMATED_DECISION_FULLY,TikTok,7440371629684775712,"2024-11-23 07:22:19"
09481b33-e613-4891-ab7e-4f09efe030f9,"[""DECISION_VISIBILITY_CONTENT_REMOVED""]",,,,,,,,,,,DECISION_GROUND_INCOMPATIBLE_CONTENT,,,,"Harassment and Bullying","We welcome the respectful expression of different viewpoints, but not toxicity or trolling. We do not allow language or behavior that harasses, humiliates, threatens, or doxes anyone. This also includes responding to such acts with retaliatory harassment (but excludes non-harassing counterspeech).We proactively enforce our Community Guidelines through a mix of technology and human moderation. We have detected this policy violation using automated measures. We have used automated measures in making this decision.",,STATEMENT_CATEGORY_ILLEGAL_OR_HARMFUL_SPEECH,,,,"[""CONTENT_TYPE_TEXT""]",,,"2024-11-23 00:00:00","[""AT"",""BE"",""BG"",""CY"",""CZ"",""DE"",""DK"",""EE"",""ES"",""FI"",""FR"",""GR"",""HR"",""HU"",""IE"",""IT"",""LI"",""LT"",""LU"",""LV"",""MT"",""NL"",""NO"",""PL"",""PT"",""RO"",""SE"",""SI"",""SK""]","2024-11-23 00:00:00","The decision was taken pursuant to own-initiative investigations.",SOURCE_VOLUNTARY,,Yes,AUTOMATED_DECISION_FULLY,TikTok,7440371629684792096,"2024-11-23 07:22:19"
5792f5bc-b1a8-4ab4-aa7a-3b1a9e9adc7f,"[""DECISION_VISIBILITY_OTHER""]","Video not eligible for recommendation in the For You feed",,,,,,,,,,DECISION_GROUND_INCOMPATIBLE_CONTENT,,,,"Community Guidelines","Your content is against our Community Guidelines. The guidelines include rules and standards for using TikTok that apply to everyone and everything on our platform.",,STATEMENT_CATEGORY_SCOPE_OF_PLATFORM_SERVICE,,,,"[""CONTENT_TYPE_VIDEO""]",,,"2024-11-23 00:00:00","[""AT"",""BE"",""BG"",""CY"",""CZ"",""DE"",""DK"",""EE"",""ES"",""FI"",""FR"",""GR"",""HR"",""HU"",""IE"",""IT"",""LI"",""LT"",""LU"",""LV"",""MT"",""NL"",""NO"",""PL"",""PT"",""RO"",""SE"",""SI"",""SK""]","2024-11-23 00:00:00","The decision was taken pursuant to own-initiative investigations.",SOURCE_VOLUNTARY,,Yes,AUTOMATED_DECISION_FULLY,TikTok,7440371630305516320,"2024-11-23 07:22:19"
c3c8d736-1556-4f35-baba-14339ce53bcd,"[""DECISION_VISIBILITY_CONTENT_REMOVED""]",,,,,,,,,,,DECISION_GROUND_INCOMPATIBLE_CONTENT,,,,"Hate Speech and Hateful Behaviors","TikTok is enriched by the various backgrounds of our community members. Our differences should be respected, rather than a cause for division. We do not allow any hateful behavior, hate speech, or promotion of hateful ideologies. This includes content that attacks a person or group because of protected attributes.We proactively enforce our Community Guidelines through a mix of technology and human moderation. We have detected this policy violation using automated measures. We have used automated measures in making this decision.",,STATEMENT_CATEGORY_ILLEGAL_OR_HARMFUL_SPEECH,,,,"[""CONTENT_TYPE_TEXT""]",,,"2024-11-23 00:00:00","[""AT"",""BE"",""BG"",""CY"",""CZ"",""DE"",""DK"",""EE"",""ES"",""FI"",""FR"",""GR"",""HR"",""HU"",""IE"",""IT"",""LI"",""LT"",""LU"",""LV"",""MT"",""NL"",""NO"",""PL"",""PT"",""RO"",""SE"",""SI"",""SK""]","2024-11-23 00:00:00","The decision was taken pursuant to own-initiative investigations.",SOURCE_VOLUNTARY,,Yes,AUTOMATED_DECISION_FULLY,TikTok,7440371629684808480,"2024-11-23 07:22:19"
328ecb0a-d16a-4284-9350-3e1438f10860,"[""DECISION_VISIBILITY_CONTENT_REMOVED""]",,,,,,,,,,,DECISION_GROUND_INCOMPATIBLE_CONTENT,,,,"Harassment and Bullying","We welcome the respectful expression of different viewpoints, but not toxicity or trolling. We do not allow language or behavior that harasses, humiliates, threatens, or doxes anyone. This also includes responding to such acts with retaliatory harassment (but excludes non-harassing counterspeech).We proactively enforce our Community Guidelines through a mix of technology and human moderation. We have detected this policy violation using automated measures. We have used automated measures in making this decision.",,STATEMENT_CATEGORY_ILLEGAL_OR_HARMFUL_SPEECH,,,,"[""CONTENT_TYPE_TEXT""]",,,"2024-11-23 00:00:00","[""AT"",""BE"",""BG"",""CY"",""CZ"",""DE"",""DK"",""EE"",""ES"",""FI"",""FR"",""GR"",""HR"",""HU"",""IE"",""IT"",""LI"",""LT"",""LU"",""LV"",""MT"",""NL"",""NO"",""PL"",""PT"",""RO"",""SE"",""SI"",""SK""]","2024-11-23 00:00:00","The decision was taken pursuant to own-initiative investigations.",SOURCE_VOLUNTARY,,Yes,AUTOMATED_DECISION_FULLY,TikTok,7440371630305532704,"2024-11-23 07:22:19"
93db002d-ecb8-418d-af99-e8c248cf769e,"[""DECISION_VISIBILITY_CONTENT_REMOVED""]",,,,,,,,,,,DECISION_GROUND_INCOMPATIBLE_CONTENT,,,,"Personal Information","We are committed to making sure that any personal information shared intentionally or accidentally on TikTok does not lead to harm. We do not allow content that includes personal information that may create a risk of stalking, violence, phishing, fraud, identity theft, or financial exploitation, including content that someone has posted themselves or that they consented to being shared by others.We proactively enforce our Community Guidelines through a mix of technology and human moderation. We have detected this policy violation using automated measures.",,STATEMENT_CATEGORY_DATA_PROTECTION_AND_PRIVACY_VIOLATIONS,,,,"[""CONTENT_TYPE_OTHER""]","Profile information",,"2024-11-23 00:00:00","[""AT"",""BE"",""BG"",""CY"",""CZ"",""DE"",""DK"",""EE"",""ES"",""FI"",""FR"",""GR"",""HR"",""HU"",""IE"",""IT"",""LI"",""LT"",""LU"",""LV"",""MT"",""NL"",""NO"",""PL"",""PT"",""RO"",""SE"",""SI"",""SK""]","2024-11-23 00:00:00","The decision was taken pursuant to own-initiative investigations.",SOURCE_VOLUNTARY,,Yes,AUTOMATED_DECISION_NOT_AUTOMATED,TikTok,7440371630305549088,"2024-11-23 07:22:19"
664abe82-86b9-4716-a58a-0ba94e79294d,"[""DECISION_VISIBILITY_CONTENT_REMOVED""]",,,,,,,,,,,DECISION_GROUND_INCOMPATIBLE_CONTENT,,,,"Hate Speech and Hateful Behaviors","TikTok is enriched by the various backgrounds of our community members. Our differences should be respected, rather than a cause for division. We do not allow any hateful behavior, hate speech, or promotion of hateful ideologies. This includes content that attacks a person or group because of protected attributes.We proactively enforce our Community Guidelines through a mix of technology and human moderation. We have detected this policy violation using automated measures. We have used automated measures in making this decision.",,STATEMENT_CATEGORY_ILLEGAL_OR_HARMFUL_SPEECH,,,,"[""CONTENT_TYPE_TEXT""]",,,"2024-11-23 00:00:00","[""AT"",""BE"",""BG"",""CY"",""CZ"",""DE"",""DK"",""EE"",""ES"",""FI"",""FR"",""GR"",""HR"",""HU"",""IE"",""IT"",""LI"",""LT"",""LU"",""LV"",""MT"",""NL"",""NO"",""PL"",""PT"",""RO"",""SE"",""SI"",""SK""]","2024-11-23 00:00:00","The decision was taken pursuant to own-initiative investigations.",SOURCE_VOLUNTARY,,Yes,AUTOMATED_DECISION_FULLY,TikTok,7440371630305565472,"2024-11-23 07:22:19"
aa585fbb-050b-4190-86d1-59944aaa95ad,"[""DECISION_VISIBILITY_CONTENT_REMOVED""]",,,,,,,,,,,DECISION_GROUND_INCOMPATIBLE_CONTENT,,,,"Harassment and Bullying","We welcome the respectful expression of different viewpoints, but not toxicity or trolling. We do not allow language or behavior that harasses, humiliates, threatens, or doxes anyone. This also includes responding to such acts with retaliatory harassment (but excludes non-harassing counterspeech).We proactively enforce our Community Guidelines through a mix of technology and human moderation. We have detected this policy violation using automated measures. We have used automated measures in making this decision.",,STATEMENT_CATEGORY_ILLEGAL_OR_HARMFUL_SPEECH,,,,"[""CONTENT_TYPE_TEXT""]",,,"2024-11-23 00:00:00","[""AT"",""BE"",""BG"",""CY"",""CZ"",""DE"",""DK"",""EE"",""ES"",""FI"",""FR"",""GR"",""HR"",""HU"",""IE"",""IT"",""LI"",""LT"",""LU"",""LV"",""MT"",""NL"",""NO"",""PL"",""PT"",""RO"",""SE"",""SI"",""SK""]","2024-11-23 00:00:00","The decision was taken pursuant to own-initiative investigations.",SOURCE_VOLUNTARY,,Yes,AUTOMATED_DECISION_FULLY,TikTok,7440371629684824864,"2024-11-23 07:22:19"
6ec09e65-c9a9-4efe-8a64-252593bfda3d,"[""DECISION_VISIBILITY_CONTENT_REMOVED""]",,,,,,,,,,,DECISION_GROUND_INCOMPATIBLE_CONTENT,,,,"Personal Information","We are committed to making sure that any personal information shared intentionally or accidentally on TikTok does not lead to harm. We do not allow content that includes personal information that may create a risk of stalking, violence, phishing, fraud, identity theft, or financial exploitation, including content that someone has posted themselves or that they consented to being shared by others.We proactively enforce our Community Guidelines through a mix of technology and human moderation. We have detected this policy violation using automated measures.",,STATEMENT_CATEGORY_DATA_PROTECTION_AND_PRIVACY_VIOLATIONS,,,,"[""CONTENT_TYPE_OTHER""]","Profile information",,"2024-11-23 00:00:00","[""AT"",""BE"",""BG"",""CY"",""CZ"",""DE"",""DK"",""EE"",""ES"",""FI"",""FR"",""GR"",""HR"",""HU"",""IE"",""IT"",""LI"",""LT"",""LU"",""LV"",""MT"",""NL"",""NO"",""PL"",""PT"",""RO"",""SE"",""SI"",""SK""]","2024-11-23 00:00:00","The decision was taken pursuant to own-initiative investigations.",SOURCE_VOLUNTARY,,Yes,AUTOMATED_DECISION_NOT_AUTOMATED,TikTok,7440371630305581856,"2024-11-23 07:22:19"
2d5036ed-6447-433b-80fb-7bd07f156115,"[""DECISION_VISIBILITY_OTHER""]","Video not eligible for recommendation in the For You feed",,,,,,,,,,DECISION_GROUND_INCOMPATIBLE_CONTENT,,,,"Community Guidelines","We maintain content eligibility standards for the For You feed (FYF) that prioritize safety and are informed by the diversity of our community and cultural norms. We make ineligible for the FYF certain content that may not be appropriate for a broad audience related to: (1) Behavioral Health, (2) Sensitive and Mature Themes, (3) Integrity and Authenticity, and (4) Regulated Goods. Content that is ineligible for the FYF can still be discovered in other ways, such as through search tools or by following an account.We proactively enforce our Community Guidelines through a mix of technology and human moderation. We have detected this policy violation using automated measures. We have used automated measures in making this decision.",,STATEMENT_CATEGORY_SCOPE_OF_PLATFORM_SERVICE,,,,"[""CONTENT_TYPE_VIDEO""]",,,"2024-11-23 00:00:00","[""AT"",""BE"",""BG"",""CY"",""CZ"",""DE"",""DK"",""EE"",""ES"",""FI"",""FR"",""GR"",""HR"",""HU"",""IE"",""IT"",""LI"",""LT"",""LU"",""LV"",""MT"",""NL"",""NO"",""PL"",""PT"",""RO"",""SE"",""SI"",""SK""]","2024-11-23 00:00:00","The decision was taken pursuant to own-initiative investigations.",SOURCE_VOLUNTARY,,Yes,AUTOMATED_DECISION_FULLY,TikTok,7440371630305598240,"2024-11-23 07:22:19"
0f99c029-b5d6-4a1b-b80b-1ab2c1ed86ef,"[""DECISION_VISIBILITY_CONTENT_REMOVED""]",,,,,,,,,,,DECISION_GROUND_INCOMPATIBLE_CONTENT,,,,"Harassment and Bullying","We welcome the respectful expression of different viewpoints, but not toxicity or trolling. We do not allow language or behavior that harasses, humiliates, threatens, or doxes anyone. This also includes responding to such acts with retaliatory harassment (but excludes non-harassing counterspeech).We proactively enforce our Community Guidelines through a mix of technology and human moderation. We have detected this policy violation using automated measures. We have used automated measures in making this decision.",,STATEMENT_CATEGORY_ILLEGAL_OR_HARMFUL_SPEECH,,,,"[""CONTENT_TYPE_TEXT""]",,,"2024-11-23 00:00:00","[""AT"",""BE"",""BG"",""CY"",""CZ"",""DE"",""DK"",""EE"",""ES"",""FI"",""FR"",""GR"",""HR"",""HU"",""IE"",""IT"",""LI"",""LT"",""LU"",""LV"",""MT"",""NL"",""NO"",""PL"",""PT"",""RO"",""SE"",""SI"",""SK""]","2024-11-23 00:00:00","The decision was taken pursuant to own-initiative investigations.",SOURCE_VOLUNTARY,,Yes,AUTOMATED_DECISION_FULLY,TikTok,7440371634143238945,"2024-11-23 07:22:19"
0b95139a-33ec-43e8-be09-55dc603ac77c,"[""DECISION_VISIBILITY_OTHER""]","Video not eligible for recommendation in the For You feed",,,,,,,,,,DECISION_GROUND_INCOMPATIBLE_CONTENT,,,,"Community Guidelines","We maintain content eligibility standards for the For You feed (FYF) that prioritize safety and are informed by the diversity of our community and cultural norms. We make ineligible for the FYF certain content that may not be appropriate for a broad audience related to: (1) Behavioral Health, (2) Sensitive and Mature Themes, (3) Integrity and Authenticity, and (4) Regulated Goods. Content that is ineligible for the FYF can still be discovered in other ways, such as through search tools or by following an account.We proactively enforce our Community Guidelines through a mix of technology and human moderation. We have detected this policy violation using automated measures. We have used automated measures in making this decision.",,STATEMENT_CATEGORY_SCOPE_OF_PLATFORM_SERVICE,,,,"[""CONTENT_TYPE_VIDEO""]",,,"2024-11-23 00:00:00","[""AT"",""BE"",""BG"",""CY"",""CZ"",""DE"",""DK"",""EE"",""ES"",""FI"",""FR"",""GR"",""HR"",""HU"",""IE"",""IT"",""LI"",""LT"",""LU"",""LV"",""MT"",""NL"",""NO"",""PL"",""PT"",""RO"",""SE"",""SI"",""SK""]","2024-11-23 00:00:00","The decision was taken pursuant to own-initiative investigations.",SOURCE_VOLUNTARY,,Yes,AUTOMATED_DECISION_FULLY,TikTok,7440371634810133280,"2024-11-23 07:22:19"
3cf83b34-21ee-46ce-aec6-94f009f1935d,"[""DECISION_VISIBILITY_OTHER""]","Video not eligible for recommendation in the For You feed",,,,,,,,,,DECISION_GROUND_INCOMPATIBLE_CONTENT,,,,"Community Guidelines","We maintain content eligibility standards for the For You feed (FYF) that prioritize safety and are informed by the diversity of our community and cultural norms. We make ineligible for the FYF certain content that may not be appropriate for a broad audience related to: (1) Behavioral Health, (2) Sensitive and Mature Themes, (3) Integrity and Authenticity, and (4) Regulated Goods. Content that is ineligible for the FYF can still be discovered in other ways, such as through search tools or by following an account.We proactively enforce our Community Guidelines through a mix of technology and human moderation. We have detected this policy violation using automated measures. We have used automated measures in making this decision.",,STATEMENT_CATEGORY_SCOPE_OF_PLATFORM_SERVICE,,,,"[""CONTENT_TYPE_VIDEO""]",,,"2024-11-23 00:00:00","[""AT"",""BE"",""BG"",""CY"",""CZ"",""DE"",""DK"",""EE"",""ES"",""FI"",""FR"",""GR"",""HR"",""HU"",""IE"",""IT"",""LI"",""LT"",""LU"",""LV"",""MT"",""NL"",""NO"",""PL"",""PT"",""RO"",""SE"",""SI"",""SK""]","2024-11-23 00:00:00","The decision was taken pursuant to own-initiative investigations.",SOURCE_VOLUNTARY,,Yes,AUTOMATED_DECISION_FULLY,TikTok,7440371634143255329,"2024-11-23 07:22:19"
38a10aaf-e11a-47f7-ac5f-bf4856aa2532,"[""DECISION_VISIBILITY_OTHER""]","Video not eligible for recommendation in the For You feed",,,,,,,,,,DECISION_GROUND_INCOMPATIBLE_CONTENT,,,,"Community Guidelines","We maintain content eligibility standards for the For You feed (FYF) that prioritize safety and are informed by the diversity of our community and cultural norms. We make ineligible for the FYF certain content that may not be appropriate for a broad audience related to: (1) Behavioral Health, (2) Sensitive and Mature Themes, (3) Integrity and Authenticity, and (4) Regulated Goods. Content that is ineligible for the FYF can still be discovered in other ways, such as through search tools or by following an account.We proactively enforce our Community Guidelines through a mix of technology and human moderation. We have detected this policy violation using automated measures. We have used automated measures in making this decision.",,STATEMENT_CATEGORY_SCOPE_OF_PLATFORM_SERVICE,,,,"[""CONTENT_TYPE_VIDEO""]",,,"2024-11-23 00:00:00","[""AT"",""BE"",""BG"",""CY"",""CZ"",""DE"",""DK"",""EE"",""ES"",""FI"",""FR"",""GR"",""HR"",""HU"",""IE"",""IT"",""LI"",""LT"",""LU"",""LV"",""MT"",""NL"",""NO"",""PL"",""PT"",""RO"",""SE"",""SI"",""SK""]","2024-11-23 00:00:00","The decision was taken pursuant to own-initiative investigations.",SOURCE_VOLUNTARY,,Yes,AUTOMATED_DECISION_FULLY,TikTok,7440371634143271713,"2024-11-23 07:22:19"
4f7448c1-30d9-49c8-8faa-9f777b659079,"[""DECISION_VISIBILITY_OTHER""]","Video not eligible for recommendation in the For You feed",,,,,,,,,,DECISION_GROUND_INCOMPATIBLE_CONTENT,,,,"Community Guidelines","Your content is against our Community Guidelines. The guidelines include rules and standards for using TikTok that apply to everyone and everything on our platform.",,STATEMENT_CATEGORY_SCOPE_OF_PLATFORM_SERVICE,,,,"[""CONTENT_TYPE_VIDEO""]",,,"2024-11-23 00:00:00","[""AT"",""BE"",""BG"",""CY"",""CZ"",""DE"",""DK"",""EE"",""ES"",""FI"",""FR"",""GR"",""HR"",""HU"",""IE"",""IT"",""LI"",""LT"",""LU"",""LV"",""MT"",""NL"",""NO"",""PL"",""PT"",""RO"",""SE"",""SI"",""SK""]","2024-11-23 00:00:00","The decision was taken pursuant to own-initiative investigations.",SOURCE_VOLUNTARY,,Yes,AUTOMATED_DECISION_FULLY,TikTok,7440371634143288097,"2024-11-23 07:22:19"
21bfa432-4e1c-484c-8ec3-ffb1119f5790,"[""DECISION_VISIBILITY_OTHER""]","Video not eligible for recommendation in the For You feed",,,,,,,,,,DECISION_GROUND_INCOMPATIBLE_CONTENT,,,,"Community Guidelines","We maintain content eligibility standards for the For You feed (FYF) that prioritize safety and are informed by the diversity of our community and cultural norms. We make ineligible for the FYF certain content that may not be appropriate for a broad audience related to: (1) Behavioral Health, (2) Sensitive and Mature Themes, (3) Integrity and Authenticity, and (4) Regulated Goods. Content that is ineligible for the FYF can still be discovered in other ways, such as through search tools or by following an account.We proactively enforce our Community Guidelines through a mix of technology and human moderation. We have detected this policy violation using automated measures. We have used automated measures in making this decision.",,STATEMENT_CATEGORY_SCOPE_OF_PLATFORM_SERVICE,,,,"[""CONTENT_TYPE_VIDEO""]",,,"2024-11-23 00:00:00","[""AT"",""BE"",""BG"",""CY"",""CZ"",""DE"",""DK"",""EE"",""ES"",""FI"",""FR"",""GR"",""HR"",""HU"",""IE"",""IT"",""LI"",""LT"",""LU"",""LV"",""MT"",""NL"",""NO"",""PL"",""PT"",""RO"",""SE"",""SI"",""SK""]","2024-11-23 00:00:00","The decision was taken pursuant to own-initiative investigations.",SOURCE_VOLUNTARY,,Yes,AUTOMATED_DECISION_FULLY,TikTok,7440371634143304481,"2024-11-23 07:22:19"
063d1399-5b25-4d05-8829-6fba0439b484,"[""DECISION_VISIBILITY_OTHER""]","Video not eligible for recommendation in the For You feed",,,,,,,,,,DECISION_GROUND_INCOMPATIBLE_CONTENT,,,,"Community Guidelines","We maintain content eligibility standards for the For You feed (FYF) that prioritize safety and are informed by the diversity of our community and cultural norms. We make ineligible for the FYF certain content that may not be appropriate for a broad audience related to: (1) Behavioral Health, (2) Sensitive and Mature Themes, (3) Integrity and Authenticity, and (4) Regulated Goods. Content that is ineligible for the FYF can still be discovered in other ways, such as through search tools or by following an account.We proactively enforce our Community Guidelines through a mix of technology and human moderation. We have detected this policy violation using automated measures. We have used automated measures in making this decision.",,STATEMENT_CATEGORY_SCOPE_OF_PLATFORM_SERVICE,,,,"[""CONTENT_TYPE_VIDEO""]",,,"2024-11-23 00:00:00","[""AT"",""BE"",""BG"",""CY"",""CZ"",""DE"",""DK"",""EE"",""ES"",""FI"",""FR"",""GR"",""HR"",""HU"",""IE"",""IT"",""LI"",""LT"",""LU"",""LV"",""MT"",""NL"",""NO"",""PL"",""PT"",""RO"",""SE"",""SI"",""SK""]","2024-11-23 00:00:00","The decision was taken pursuant to own-initiative investigations.",SOURCE_VOLUNTARY,,Yes,AUTOMATED_DECISION_FULLY,TikTok,7440371634143320865,"2024-11-23 07:22:19"
6bd9e88f-f7db-4898-93ef-26b6e32ee2e5,"[""DECISION_VISIBILITY_CONTENT_REMOVED""]",,,,,,,,,,,DECISION_GROUND_INCOMPATIBLE_CONTENT,,,,"Community Guidelines","Your content is against our Community Guidelines. The guidelines include rules and standards for using TikTok that apply to everyone and everything on our platform.We proactively enforce our Community Guidelines through a mix of technology and human moderation. We have detected this policy violation using automated measures. We have used automated measures in making this decision.",,STATEMENT_CATEGORY_SCOPE_OF_PLATFORM_SERVICE,,,,"[""CONTENT_TYPE_VIDEO""]",,,"2024-11-23 00:00:00","[""AT"",""BE"",""BG"",""CY"",""CZ"",""DE"",""DK"",""EE"",""ES"",""FI"",""FR"",""GR"",""HR"",""HU"",""IE"",""IT"",""LI"",""LT"",""LU"",""LV"",""MT"",""NL"",""NO"",""PL"",""PT"",""RO"",""SE"",""SI"",""SK""]","2024-11-23 00:00:00","The decision was taken pursuant to own-initiative investigations.",SOURCE_VOLUNTARY,,Yes,AUTOMATED_DECISION_FULLY,TikTok,7440371634810149664,"2024-11-23 07:22:19"
ef1bcc0c-bfd3-472e-96d9-797495941531,"[""DECISION_VISIBILITY_OTHER""]","Video not eligible for recommendation in the For You feed",,,,,,,,,,DECISION_GROUND_INCOMPATIBLE_CONTENT,,,,"Community Guidelines","We maintain content eligibility standards for the For You feed (FYF) that prioritize safety and are informed by the diversity of our community and cultural norms. We make ineligible for the FYF certain content that may not be appropriate for a broad audience related to: (1) Behavioral Health, (2) Sensitive and Mature Themes, (3) Integrity and Authenticity, and (4) Regulated Goods. Content that is ineligible for the FYF can still be discovered in other ways, such as through search tools or by following an account.We proactively enforce our Community Guidelines through a mix of technology and human moderation. We have detected this policy violation using automated measures. We have used automated measures in making this decision.",,STATEMENT_CATEGORY_SCOPE_OF_PLATFORM_SERVICE,,,,"[""CONTENT_TYPE_VIDEO""]",,,"2023-05-06 00:00:00","[""AT"",""BE"",""BG"",""CY"",""CZ"",""DE"",""DK"",""EE"",""ES"",""FI"",""FR"",""GR"",""HR"",""HU"",""IE"",""IT"",""LI"",""LT"",""LU"",""LV"",""MT"",""NL"",""NO"",""PL"",""PT"",""RO"",""SE"",""SI"",""SK""]","2024-11-23 00:00:00","The decision was taken pursuant to own-initiative investigations.",SOURCE_VOLUNTARY,,Yes,AUTOMATED_DECISION_FULLY,TikTok,7440371634810166048,"2024-11-23 07:22:19"
09b86a2e-1f4a-499d-9140-f94f2a73ab50,"[""DECISION_VISIBILITY_OTHER""]","LIVE not eligible for recommendation and restricted in search results","2024-11-23 00:00:00",,,,,,,,,DECISION_GROUND_INCOMPATIBLE_CONTENT,,,,"Go LIVE minimum age requirement","Your LIVE is not eligible for recommendation and restricted in search results, because you may be under the age of 18. This is in line with the For You feed eligibility standards under our Community Guidelines.",,STATEMENT_CATEGORY_PROTECTION_OF_MINORS,,,,"[""CONTENT_TYPE_VIDEO""]",,,"2024-11-22 00:00:00","[""AT"",""BE"",""BG"",""CY"",""CZ"",""DE"",""DK"",""EE"",""ES"",""FI"",""FR"",""GR"",""HR"",""HU"",""IE"",""IS"",""IT"",""LI"",""LT"",""LU"",""LV"",""MT"",""NL"",""NO"",""PL"",""PT"",""RO"",""SE"",""SI"",""SK""]","2024-11-23 00:00:00","The decision was taken pursuant to own-initiative investigations",SOURCE_VOLUNTARY,,Yes,AUTOMATED_DECISION_NOT_AUTOMATED,TikTok,7440371634810182432,"2024-11-23 07:22:19"
e033d02e-9bc1-465f-845e-e56f487ba5c3,"[""DECISION_VISIBILITY_CONTENT_REMOVED""]",,,,,,,,,,,DECISION_GROUND_INCOMPATIBLE_CONTENT,,,,"Harassment and Bullying","We welcome the respectful expression of different viewpoints, but not toxicity or trolling. We do not allow language or behavior that harasses, humiliates, threatens, or doxes anyone. This also includes responding to such acts with retaliatory harassment (but excludes non-harassing counterspeech).We proactively enforce our Community Guidelines through a mix of technology and human moderation. We have detected this policy violation using automated measures. We have used automated measures in making this decision.",,STATEMENT_CATEGORY_ILLEGAL_OR_HARMFUL_SPEECH,,,,"[""CONTENT_TYPE_TEXT""]",,,"2024-11-23 00:00:00","[""AT"",""BE"",""BG"",""CY"",""CZ"",""DE"",""DK"",""EE"",""ES"",""FI"",""FR"",""GR"",""HR"",""HU"",""IE"",""IT"",""LI"",""LT"",""LU"",""LV"",""MT"",""NL"",""NO"",""PL"",""PT"",""RO"",""SE"",""SI"",""SK""]","2024-11-23 00:00:00","The decision was taken pursuant to own-initiative investigations.",SOURCE_VOLUNTARY,,Yes,AUTOMATED_DECISION_FULLY,TikTok,7440371634810198816,"2024-11-23 07:22:19"
43f7ea9c-57eb-4db1-9617-ae94f43697a9,"[""DECISION_VISIBILITY_CONTENT_REMOVED""]",,,,,,,,,,,DECISION_GROUND_INCOMPATIBLE_CONTENT,,,,"Harassment and Bullying","We welcome the respectful expression of different viewpoints, but not toxicity or trolling. We do not allow language or behavior that harasses, humiliates, threatens, or doxes anyone. This also includes responding to such acts with retaliatory harassment (but excludes non-harassing counterspeech).We proactively enforce our Community Guidelines through a mix of technology and human moderation. We have detected this policy violation using automated measures. We have used automated measures in making this decision.",,STATEMENT_CATEGORY_ILLEGAL_OR_HARMFUL_SPEECH,,,,"[""CONTENT_TYPE_TEXT""]",,,"2024-11-23 00:00:00","[""AT"",""BE"",""BG"",""CY"",""CZ"",""DE"",""DK"",""EE"",""ES"",""FI"",""FR"",""GR"",""HR"",""HU"",""IE"",""IT"",""LI"",""LT"",""LU"",""LV"",""MT"",""NL"",""NO"",""PL"",""PT"",""RO"",""SE"",""SI"",""SK""]","2024-11-23 00:00:00","The decision was taken pursuant to own-initiative investigations.",SOURCE_VOLUNTARY,,Yes,AUTOMATED_DECISION_FULLY,TikTok,7440371634143337249,"2024-11-23 07:22:19"
1ec91f98-a83b-4822-817a-e2522b0db5ee,"[""DECISION_VISIBILITY_CONTENT_REMOVED""]",,,,,,,,,,,DECISION_GROUND_INCOMPATIBLE_CONTENT,,,,"Spam and Deceptive Account Behaviors","To build a trusted community online, it is important that the behaviors and identities of accounts are authentic and truthful. We do not allow account behaviors that may spam or mislead our community. We will restrict the visibility of comments that contain excessive or irrelevant spam content. We proactively enforce our Community Guidelines through a mix of technology and human moderation. We have detected this policy violation using automated measures. We have used automated measures in making this decision.",,STATEMENT_CATEGORY_SCAMS_AND_FRAUD,,,,"[""CONTENT_TYPE_TEXT""]",,,"2024-11-23 00:00:00","[""AT"",""BE"",""BG"",""CY"",""CZ"",""DE"",""DK"",""EE"",""ES"",""FI"",""FR"",""GR"",""HR"",""HU"",""IE"",""IT"",""LI"",""LT"",""LU"",""LV"",""MT"",""NL"",""NO"",""PL"",""PT"",""RO"",""SE"",""SI"",""SK""]","2024-11-23 00:00:00","The decision was taken pursuant to own-initiative investigations.",SOURCE_VOLUNTARY,,Yes,AUTOMATED_DECISION_FULLY,TikTok,7440371634143353633,"2024-11-23 07:22:19"
f17f27f6-ed1a-478b-bbe0-cd1f8333d138,"[""DECISION_VISIBILITY_CONTENT_REMOVED""]",,,,,,,,,,,DECISION_GROUND_INCOMPATIBLE_CONTENT,,,,"Harassment and Bullying","We welcome the respectful expression of different viewpoints, but not toxicity or trolling. We do not allow language or behavior that harasses, humiliates, threatens, or doxes anyone. This also includes responding to such acts with retaliatory harassment (but excludes non-harassing counterspeech).We proactively enforce our Community Guidelines through a mix of technology and human moderation. We have detected this policy violation using automated measures. We have used automated measures in making this decision.",,STATEMENT_CATEGORY_ILLEGAL_OR_HARMFUL_SPEECH,,,,"[""CONTENT_TYPE_TEXT""]",,,"2024-11-23 00:00:00","[""AT"",""BE"",""BG"",""CY"",""CZ"",""DE"",""DK"",""EE"",""ES"",""FI"",""FR"",""GR"",""HR"",""HU"",""IE"",""IT"",""LI"",""LT"",""LU"",""LV"",""MT"",""NL"",""NO"",""PL"",""PT"",""RO"",""SE"",""SI"",""SK""]","2024-11-23 00:00:00","The decision was taken pursuant to own-initiative investigations.",SOURCE_VOLUNTARY,,Yes,AUTOMATED_DECISION_FULLY,TikTok,7440371634143370017,"2024-11-23 07:22:19"
20bb7a6c-0c03-4810-8bc3-5e986f52b406,"[""DECISION_VISIBILITY_OTHER""]","Video not eligible for recommendation in the For You feed",,,,,,,,,,DECISION_GROUND_INCOMPATIBLE_CONTENT,,,,"Community Guidelines","We maintain content eligibility standards for the For You feed (FYF) that prioritize safety and are informed by the diversity of our community and cultural norms. We make ineligible for the FYF certain content that may not be appropriate for a broad audience related to: (1) Behavioral Health, (2) Sensitive and Mature Themes, (3) Integrity and Authenticity, and (4) Regulated Goods. Content that is ineligible for the FYF can still be discovered in other ways, such as through search tools or by following an account.We proactively enforce our Community Guidelines through a mix of technology and human moderation. We have detected this policy violation using automated measures. We have used automated measures in making this decision.",,STATEMENT_CATEGORY_SCOPE_OF_PLATFORM_SERVICE,,,,"[""CONTENT_TYPE_VIDEO""]",,,"2024-11-23 00:00:00","[""AT"",""BE"",""BG"",""CY"",""CZ"",""DE"",""DK"",""EE"",""ES"",""FI"",""FR"",""GR"",""HR"",""HU"",""IE"",""IT"",""LI"",""LT"",""LU"",""LV"",""MT"",""NL"",""NO"",""PL"",""PT"",""RO"",""SE"",""SI"",""SK""]","2024-11-23 00:00:00","The decision was taken pursuant to own-initiative investigations.",SOURCE_VOLUNTARY,,Yes,AUTOMATED_DECISION_FULLY,TikTok,7440371634143386401,"2024-11-23 07:22:19"
1e7952be-e943-4934-89a2-49f5cfa0ef1b,"[""DECISION_VISIBILITY_CONTENT_REMOVED""]",,,,,,,,,,,DECISION_GROUND_INCOMPATIBLE_CONTENT,,,,"Harassment and Bullying","We welcome the respectful expression of different viewpoints, but not toxicity or trolling. We do not allow language or behavior that harasses, humiliates, threatens, or doxes anyone. This also includes responding to such acts with retaliatory harassment (but excludes non-harassing counterspeech).We proactively enforce our Community Guidelines through a mix of technology and human moderation. We have detected this policy violation using automated measures. We have used automated measures in making this decision.",,STATEMENT_CATEGORY_ILLEGAL_OR_HARMFUL_SPEECH,,,,"[""CONTENT_TYPE_TEXT""]",,,"2024-11-23 00:00:00","[""AT"",""BE"",""BG"",""CY"",""CZ"",""DE"",""DK"",""EE"",""ES"",""FI"",""FR"",""GR"",""HR"",""HU"",""IE"",""IT"",""LI"",""LT"",""LU"",""LV"",""MT"",""NL"",""NO"",""PL"",""PT"",""RO"",""SE"",""SI"",""SK""]","2024-11-23 00:00:00","The decision was taken pursuant to own-initiative investigations.",SOURCE_VOLUNTARY,,Yes,AUTOMATED_DECISION_FULLY,TikTok,7440371638434011936,"2024-11-23 07:22:19"
7938e447-420d-412a-b069-f0f7d48a0b32,"[""DECISION_VISIBILITY_CONTENT_REMOVED""]",,,,,,,,,,,DECISION_GROUND_INCOMPATIBLE_CONTENT,,,,"Harassment and Bullying","We welcome the respectful expression of different viewpoints, but not toxicity or trolling. We do not allow language or behavior that harasses, humiliates, threatens, or doxes anyone. This also includes responding to such acts with retaliatory harassment (but excludes non-harassing counterspeech).We proactively enforce our Community Guidelines through a mix of technology and human moderation. We have detected this policy violation using automated measures. We have used automated measures in making this decision.",,STATEMENT_CATEGORY_ILLEGAL_OR_HARMFUL_SPEECH,,,,"[""CONTENT_TYPE_TEXT""]",,,"2024-11-23 00:00:00","[""AT"",""BE"",""BG"",""CY"",""CZ"",""DE"",""DK"",""EE"",""ES"",""FI"",""FR"",""GR"",""HR"",""HU"",""IE"",""IT"",""LI"",""LT"",""LU"",""LV"",""MT"",""NL"",""NO"",""PL"",""PT"",""RO"",""SE"",""SI"",""SK""]","2024-11-23 00:00:00","The decision was taken pursuant to own-initiative investigations.",SOURCE_VOLUNTARY,,Yes,AUTOMATED_DECISION_FULLY,TikTok,7440371634810215200,"2024-11-23 07:22:19"
8e97b512-683f-44ee-9e7e-ab0dbf570d18,"[""DECISION_VISIBILITY_OTHER""]","Video not eligible for recommendation in the For You feed",,,,,,,,,,DECISION_GROUND_INCOMPATIBLE_CONTENT,,,,"Sexually Suggestive Content","We are mindful that certain behaviors related to sexual arousal or suggestiveness may be offensive to some people and may put young people at risk of exploitation. Content is ineligible for the For You feed and harder to find in search if it shows sex products or intends to sexually arouse (such as intimate kissing, sexualized posing, and seductive performances or allusions to sexual activity by adults). We proactively enforce our Community Guidelines through a mix of technology and human moderation. We have detected this policy violation using automated measures. We have used automated measures in making this decision.",,STATEMENT_CATEGORY_SCOPE_OF_PLATFORM_SERVICE,,,,"[""CONTENT_TYPE_VIDEO""]",,,"2024-11-23 00:00:00","[""AT"",""BE"",""BG"",""CY"",""CZ"",""DE"",""DK"",""EE"",""ES"",""FI"",""FR"",""GR"",""HR"",""HU"",""IE"",""IT"",""LI"",""LT"",""LU"",""LV"",""MT"",""NL"",""NO"",""PL"",""PT"",""RO"",""SE"",""SI"",""SK""]","2024-11-23 00:00:00","The decision was taken pursuant to own-initiative investigations.",SOURCE_VOLUNTARY,,Yes,AUTOMATED_DECISION_FULLY,TikTok,7440371638434028320,"2024-11-23 07:22:19"
d3aa399b-502a-42a0-8de2-747ab40296ee,"[""DECISION_VISIBILITY_OTHER""]","Video not eligible for recommendation in the For You feed",,,,,,,,,,DECISION_GROUND_INCOMPATIBLE_CONTENT,,,,"Alcohol, Tobacco, and Drugs","While adults make personal choices about how they engage with alcohol, drugs, and tobacco, we recognize that there are risks connected to trading and using these substances. Content is ineligible for the For You feed and harder to find in search if it shows adults consuming excessive amounts of alcohol or tobacco products.We proactively enforce our Community Guidelines through a mix of technology and human moderation. We have detected this policy violation using automated measures. We have used automated measures in making this decision.",,STATEMENT_CATEGORY_SCOPE_OF_PLATFORM_SERVICE,,,,"[""CONTENT_TYPE_VIDEO""]",,,"2024-11-23 00:00:00","[""AT"",""BE"",""BG"",""CY"",""CZ"",""DE"",""DK"",""EE"",""ES"",""FI"",""FR"",""GR"",""HR"",""HU"",""IE"",""IT"",""LI"",""LT"",""LU"",""LV"",""MT"",""NL"",""NO"",""PL"",""PT"",""RO"",""SE"",""SI"",""SK""]","2024-11-23 00:00:00","The decision was taken pursuant to own-initiative investigations.",SOURCE_VOLUNTARY,,Yes,AUTOMATED_DECISION_FULLY,TikTok,7440371634810231584,"2024-11-23 07:22:19"
2448ab3d-1957-4cac-8505-b3e08705b646,"[""DECISION_VISIBILITY_CONTENT_REMOVED""]",,,,,,,,,,,DECISION_GROUND_INCOMPATIBLE_CONTENT,,,,"Harassment and Bullying","We welcome the respectful expression of different viewpoints, but not toxicity or trolling. We do not allow language or behavior that harasses, humiliates, threatens, or doxes anyone. This also includes responding to such acts with retaliatory harassment (but excludes non-harassing counterspeech).We proactively enforce our Community Guidelines through a mix of technology and human moderation. We have detected this policy violation using automated measures. We have used automated measures in making this decision.",,STATEMENT_CATEGORY_ILLEGAL_OR_HARMFUL_SPEECH,,,,"[""CONTENT_TYPE_TEXT""]",,,"2024-11-23 00:00:00","[""AT"",""BE"",""BG"",""CY"",""CZ"",""DE"",""DK"",""EE"",""ES"",""FI"",""FR"",""GR"",""HR"",""HU"",""IE"",""IT"",""LI"",""LT"",""LU"",""LV"",""MT"",""NL"",""NO"",""PL"",""PT"",""RO"",""SE"",""SI"",""SK""]","2024-11-23 00:00:00","The decision was taken pursuant to own-initiative investigations.",SOURCE_VOLUNTARY,,Yes,AUTOMATED_DECISION_FULLY,TikTok,7440371634810247968,"2024-11-23 07:22:19"
244a651c-c113-40e6-a7fc-097dba1f05de,"[""DECISION_VISIBILITY_OTHER""]","Video not eligible for recommendation in the For You feed",,,,,,,,,,DECISION_GROUND_INCOMPATIBLE_CONTENT,,,,"Community Guidelines","We maintain content eligibility standards for the For You feed (FYF) that prioritize safety and are informed by the diversity of our community and cultural norms. We make ineligible for the FYF certain content that may not be appropriate for a broad audience related to: (1) Behavioral Health, (2) Sensitive and Mature Themes, (3) Integrity and Authenticity, and (4) Regulated Goods. Content that is ineligible for the FYF can still be discovered in other ways, such as through search tools or by following an account.We proactively enforce our Community Guidelines through a mix of technology and human moderation. We have detected this policy violation using automated measures. We have used automated measures in making this decision.",,STATEMENT_CATEGORY_SCOPE_OF_PLATFORM_SERVICE,,,,"[""CONTENT_TYPE_VIDEO""]",,,"2024-11-23 00:00:00","[""AT"",""BE"",""BG"",""CY"",""CZ"",""DE"",""DK"",""EE"",""ES"",""FI"",""FR"",""GR"",""HR"",""HU"",""IE"",""IT"",""LI"",""LT"",""LU"",""LV"",""MT"",""NL"",""NO"",""PL"",""PT"",""RO"",""SE"",""SI"",""SK""]","2024-11-23 00:00:00","The decision was taken pursuant to own-initiative investigations.",SOURCE_VOLUNTARY,,Yes,AUTOMATED_DECISION_FULLY,TikTok,7440371638434044704,"2024-11-23 07:22:19"
5afdbc0c-0de6-4460-adab-7ca8833e0222,"[""DECISION_VISIBILITY_OTHER""]","Photo not eligible for recommendation in the For You feed, and visibility restricted in search results",,,,,,,,,,DECISION_GROUND_INCOMPATIBLE_CONTENT,,,,"Community Guidelines","We maintain content eligibility standards for the For You feed (FYF) that prioritize safety and are informed by the diversity of our community and cultural norms. We make ineligible for the FYF certain content that may not be appropriate for a broad audience related to: (1) Behavioral Health, (2) Sensitive and Mature Themes, (3) Integrity and Authenticity, and (4) Regulated Goods. Content that is ineligible for the FYF can still be discovered in other ways, such as through search tools or by following an account.We proactively enforce our Community Guidelines through a mix of technology and human moderation. We have detected this policy violation using automated measures. We have used automated measures in making this decision.",,STATEMENT_CATEGORY_SCOPE_OF_PLATFORM_SERVICE,,,,"[""CONTENT_TYPE_IMAGE""]",,,"2024-11-23 00:00:00","[""AT"",""BE"",""BG"",""CY"",""CZ"",""DE"",""DK"",""EE"",""ES"",""FI"",""FR"",""GR"",""HR"",""HU"",""IE"",""IT"",""LI"",""LT"",""LU"",""LV"",""MT"",""NL"",""NO"",""PL"",""PT"",""RO"",""SE"",""SI"",""SK""]","2024-11-23 00:00:00","The decision was taken pursuant to own-initiative investigations.",SOURCE_VOLUNTARY,,Yes,AUTOMATED_DECISION_FULLY,TikTok,7440371634810264352,"2024-11-23 07:22:19"
838b1a3f-6728-481e-a596-eede55b1095a,"[""DECISION_VISIBILITY_OTHER""]","Video not eligible for recommendation in the For You feed",,,,,,,,,,DECISION_GROUND_INCOMPATIBLE_CONTENT,,,,"Community Guidelines","We maintain content eligibility standards for the For You feed (FYF) that prioritize safety and are informed by the diversity of our community and cultural norms. We make ineligible for the FYF certain content that may not be appropriate for a broad audience related to: (1) Behavioral Health, (2) Sensitive and Mature Themes, (3) Integrity and Authenticity, and (4) Regulated Goods. Content that is ineligible for the FYF can still be discovered in other ways, such as through search tools or by following an account.We proactively enforce our Community Guidelines through a mix of technology and human moderation. We have detected this policy violation using automated measures. We have used automated measures in making this decision.",,STATEMENT_CATEGORY_SCOPE_OF_PLATFORM_SERVICE,,,,"[""CONTENT_TYPE_VIDEO""]",,,"2024-11-23 00:00:00","[""AT"",""BE"",""BG"",""CY"",""CZ"",""DE"",""DK"",""EE"",""ES"",""FI"",""FR"",""GR"",""HR"",""HU"",""IE"",""IT"",""LI"",""LT"",""LU"",""LV"",""MT"",""NL"",""NO"",""PL"",""PT"",""RO"",""SE"",""SI"",""SK""]","2024-11-23 00:00:00","The decision was taken pursuant to own-initiative investigations.",SOURCE_VOLUNTARY,,Yes,AUTOMATED_DECISION_FULLY,TikTok,7440371638434061088,"2024-11-23 07:22:19"
f71cc88e-7d12-4461-8f89-019490c34694,"[""DECISION_VISIBILITY_OTHER""]","Video not eligible for recommendation in the For You feed",,,,,,,,,,DECISION_GROUND_INCOMPATIBLE_CONTENT,,,,"Community Guidelines","We maintain content eligibility standards for the For You feed (FYF) that prioritize safety and are informed by the diversity of our community and cultural norms. We make ineligible for the FYF certain content that may not be appropriate for a broad audience related to: (1) Behavioral Health, (2) Sensitive and Mature Themes, (3) Integrity and Authenticity, and (4) Regulated Goods. Content that is ineligible for the FYF can still be discovered in other ways, such as through search tools or by following an account.We proactively enforce our Community Guidelines through a mix of technology and human moderation. We have detected this policy violation using automated measures. We have used automated measures in making this decision.",,STATEMENT_CATEGORY_SCOPE_OF_PLATFORM_SERVICE,,,,"[""CONTENT_TYPE_VIDEO""]",,,"2024-11-23 00:00:00","[""AT"",""BE"",""BG"",""CY"",""CZ"",""DE"",""DK"",""EE"",""ES"",""FI"",""FR"",""GR"",""HR"",""HU"",""IE"",""IT"",""LI"",""LT"",""LU"",""LV"",""MT"",""NL"",""NO"",""PL"",""PT"",""RO"",""SE"",""SI"",""SK""]","2024-11-23 00:00:00","The decision was taken pursuant to own-initiative investigations.",SOURCE_VOLUNTARY,,Yes,AUTOMATED_DECISION_FULLY,TikTok,7440371634810280736,"2024-11-23 07:22:19"
f82f3022-4731-4dfb-8026-eb43d3bbaf73,"[""DECISION_VISIBILITY_OTHER""]","Video not eligible for recommendation in the For You feed",,,,,,,,,,DECISION_GROUND_INCOMPATIBLE_CONTENT,,,,"Community Guidelines","We maintain content eligibility standards for the For You feed (FYF) that prioritize safety and are informed by the diversity of our community and cultural norms. We make ineligible for the FYF certain content that may not be appropriate for a broad audience related to: (1) Behavioral Health, (2) Sensitive and Mature Themes, (3) Integrity and Authenticity, and (4) Regulated Goods. Content that is ineligible for the FYF can still be discovered in other ways, such as through search tools or by following an account.We proactively enforce our Community Guidelines through a mix of technology and human moderation. We have detected this policy violation using automated measures. We have used automated measures in making this decision.",,STATEMENT_CATEGORY_SCOPE_OF_PLATFORM_SERVICE,,,,"[""CONTENT_TYPE_VIDEO""]",,,"2024-11-23 00:00:00","[""AT"",""BE"",""BG"",""CY"",""CZ"",""DE"",""DK"",""EE"",""ES"",""FI"",""FR"",""GR"",""HR"",""HU"",""IE"",""IT"",""LI"",""LT"",""LU"",""LV"",""MT"",""NL"",""NO"",""PL"",""PT"",""RO"",""SE"",""SI"",""SK""]","2024-11-23 00:00:00","The decision was taken pursuant to own-initiative investigations.",SOURCE_VOLUNTARY,,Yes,AUTOMATED_DECISION_FULLY,TikTok,7440371639562279713,"2024-11-23 07:22:19"
ec06ba9b-eedc-4c3c-8dc6-7985011db3ce,"[""DECISION_VISIBILITY_CONTENT_REMOVED""]",,,,,,,,,,,DECISION_GROUND_INCOMPATIBLE_CONTENT,,,,"Spam and Deceptive Account Behaviors","To build a trusted community online, it is important that the behaviors and identities of accounts are authentic and truthful. We do not allow account behaviors that may spam or mislead our community. We will restrict the visibility of comments that contain excessive or irrelevant spam content. We proactively enforce our Community Guidelines through a mix of technology and human moderation. We have detected this policy violation using automated measures. We have used automated measures in making this decision.",,STATEMENT_CATEGORY_SCAMS_AND_FRAUD,,,,"[""CONTENT_TYPE_TEXT""]",,,"2024-11-23 00:00:00","[""AT"",""BE"",""BG"",""CY"",""CZ"",""DE"",""DK"",""EE"",""ES"",""FI"",""FR"",""GR"",""HR"",""HU"",""IE"",""IT"",""LI"",""LT"",""LU"",""LV"",""MT"",""NL"",""NO"",""PL"",""PT"",""RO"",""SE"",""SI"",""SK""]","2024-11-23 00:00:00","The decision was taken pursuant to own-initiative investigations.",SOURCE_VOLUNTARY,,Yes,AUTOMATED_DECISION_FULLY,TikTok,7440371639562296097,"2024-11-23 07:22:19"
4503461a-d8ff-41fa-a3c8-0eeace18b38f,"[""DECISION_VISIBILITY_OTHER""]","Video not eligible for recommendation in the For You feed",,,,,,,,,,DECISION_GROUND_INCOMPATIBLE_CONTENT,,,,"Sexually Suggestive Content","We are mindful that certain behaviors related to sexual arousal or suggestiveness may be offensive to some people and may put young people at risk of exploitation. Content is ineligible for the For You feed and harder to find in search if it shows sex products or intends to sexually arouse (such as intimate kissing, sexualized posing, and seductive performances or allusions to sexual activity by adults). We proactively enforce our Community Guidelines through a mix of technology and human moderation. We have detected this policy violation using automated measures. We have used automated measures in making this decision.",,STATEMENT_CATEGORY_SCOPE_OF_PLATFORM_SERVICE,,,,"[""CONTENT_TYPE_VIDEO""]",,,"2024-11-23 00:00:00","[""AT"",""BE"",""BG"",""CY"",""CZ"",""DE"",""DK"",""EE"",""ES"",""FI"",""FR"",""GR"",""HR"",""HU"",""IE"",""IT"",""LI"",""LT"",""LU"",""LV"",""MT"",""NL"",""NO"",""PL"",""PT"",""RO"",""SE"",""SI"",""SK""]","2024-11-23 00:00:00","The decision was taken pursuant to own-initiative investigations.",SOURCE_VOLUNTARY,,Yes,AUTOMATED_DECISION_FULLY,TikTok,7440371639562312481,"2024-11-23 07:22:19"
73c738b4-0e8e-4b63-b438-ed880338a7d0,"[""DECISION_VISIBILITY_CONTENT_REMOVED""]",,,,,,,,,,,DECISION_GROUND_INCOMPATIBLE_CONTENT,,,,"Harassment and Bullying","We welcome the respectful expression of different viewpoints, but not toxicity or trolling. We do not allow language or behavior that harasses, humiliates, threatens, or doxes anyone. This also includes responding to such acts with retaliatory harassment (but excludes non-harassing counterspeech).We proactively enforce our Community Guidelines through a mix of technology and human moderation. We have detected this policy violation using automated measures. We have used automated measures in making this decision.",,STATEMENT_CATEGORY_ILLEGAL_OR_HARMFUL_SPEECH,,,,"[""CONTENT_TYPE_TEXT""]",,,"2024-11-23 00:00:00","[""AT"",""BE"",""BG"",""CY"",""CZ"",""DE"",""DK"",""EE"",""ES"",""FI"",""FR"",""GR"",""HR"",""HU"",""IE"",""IT"",""LI"",""LT"",""LU"",""LV"",""MT"",""NL"",""NO"",""PL"",""PT"",""RO"",""SE"",""SI"",""SK""]","2024-11-23 00:00:00","The decision was taken pursuant to own-initiative investigations.",SOURCE_VOLUNTARY,,Yes,AUTOMATED_DECISION_FULLY,TikTok,7440371638434077472,"2024-11-23 07:22:19"
642027d0-b66c-4514-b7a8-432bccf73e8c,"[""DECISION_VISIBILITY_CONTENT_REMOVED""]",,,,,,,,,,,DECISION_GROUND_INCOMPATIBLE_CONTENT,,,,"Harassment and Bullying","We welcome the respectful expression of different viewpoints, but not toxicity or trolling. We do not allow language or behavior that harasses, humiliates, threatens, or doxes anyone. This also includes responding to such acts with retaliatory harassment (but excludes non-harassing counterspeech).We proactively enforce our Community Guidelines through a mix of technology and human moderation. We have detected this policy violation using automated measures. We have used automated measures in making this decision.",,STATEMENT_CATEGORY_ILLEGAL_OR_HARMFUL_SPEECH,,,,"[""CONTENT_TYPE_TEXT""]",,,"2024-11-23 00:00:00","[""AT"",""BE"",""BG"",""CY"",""CZ"",""DE"",""DK"",""EE"",""ES"",""FI"",""FR"",""GR"",""HR"",""HU"",""IE"",""IT"",""LI"",""LT"",""LU"",""LV"",""MT"",""NL"",""NO"",""PL"",""PT"",""RO"",""SE"",""SI"",""SK""]","2024-11-23 00:00:00","The decision was taken pursuant to own-initiative investigations.",SOURCE_VOLUNTARY,,Yes,AUTOMATED_DECISION_FULLY,TikTok,7440371638434093856,"2024-11-23 07:22:19"
825751e5-2b25-4e0e-aa3d-081933dc525f,"[""DECISION_VISIBILITY_OTHER""]","Video not eligible for recommendation in the For You feed",,,,,,,,,,DECISION_GROUND_INCOMPATIBLE_CONTENT,,,,"Community Guidelines","We maintain content eligibility standards for the For You feed (FYF) that prioritize safety and are informed by the diversity of our community and cultural norms. We make ineligible for the FYF certain content that may not be appropriate for a broad audience related to: (1) Behavioral Health, (2) Sensitive and Mature Themes, (3) Integrity and Authenticity, and (4) Regulated Goods. Content that is ineligible for the FYF can still be discovered in other ways, such as through search tools or by following an account.We proactively enforce our Community Guidelines through a mix of technology and human moderation. We have detected this policy violation using automated measures. We have used automated measures in making this decision.",,STATEMENT_CATEGORY_SCOPE_OF_PLATFORM_SERVICE,,,,"[""CONTENT_TYPE_VIDEO""]",,,"2024-11-23 00:00:00","[""AT"",""BE"",""BG"",""CY"",""CZ"",""DE"",""DK"",""EE"",""ES"",""FI"",""FR"",""GR"",""HR"",""HU"",""IE"",""IT"",""LI"",""LT"",""LU"",""LV"",""MT"",""NL"",""NO"",""PL"",""PT"",""RO"",""SE"",""SI"",""SK""]","2024-11-23 00:00:00","The decision was taken pursuant to own-initiative investigations.",SOURCE_VOLUNTARY,,Yes,AUTOMATED_DECISION_FULLY,TikTok,7440371638434110240,"2024-11-23 07:22:19"
95f288b4-0ee1-455e-9904-9c7251cfda37,"[""DECISION_VISIBILITY_CONTENT_REMOVED""]",,,,,,,,,,,DECISION_GROUND_INCOMPATIBLE_CONTENT,,,,"Dangerous Activities and Challenges","Most activities or challenges are appropriate for everyone, but some carry a risk of significant injury. We do not allow showing or promoting dangerous activities and challenges. This includes dares, games, tricks, inappropriate use of dangerous tools, eating substances that are harmful to one’s health, or similar activities that may lead to significant physical harm.We proactively enforce our Community Guidelines through a mix of technology and human moderation. We have detected this policy violation using automated measures. We have used automated measures in making this decision.",,STATEMENT_CATEGORY_SCOPE_OF_PLATFORM_SERVICE,,,,"[""CONTENT_TYPE_VIDEO""]",,,"2024-11-23 00:00:00","[""AT"",""BE"",""BG"",""CY"",""CZ"",""DE"",""DK"",""EE"",""ES"",""FI"",""FR"",""GR"",""HR"",""HU"",""IE"",""IT"",""LI"",""LT"",""LU"",""LV"",""MT"",""NL"",""NO"",""PL"",""PT"",""RO"",""SE"",""SI"",""SK""]","2024-11-23 00:00:00","The decision was taken pursuant to own-initiative investigations.",SOURCE_VOLUNTARY,,Yes,AUTOMATED_DECISION_FULLY,TikTok,7440371639562328865,"2024-11-23 07:22:19"
f73d5d43-b3f2-446b-98ef-8433e148fa57,"[""DECISION_VISIBILITY_OTHER""]","Video not eligible for recommendation in the For You feed",,,,,,,,,,DECISION_GROUND_INCOMPATIBLE_CONTENT,,,,"Community Guidelines","We maintain content eligibility standards for the For You feed (FYF) that prioritize safety and are informed by the diversity of our community and cultural norms. We make ineligible for the FYF certain content that may not be appropriate for a broad audience related to: (1) Behavioral Health, (2) Sensitive and Mature Themes, (3) Integrity and Authenticity, and (4) Regulated Goods. Content that is ineligible for the FYF can still be discovered in other ways, such as through search tools or by following an account.We proactively enforce our Community Guidelines through a mix of technology and human moderation. We have detected this policy violation using automated measures. We have used automated measures in making this decision.",,STATEMENT_CATEGORY_SCOPE_OF_PLATFORM_SERVICE,,,,"[""CONTENT_TYPE_VIDEO""]",,,"2024-11-23 00:00:00","[""AT"",""BE"",""BG"",""CY"",""CZ"",""DE"",""DK"",""EE"",""ES"",""FI"",""FR"",""GR"",""HR"",""HU"",""IE"",""IT"",""LI"",""LT"",""LU"",""LV"",""MT"",""NL"",""NO"",""PL"",""PT"",""RO"",""SE"",""SI"",""SK""]","2024-11-23 00:00:00","The decision was taken pursuant to own-initiative investigations.",SOURCE_VOLUNTARY,,Yes,AUTOMATED_DECISION_FULLY,TikTok,7440371639562345249,"2024-11-23 07:22:19"
ea8eeba2-4781-4841-8a4f-2d04227716b2,"[""DECISION_VISIBILITY_CONTENT_REMOVED""]",,,,,,,,,,,DECISION_GROUND_INCOMPATIBLE_CONTENT,,,,"Hate Speech and Hateful Behaviors","TikTok is enriched by the various backgrounds of our community members. Our differences should be respected, rather than a cause for division. We do not allow any hateful behavior, hate speech, or promotion of hateful ideologies. This includes content that attacks a person or group because of protected attributes.We proactively enforce our Community Guidelines through a mix of technology and human moderation. We have detected this policy violation using automated measures. We have used automated measures in making this decision.",,STATEMENT_CATEGORY_ILLEGAL_OR_HARMFUL_SPEECH,,,,"[""CONTENT_TYPE_TEXT""]",,,"2024-11-23 00:00:00","[""AT"",""BE"",""BG"",""CY"",""CZ"",""DE"",""DK"",""EE"",""ES"",""FI"",""FR"",""GR"",""HR"",""HU"",""IE"",""IT"",""LI"",""LT"",""LU"",""LV"",""MT"",""NL"",""NO"",""PL"",""PT"",""RO"",""SE"",""SI"",""SK""]","2024-11-23 00:00:00","The decision was taken pursuant to own-initiative investigations.",SOURCE_VOLUNTARY,,Yes,AUTOMATED_DECISION_FULLY,TikTok,7440371638434126624,"2024-11-23 07:22:19"
c6583da6-1c4d-4312-a612-8e5d0f46a70a,"[""DECISION_VISIBILITY_OTHER""]","Video not eligible for recommendation in the For You feed",,,,,,,,,,DECISION_GROUND_INCOMPATIBLE_CONTENT,,,,"Community Guidelines","Your content is against our Community Guidelines. The guidelines include rules and standards for using TikTok that apply to everyone and everything on our platform.We proactively enforce our Community Guidelines through a mix of technology and human moderation. We have detected this policy violation using automated measures. We have used automated measures in making this decision.",,STATEMENT_CATEGORY_SCOPE_OF_PLATFORM_SERVICE,,,,"[""CONTENT_TYPE_OTHER""]","Video Sticker",,"2024-11-23 00:00:00","[""AT"",""BE"",""BG"",""CY"",""CZ"",""DE"",""DK"",""EE"",""ES"",""FI"",""FR"",""GR"",""HR"",""HU"",""IE"",""IT"",""LI"",""LT"",""LU"",""LV"",""MT"",""NL"",""NO"",""PL"",""PT"",""RO"",""SE"",""SI"",""SK""]","2024-11-23 00:00:00","The decision was taken pursuant to own-initiative investigations.",SOURCE_VOLUNTARY,,Yes,AUTOMATED_DECISION_FULLY,TikTok,7440371638434143008,"2024-11-23 07:22:19"
d3f8ffd3-a2ff-4d90-9475-3c20459d7d3b,"[""DECISION_VISIBILITY_CONTENT_REMOVED""]",,,,,,,,,,,DECISION_GROUND_INCOMPATIBLE_CONTENT,,,,"Harassment and Bullying","We welcome the respectful expression of different viewpoints, but not toxicity or trolling. We do not allow language or behavior that harasses, humiliates, threatens, or doxes anyone. This also includes responding to such acts with retaliatory harassment (but excludes non-harassing counterspeech).We proactively enforce our Community Guidelines through a mix of technology and human moderation. We have detected this policy violation using automated measures. We have used automated measures in making this decision.",,STATEMENT_CATEGORY_ILLEGAL_OR_HARMFUL_SPEECH,,,,"[""CONTENT_TYPE_TEXT""]",,,"2024-11-23 00:00:00","[""AT"",""BE"",""BG"",""CY"",""CZ"",""DE"",""DK"",""EE"",""ES"",""FI"",""FR"",""GR"",""HR"",""HU"",""IE"",""IT"",""LI"",""LT"",""LU"",""LV"",""MT"",""NL"",""NO"",""PL"",""PT"",""RO"",""SE"",""SI"",""SK""]","2024-11-23 00:00:00","The decision was taken pursuant to own-initiative investigations.",SOURCE_VOLUNTARY,,Yes,AUTOMATED_DECISION_FULLY,TikTok,7440371639562361633,"2024-11-23 07:22:19"
0dc5c12d-f7a3-47f9-86b1-858d7bf80c3d,"[""DECISION_VISIBILITY_CONTENT_REMOVED""]",,,,,,,,,,,DECISION_GROUND_INCOMPATIBLE_CONTENT,,,,"Harassment and Bullying","We welcome the respectful expression of different viewpoints, but not toxicity or trolling. We do not allow language or behavior that harasses, humiliates, threatens, or doxes anyone. This also includes responding to such acts with retaliatory harassment (but excludes non-harassing counterspeech).We proactively enforce our Community Guidelines through a mix of technology and human moderation. We have detected this policy violation using automated measures. We have used automated measures in making this decision.",,STATEMENT_CATEGORY_ILLEGAL_OR_HARMFUL_SPEECH,,,,"[""CONTENT_TYPE_TEXT""]",,,"2024-11-23 00:00:00","[""AT"",""BE"",""BG"",""CY"",""CZ"",""DE"",""DK"",""EE"",""ES"",""FI"",""FR"",""GR"",""HR"",""HU"",""IE"",""IT"",""LI"",""LT"",""LU"",""LV"",""MT"",""NL"",""NO"",""PL"",""PT"",""RO"",""SE"",""SI"",""SK""]","2024-11-23 00:00:00","The decision was taken pursuant to own-initiative investigations.",SOURCE_VOLUNTARY,,Yes,AUTOMATED_DECISION_FULLY,TikTok,7440371639562378017,"2024-11-23 07:22:19"
97806ebe-a50b-4da5-a085-ed929fa0374e,"[""DECISION_VISIBILITY_CONTENT_REMOVED""]",,,,,,,,,,,DECISION_GROUND_INCOMPATIBLE_CONTENT,,,,"Harassment and Bullying","We welcome the respectful expression of different viewpoints, but not toxicity or trolling. We do not allow language or behavior that harasses, humiliates, threatens, or doxes anyone. This also includes responding to such acts with retaliatory harassment (but excludes non-harassing counterspeech).We proactively enforce our Community Guidelines through a mix of technology and human moderation. We have detected this policy violation using automated measures. We have used automated measures in making this decision.",,STATEMENT_CATEGORY_ILLEGAL_OR_HARMFUL_SPEECH,,,,"[""CONTENT_TYPE_TEXT""]",,,"2024-11-23 00:00:00","[""AT"",""BE"",""BG"",""CY"",""CZ"",""DE"",""DK"",""EE"",""ES"",""FI"",""FR"",""GR"",""HR"",""HU"",""IE"",""IT"",""LI"",""LT"",""LU"",""LV"",""MT"",""NL"",""NO"",""PL"",""PT"",""RO"",""SE"",""SI"",""SK""]","2024-11-23 00:00:00","The decision was taken pursuant to own-initiative investigations.",SOURCE_VOLUNTARY,,Yes,AUTOMATED_DECISION_FULLY,TikTok,7440371639562394401,"2024-11-23 07:22:19"
722e98dd-9a4a-4054-bcdb-c7a9822ba6a2,"[""DECISION_VISIBILITY_CONTENT_REMOVED""]",,,,,,,,,,,DECISION_GROUND_INCOMPATIBLE_CONTENT,,,,"Harassment and Bullying","We welcome the respectful expression of different viewpoints, but not toxicity or trolling. We do not allow language or behavior that harasses, humiliates, threatens, or doxes anyone. This also includes responding to such acts with retaliatory harassment (but excludes non-harassing counterspeech).We proactively enforce our Community Guidelines through a mix of technology and human moderation. We have detected this policy violation using automated measures. We have used automated measures in making this decision.",,STATEMENT_CATEGORY_ILLEGAL_OR_HARMFUL_SPEECH,,,,"[""CONTENT_TYPE_TEXT""]",,,"2024-11-23 00:00:00","[""AT"",""BE"",""BG"",""CY"",""CZ"",""DE"",""DK"",""EE"",""ES"",""FI"",""FR"",""GR"",""HR"",""HU"",""IE"",""IT"",""LI"",""LT"",""LU"",""LV"",""MT"",""NL"",""NO"",""PL"",""PT"",""RO"",""SE"",""SI"",""SK""]","2024-11-23 00:00:00","The decision was taken pursuant to own-initiative investigations.",SOURCE_VOLUNTARY,,Yes,AUTOMATED_DECISION_FULLY,TikTok,7440371639562410785,"2024-11-23 07:22:19"
30c1b4e2-5706-443f-92e2-ef231b9f3c46,"[""DECISION_VISIBILITY_CONTENT_REMOVED""]",,,,,,,,,,,DECISION_GROUND_INCOMPATIBLE_CONTENT,,,,"Hate Speech and Hateful Behaviors","TikTok is enriched by the various backgrounds of our community members. Our differences should be respected, rather than a cause for division. We do not allow any hateful behavior, hate speech, or promotion of hateful ideologies. This includes content that attacks a person or group because of protected attributes.We proactively enforce our Community Guidelines through a mix of technology and human moderation. We have detected this policy violation using automated measures. We have used automated measures in making this decision.",,STATEMENT_CATEGORY_ILLEGAL_OR_HARMFUL_SPEECH,,,,"[""CONTENT_TYPE_TEXT""]",,,"2024-11-23 00:00:00","[""AT"",""BE"",""BG"",""CY"",""CZ"",""DE"",""DK"",""EE"",""ES"",""FI"",""FR"",""GR"",""HR"",""HU"",""IE"",""IT"",""LI"",""LT"",""LU"",""LV"",""MT"",""NL"",""NO"",""PL"",""PT"",""RO"",""SE"",""SI"",""SK""]","2024-11-23 00:00:00","The decision was taken pursuant to own-initiative investigations.",SOURCE_VOLUNTARY,,Yes,AUTOMATED_DECISION_FULLY,TikTok,7440371638434159392,"2024-11-23 07:22:19"
4cff6183-4dff-4da6-9254-8001782401b7,"[""DECISION_VISIBILITY_CONTENT_REMOVED""]",,,,,,,,,,,DECISION_GROUND_INCOMPATIBLE_CONTENT,,,,"Violent Behaviors and Criminal Activities","We recognize that online content related to violence can cause real-world harm. We do not allow any violent threats, incitement to violence, or promotion of criminal activities that may harm people, animals, or property. If there is a specific, credible, and imminent threat to human life or serious physical injury, we will report it to relevant law enforcement authorities.We proactively enforce our Community Guidelines through a mix of technology and human moderation. We have detected this policy violation using automated measures. We have used automated measures in making this decision.",,STATEMENT_CATEGORY_VIOLENCE,,,,"[""CONTENT_TYPE_TEXT""]",,,"2024-11-23 00:00:00","[""AT"",""BE"",""BG"",""CY"",""CZ"",""DE"",""DK"",""EE"",""ES"",""FI"",""FR"",""GR"",""HR"",""HU"",""IE"",""IT"",""LI"",""LT"",""LU"",""LV"",""MT"",""NL"",""NO"",""PL"",""PT"",""RO"",""SE"",""SI"",""SK""]","2024-11-23 00:00:00","The decision was taken pursuant to own-initiative investigations.",SOURCE_VOLUNTARY,,Yes,AUTOMATED_DECISION_FULLY,TikTok,7440371643823692576,"2024-11-23 07:22:19"
e8f40eaa-0a8d-4fc8-8575-5789730aeaa7,"[""DECISION_VISIBILITY_CONTENT_REMOVED""]",,,,,,,,,,,DECISION_GROUND_INCOMPATIBLE_CONTENT,,,,"Harassment and Bullying","We welcome the respectful expression of different viewpoints, but not toxicity or trolling. We do not allow language or behavior that harasses, humiliates, threatens, or doxes anyone. This also includes responding to such acts with retaliatory harassment (but excludes non-harassing counterspeech).We proactively enforce our Community Guidelines through a mix of technology and human moderation. We have detected this policy violation using automated measures. We have used automated measures in making this decision.",,STATEMENT_CATEGORY_ILLEGAL_OR_HARMFUL_SPEECH,,,,"[""CONTENT_TYPE_TEXT""]",,,"2024-11-23 00:00:00","[""AT"",""BE"",""BG"",""CY"",""CZ"",""DE"",""DK"",""EE"",""ES"",""FI"",""FR"",""GR"",""HR"",""HU"",""IE"",""IT"",""LI"",""LT"",""LU"",""LV"",""MT"",""NL"",""NO"",""PL"",""PT"",""RO"",""SE"",""SI"",""SK""]","2024-11-23 00:00:00","The decision was taken pursuant to own-initiative investigations.",SOURCE_VOLUNTARY,,Yes,AUTOMATED_DECISION_FULLY,TikTok,7440371643823708960,"2024-11-23 07:22:19"
2241f5cb-04ba-48ba-b211-d098e21d60e9,"[""DECISION_VISIBILITY_OTHER""]","Video not eligible for recommendation in the For You feed",,,,,,,,,,DECISION_GROUND_INCOMPATIBLE_CONTENT,,,,"Community Guidelines","Your content is against our Community Guidelines. The guidelines include rules and standards for using TikTok that apply to everyone and everything on our platform.We proactively enforce our Community Guidelines through a mix of technology and human moderation. We have detected this policy violation using automated measures. We have used automated measures in making this decision.",,STATEMENT_CATEGORY_SCOPE_OF_PLATFORM_SERVICE,,,,"[""CONTENT_TYPE_OTHER""]","Video Sticker",,"2024-11-23 00:00:00","[""AT"",""BE"",""BG"",""CY"",""CZ"",""DE"",""DK"",""EE"",""ES"",""FI"",""FR"",""GR"",""HR"",""HU"",""IE"",""IT"",""LI"",""LT"",""LU"",""LV"",""MT"",""NL"",""NO"",""PL"",""PT"",""RO"",""SE"",""SI"",""SK""]","2024-11-23 00:00:00","The decision was taken pursuant to own-initiative investigations.",SOURCE_VOLUNTARY,,Yes,AUTOMATED_DECISION_FULLY,TikTok,7440371639562427169,"2024-11-23 07:22:19"
a897c046-9e6e-4f95-9ef4-4c6d380330de,"[""DECISION_VISIBILITY_OTHER""]","Photo not eligible for recommendation in the For You feed",,,,,,,,,,DECISION_GROUND_INCOMPATIBLE_CONTENT,,,,"Community Guidelines","Your content is against our Community Guidelines. The guidelines include rules and standards for using TikTok that apply to everyone and everything on our platform.",,STATEMENT_CATEGORY_DATA_PROTECTION_AND_PRIVACY_VIOLATIONS,,,,"[""CONTENT_TYPE_IMAGE""]",,,"2024-11-23 00:00:00","[""AT"",""BE"",""BG"",""CY"",""CZ"",""DE"",""DK"",""EE"",""ES"",""FI"",""FR"",""GR"",""HR"",""HU"",""IE"",""IT"",""LI"",""LT"",""LU"",""LV"",""MT"",""NL"",""NO"",""PL"",""PT"",""RO"",""SE"",""SI"",""SK""]","2024-11-23 00:00:00","The decision was taken pursuant to own-initiative investigations.",SOURCE_VOLUNTARY,,Yes,AUTOMATED_DECISION_FULLY,TikTok,7440371645111343905,"2024-11-23 07:22:19"
fe3f2c2f-e882-4738-b0c9-dc35bf165ab5,"[""DECISION_VISIBILITY_CONTENT_REMOVED""]",,,,,,,,,,,DECISION_GROUND_INCOMPATIBLE_CONTENT,,,,"Personal Information","We are committed to making sure that any personal information shared intentionally or accidentally on TikTok does not lead to harm. We do not allow content that includes personal information that may create a risk of stalking, violence, phishing, fraud, identity theft, or financial exploitation, including content that someone has posted themselves or that they consented to being shared by others.We proactively enforce our Community Guidelines through a mix of technology and human moderation. We have detected this policy violation using automated measures. We have used automated measures in making this decision.",,STATEMENT_CATEGORY_DATA_PROTECTION_AND_PRIVACY_VIOLATIONS,,,,"[""CONTENT_TYPE_TEXT""]",,,"2024-11-23 00:00:00","[""AT"",""BE"",""BG"",""CY"",""CZ"",""DE"",""DK"",""EE"",""ES"",""FI"",""FR"",""GR"",""HR"",""HU"",""IE"",""IT"",""LI"",""LT"",""LU"",""LV"",""MT"",""NL"",""NO"",""PL"",""PT"",""RO"",""SE"",""SI"",""SK""]","2024-11-23 00:00:00","The decision was taken pursuant to own-initiative investigations.",SOURCE_VOLUNTARY,,Yes,AUTOMATED_DECISION_FULLY,TikTok,7440371643823725344,"2024-11-23 07:22:19"
886c491b-4820-40c6-9f6b-5f2288053bc9,"[""DECISION_VISIBILITY_CONTENT_REMOVED""]",,,,,,,,,,,DECISION_GROUND_INCOMPATIBLE_CONTENT,,,,"Harassment and Bullying","We welcome the respectful expression of different viewpoints, but not toxicity or trolling. We do not allow language or behavior that harasses, humiliates, threatens, or doxes anyone. This also includes responding to such acts with retaliatory harassment (but excludes non-harassing counterspeech).We proactively enforce our Community Guidelines through a mix of technology and human moderation. We have detected this policy violation using automated measures. We have used automated measures in making this decision.",,STATEMENT_CATEGORY_ILLEGAL_OR_HARMFUL_SPEECH,,,,"[""CONTENT_TYPE_TEXT""]",,,"2024-11-23 00:00:00","[""AT"",""BE"",""BG"",""CY"",""CZ"",""DE"",""DK"",""EE"",""ES"",""FI"",""FR"",""GR"",""HR"",""HU"",""IE"",""IT"",""LI"",""LT"",""LU"",""LV"",""MT"",""NL"",""NO"",""PL"",""PT"",""RO"",""SE"",""SI"",""SK""]","2024-11-23 00:00:00","The decision was taken pursuant to own-initiative investigations.",SOURCE_VOLUNTARY,,Yes,AUTOMATED_DECISION_FULLY,TikTok,7440371643823741728,"2024-11-23 07:22:19"
05fbe688-9447-4bea-a34a-052474320b60,"[""DECISION_VISIBILITY_CONTENT_REMOVED""]",,,,,,,,,,,DECISION_GROUND_INCOMPATIBLE_CONTENT,,,,"Sexual Exploitation and Gender-Based Violence","We are committed to providing a space that embraces gender equity, supports healthy relationships, and respects intimate privacy. We do not allow sexual exploitation or gender-based violence, including non-consensual sexual acts, image-based sexual abuse, sextortion, physical abuse, and sexual harassment.We proactively enforce our Community Guidelines through a mix of technology and human moderation. We have detected this policy violation using automated measures. We have used automated measures in making this decision.",,STATEMENT_CATEGORY_VIOLENCE,,,,"[""CONTENT_TYPE_TEXT""]",,,"2024-11-23 00:00:00","[""AT"",""BE"",""BG"",""CY"",""CZ"",""DE"",""DK"",""EE"",""ES"",""FI"",""FR"",""GR"",""HR"",""HU"",""IE"",""IT"",""LI"",""LT"",""LU"",""LV"",""MT"",""NL"",""NO"",""PL"",""PT"",""RO"",""SE"",""SI"",""SK""]","2024-11-23 00:00:00","The decision was taken pursuant to own-initiative investigations.",SOURCE_VOLUNTARY,,Yes,AUTOMATED_DECISION_FULLY,TikTok,7440371645111360289,"2024-11-23 07:22:19"
17008259-c212-462a-91ef-524cd964eb80,"[""DECISION_VISIBILITY_CONTENT_REMOVED""]",,,,,,,,,,,DECISION_GROUND_INCOMPATIBLE_CONTENT,,,,"Harassment and Bullying","We welcome the respectful expression of different viewpoints, but not toxicity or trolling. We do not allow language or behavior that harasses, humiliates, threatens, or doxes anyone. This also includes responding to such acts with retaliatory harassment (but excludes non-harassing counterspeech).We proactively enforce our Community Guidelines through a mix of technology and human moderation. We have detected this policy violation using automated measures. We have used automated measures in making this decision.",,STATEMENT_CATEGORY_ILLEGAL_OR_HARMFUL_SPEECH,,,,"[""CONTENT_TYPE_TEXT""]",,,"2024-11-23 00:00:00","[""AT"",""BE"",""BG"",""CY"",""CZ"",""DE"",""DK"",""EE"",""ES"",""FI"",""FR"",""GR"",""HR"",""HU"",""IE"",""IT"",""LI"",""LT"",""LU"",""LV"",""MT"",""NL"",""NO"",""PL"",""PT"",""RO"",""SE"",""SI"",""SK""]","2024-11-23 00:00:00","The decision was taken pursuant to own-initiative investigations.",SOURCE_VOLUNTARY,,Yes,AUTOMATED_DECISION_FULLY,TikTok,7440371645111376673,"2024-11-23 07:22:19"
0350df26-a939-4017-9969-502029d172a6,"[""DECISION_VISIBILITY_OTHER""]","Video not eligible for recommendation in the For You feed",,,,,,,,,,DECISION_GROUND_INCOMPATIBLE_CONTENT,,,,"Community Guidelines","We maintain content eligibility standards for the For You feed (FYF) that prioritize safety and are informed by the diversity of our community and cultural norms. We make ineligible for the FYF certain content that may not be appropriate for a broad audience related to: (1) Behavioral Health, (2) Sensitive and Mature Themes, (3) Integrity and Authenticity, and (4) Regulated Goods. Content that is ineligible for the FYF can still be discovered in other ways, such as through search tools or by following an account.We proactively enforce our Community Guidelines through a mix of technology and human moderation. We have detected this policy violation using automated measures. We have used automated measures in making this decision.",,STATEMENT_CATEGORY_SCOPE_OF_PLATFORM_SERVICE,,,,"[""CONTENT_TYPE_VIDEO""]",,,"2024-11-23 00:00:00","[""AT"",""BE"",""BG"",""CY"",""CZ"",""DE"",""DK"",""EE"",""ES"",""FI"",""FR"",""GR"",""HR"",""HU"",""IE"",""IT"",""LI"",""LT"",""LU"",""LV"",""MT"",""NL"",""NO"",""PL"",""PT"",""RO"",""SE"",""SI"",""SK""]","2024-11-23 00:00:00","The decision was taken pursuant to own-initiative investigations.",SOURCE_VOLUNTARY,,Yes,AUTOMATED_DECISION_FULLY,TikTok,7440371643823758112,"2024-11-23 07:22:19"
a0813e60-06b2-4f52-8ac7-5b598b2542fb,"[""DECISION_VISIBILITY_CONTENT_REMOVED""]",,,,,,,,,,,DECISION_GROUND_INCOMPATIBLE_CONTENT,,,,"Harassment and Bullying","We welcome the respectful expression of different viewpoints, but not toxicity or trolling. We do not allow language or behavior that harasses, humiliates, threatens, or doxes anyone. This also includes responding to such acts with retaliatory harassment (but excludes non-harassing counterspeech).We proactively enforce our Community Guidelines through a mix of technology and human moderation. We have detected this policy violation using automated measures. We have used automated measures in making this decision.",,STATEMENT_CATEGORY_ILLEGAL_OR_HARMFUL_SPEECH,,,,"[""CONTENT_TYPE_TEXT""]",,,"2024-11-23 00:00:00","[""AT"",""BE"",""BG"",""CY"",""CZ"",""DE"",""DK"",""EE"",""ES"",""FI"",""FR"",""GR"",""HR"",""HU"",""IE"",""IT"",""LI"",""LT"",""LU"",""LV"",""MT"",""NL"",""NO"",""PL"",""PT"",""RO"",""SE"",""SI"",""SK""]","2024-11-23 00:00:00","The decision was taken pursuant to own-initiative investigations.",SOURCE_VOLUNTARY,,Yes,AUTOMATED_DECISION_FULLY,TikTok,7440371643823774496,"2024-11-23 07:22:19"
a537ae1e-d1a1-4638-8a6c-0be3cfbf8f65,"[""DECISION_VISIBILITY_CONTENT_REMOVED""]",,,,,,,,,,,DECISION_GROUND_INCOMPATIBLE_CONTENT,,,,"Harassment and Bullying","We welcome the respectful expression of different viewpoints, but not toxicity or trolling. We do not allow language or behavior that harasses, humiliates, threatens, or doxes anyone. This also includes responding to such acts with retaliatory harassment (but excludes non-harassing counterspeech).We proactively enforce our Community Guidelines through a mix of technology and human moderation. We have detected this policy violation using automated measures. We have used automated measures in making this decision.",,STATEMENT_CATEGORY_ILLEGAL_OR_HARMFUL_SPEECH,,,,"[""CONTENT_TYPE_TEXT""]",,,"2024-11-23 00:00:00","[""AT"",""BE"",""BG"",""CY"",""CZ"",""DE"",""DK"",""EE"",""ES"",""FI"",""FR"",""GR"",""HR"",""HU"",""IE"",""IT"",""LI"",""LT"",""LU"",""LV"",""MT"",""NL"",""NO"",""PL"",""PT"",""RO"",""SE"",""SI"",""SK""]","2024-11-23 00:00:00","The decision was taken pursuant to own-initiative investigations.",SOURCE_VOLUNTARY,,Yes,AUTOMATED_DECISION_FULLY,TikTok,7440371643823790880,"2024-11-23 07:22:19"
9fb6a8cc-14be-43d5-b1d8-3fec5513d8f3,"[""DECISION_VISIBILITY_CONTENT_REMOVED""]",,,,,,,,,,,DECISION_GROUND_INCOMPATIBLE_CONTENT,,,,"Harassment and Bullying","We welcome the respectful expression of different viewpoints, but not toxicity or trolling. We do not allow language or behavior that harasses, humiliates, threatens, or doxes anyone. This also includes responding to such acts with retaliatory harassment (but excludes non-harassing counterspeech).We proactively enforce our Community Guidelines through a mix of technology and human moderation. We have detected this policy violation using automated measures. We have used automated measures in making this decision.",,STATEMENT_CATEGORY_ILLEGAL_OR_HARMFUL_SPEECH,,,,"[""CONTENT_TYPE_TEXT""]",,,"2024-11-23 00:00:00","[""AT"",""BE"",""BG"",""CY"",""CZ"",""DE"",""DK"",""EE"",""ES"",""FI"",""FR"",""GR"",""HR"",""HU"",""IE"",""IT"",""LI"",""LT"",""LU"",""LV"",""MT"",""NL"",""NO"",""PL"",""PT"",""RO"",""SE"",""SI"",""SK""]","2024-11-23 00:00:00","The decision was taken pursuant to own-initiative investigations.",SOURCE_VOLUNTARY,,Yes,AUTOMATED_DECISION_FULLY,TikTok,7440371643823807264,"2024-11-23 07:22:19"
c25459b6-7834-4796-95c4-a16fe1100a74,"[""DECISION_VISIBILITY_OTHER""]","Photo not eligible for recommendation in the For You feed",,,,,,,,,,DECISION_GROUND_INCOMPATIBLE_CONTENT,,,,"Minimum Age Requirement","Users must be 13 years and older to have a TikTok account. We are deeply committed to ensuring that TikTok is a safe and positive experience for people under the age of 18. This starts by being old enough to use TikTok. If we learn someone is below the minimum age on TikTok, we will ban that account. Content created by anyone under 16 is ineligible for the For You feed and harder to find in search.We proactively enforce our Community Guidelines through a mix of technology and human moderation. We have detected this policy violation using automated measures.",,STATEMENT_CATEGORY_PROTECTION_OF_MINORS,,,,"[""CONTENT_TYPE_IMAGE""]",,,"2024-11-20 00:00:00","[""AT"",""BE"",""BG"",""CY"",""CZ"",""DE"",""DK"",""EE"",""ES"",""FI"",""FR"",""GR"",""HR"",""HU"",""IE"",""IT"",""LI"",""LT"",""LU"",""LV"",""MT"",""NL"",""NO"",""PL"",""PT"",""RO"",""SE"",""SI"",""SK""]","2024-11-23 00:00:00","The decision was taken pursuant to own-initiative investigations.",SOURCE_VOLUNTARY,,Yes,AUTOMATED_DECISION_NOT_AUTOMATED,TikTok,7440371645111393057,"2024-11-23 07:22:19"
a5b1ffa0-1707-4b54-b4a9-4533773a268d,"[""DECISION_VISIBILITY_OTHER""]","Video not eligible for recommendation in the For You feed",,,,,,,,,,DECISION_GROUND_INCOMPATIBLE_CONTENT,,,,"Dangerous Activities and Challenges","Most activities or challenges are appropriate for everyone, but some carry a risk of significant injury. Content is ineligible for the For You feed if it involves activities that are likely to lead to moderate physical harm, or includes professionals who are performing extreme sports and stunts that may endanger others.We proactively enforce our Community Guidelines through a mix of technology and human moderation. We have detected this policy violation using automated measures. We have used automated measures in making this decision.",,STATEMENT_CATEGORY_SCOPE_OF_PLATFORM_SERVICE,,,,"[""CONTENT_TYPE_VIDEO""]",,,"2024-11-23 00:00:00","[""AT"",""BE"",""BG"",""CY"",""CZ"",""DE"",""DK"",""EE"",""ES"",""FI"",""FR"",""GR"",""HR"",""HU"",""IE"",""IT"",""LI"",""LT"",""LU"",""LV"",""MT"",""NL"",""NO"",""PL"",""PT"",""RO"",""SE"",""SI"",""SK""]","2024-11-23 00:00:00","The decision was taken pursuant to own-initiative investigations.",SOURCE_VOLUNTARY,,Yes,AUTOMATED_DECISION_FULLY,TikTok,7440371643823823648,"2024-11-23 07:22:19"
99b285d5-f313-4f0f-bcd6-f7b9ac3e655d,"[""DECISION_VISIBILITY_OTHER""]","Video not eligible for recommendation in the For You feed",,,,,,,,,,DECISION_GROUND_INCOMPATIBLE_CONTENT,,,,"Community Guidelines","We maintain content eligibility standards for the For You feed (FYF) that prioritize safety and are informed by the diversity of our community and cultural norms. We make ineligible for the FYF certain content that may not be appropriate for a broad audience related to: (1) Behavioral Health, (2) Sensitive and Mature Themes, (3) Integrity and Authenticity, and (4) Regulated Goods. Content that is ineligible for the FYF can still be discovered in other ways, such as through search tools or by following an account.We proactively enforce our Community Guidelines through a mix of technology and human moderation. We have detected this policy violation using automated measures. We have used automated measures in making this decision.",,STATEMENT_CATEGORY_SCOPE_OF_PLATFORM_SERVICE,,,,"[""CONTENT_TYPE_VIDEO""]",,,"2024-11-23 00:00:00","[""AT"",""BE"",""BG"",""CY"",""CZ"",""DE"",""DK"",""EE"",""ES"",""FI"",""FR"",""GR"",""HR"",""HU"",""IE"",""IT"",""LI"",""LT"",""LU"",""LV"",""MT"",""NL"",""NO"",""PL"",""PT"",""RO"",""SE"",""SI"",""SK""]","2024-11-23 00:00:00","The decision was taken pursuant to own-initiative investigations.",SOURCE_VOLUNTARY,,Yes,AUTOMATED_DECISION_FULLY,TikTok,7440371643823840032,"2024-11-23 07:22:19"
ac9569d0-37f1-4e34-b8c5-2a9581314a11,"[""DECISION_VISIBILITY_OTHER""]","Video not eligible for recommendation in the For You feed",,,,,,,,,,DECISION_GROUND_INCOMPATIBLE_CONTENT,,,,"Community Guidelines","We maintain content eligibility standards for the For You feed (FYF) that prioritize safety and are informed by the diversity of our community and cultural norms. We make ineligible for the FYF certain content that may not be appropriate for a broad audience related to: (1) Behavioral Health, (2) Sensitive and Mature Themes, (3) Integrity and Authenticity, and (4) Regulated Goods. Content that is ineligible for the FYF can still be discovered in other ways, such as through search tools or by following an account.We proactively enforce our Community Guidelines through a mix of technology and human moderation. We have detected this policy violation using automated measures. We have used automated measures in making this decision.",,STATEMENT_CATEGORY_SCOPE_OF_PLATFORM_SERVICE,,,,"[""CONTENT_TYPE_VIDEO""]",,,"2024-11-23 00:00:00","[""AT"",""BE"",""BG"",""CY"",""CZ"",""DE"",""DK"",""EE"",""ES"",""FI"",""FR"",""GR"",""HR"",""HU"",""IE"",""IT"",""LI"",""LT"",""LU"",""LV"",""MT"",""NL"",""NO"",""PL"",""PT"",""RO"",""SE"",""SI"",""SK""]","2024-11-23 00:00:00","The decision was taken pursuant to own-initiative investigations.",SOURCE_VOLUNTARY,,Yes,AUTOMATED_DECISION_FULLY,TikTok,7440371648416455456,"2024-11-23 07:22:19"
b389842d-3ebd-4bd9-8bd4-0cd392e93471,"[""DECISION_VISIBILITY_OTHER""]","Video not eligible for recommendation in the For You feed",,,,,,,,,,DECISION_GROUND_INCOMPATIBLE_CONTENT,,,,"Nudity and Body Exposure","We celebrate all shapes and sizes and want people to feel comfortable in how they present themselves and their bodies. Content is ineligible for the For You feed and harder to find in search if it shows moderate body exposure of a young person, or significant body exposure of an adult. We allow regional exceptions for body exposure in limited situations, such as common cultural practices.We proactively enforce our Community Guidelines through a mix of technology and human moderation. We have detected this policy violation using automated measures. We have used automated measures in making this decision.",,STATEMENT_CATEGORY_SCOPE_OF_PLATFORM_SERVICE,,,,"[""CONTENT_TYPE_VIDEO""]",,,"2024-11-23 00:00:00","[""AT"",""BE"",""BG"",""CY"",""CZ"",""DE"",""DK"",""EE"",""ES"",""FI"",""FR"",""GR"",""HR"",""HU"",""IE"",""IT"",""LI"",""LT"",""LU"",""LV"",""MT"",""NL"",""NO"",""PL"",""PT"",""RO"",""SE"",""SI"",""SK""]","2024-11-23 00:00:00","The decision was taken pursuant to own-initiative investigations.",SOURCE_VOLUNTARY,,Yes,AUTOMATED_DECISION_FULLY,TikTok,7440371648416471840,"2024-11-23 07:22:19"
ffe55ded-4987-4949-86ed-d1c6769bfdf7,"[""DECISION_VISIBILITY_CONTENT_REMOVED""]",,,,,,,,,,,DECISION_GROUND_INCOMPATIBLE_CONTENT,,,,"Harassment and Bullying","We welcome the respectful expression of different viewpoints, but not toxicity or trolling. We do not allow language or behavior that harasses, humiliates, threatens, or doxes anyone. This also includes responding to such acts with retaliatory harassment (but excludes non-harassing counterspeech).We proactively enforce our Community Guidelines through a mix of technology and human moderation. We have detected this policy violation using automated measures. We have used automated measures in making this decision.",,STATEMENT_CATEGORY_ILLEGAL_OR_HARMFUL_SPEECH,,,,"[""CONTENT_TYPE_TEXT""]",,,"2024-11-23 00:00:00","[""AT"",""BE"",""BG"",""CY"",""CZ"",""DE"",""DK"",""EE"",""ES"",""FI"",""FR"",""GR"",""HR"",""HU"",""IE"",""IT"",""LI"",""LT"",""LU"",""LV"",""MT"",""NL"",""NO"",""PL"",""PT"",""RO"",""SE"",""SI"",""SK""]","2024-11-23 00:00:00","The decision was taken pursuant to own-initiative investigations.",SOURCE_VOLUNTARY,,Yes,AUTOMATED_DECISION_FULLY,TikTok,7440371715680541472,"2024-11-23 07:22:20"
5ca9a64a-2d7a-499d-a5ce-db929e685a59,"[""DECISION_VISIBILITY_CONTENT_REMOVED""]",,,,,,,,,,,DECISION_GROUND_INCOMPATIBLE_CONTENT,,,,"Hate Speech and Hateful Behaviors","TikTok is enriched by the various backgrounds of our community members. Our differences should be respected, rather than a cause for division. We do not allow any hateful behavior, hate speech, or promotion of hateful ideologies. This includes content that attacks a person or group because of protected attributes.We proactively enforce our Community Guidelines through a mix of technology and human moderation. We have detected this policy violation using automated measures. We have used automated measures in making this decision.",,STATEMENT_CATEGORY_ILLEGAL_OR_HARMFUL_SPEECH,,,,"[""CONTENT_TYPE_TEXT""]",,,"2024-11-23 00:00:00","[""AT"",""BE"",""BG"",""CY"",""CZ"",""DE"",""DK"",""EE"",""ES"",""FI"",""FR"",""GR"",""HR"",""HU"",""IE"",""IT"",""LI"",""LT"",""LU"",""LV"",""MT"",""NL"",""NO"",""PL"",""PT"",""RO"",""SE"",""SI"",""SK""]","2024-11-23 00:00:00","The decision was taken pursuant to own-initiative investigations.",SOURCE_VOLUNTARY,,Yes,AUTOMATED_DECISION_FULLY,TikTok,7440371714057345824,"2024-11-23 07:22:20"
1b7b9287-38ee-44bd-8dfc-fd4e8e757d6c,,,,,,,DECISION_PROVISION_PARTIAL_SUSPENSION,"2024-11-24 00:00:00",,,,DECISION_GROUND_INCOMPATIBLE_CONTENT,,,,"Harcèlement et intimidation","Nous encourageons l'expression respectueuse de points de vue différents, mais pas les comportements toxiques ou le trolling (recherche d'attention en suscitant des réactions négatives). Nous n'autorisons pas les propos ou les comportements qui harcèlent, humilient, menacent ou dénigrent qui que ce soit. Ceux-ci comprennent également le fait de répondre à de tels actes par un harcèlement de représailles (mais excluent les contre-arguments sans harcèlement). Consulte nos {CG_link} pour en savoir plus.",,STATEMENT_CATEGORY_ILLEGAL_OR_HARMFUL_SPEECH,,,,"[""CONTENT_TYPE_VIDEO""]",,,"2024-11-23 00:00:00","[""AT"",""BE"",""BG"",""CY"",""CZ"",""DE"",""DK"",""EE"",""ES"",""FI"",""FR"",""GR"",""HR"",""HU"",""IE"",""IS"",""IT"",""LI"",""LT"",""LU"",""LV"",""MT"",""NL"",""NO"",""PL"",""PT"",""RO"",""SE"",""SI"",""SK""]","2024-11-23 00:00:00","The decision was taken pursuant to own-initiative investigations",SOURCE_VOLUNTARY,,Yes,AUTOMATED_DECISION_NOT_AUTOMATED,TikTok,7440371715680557856,"2024-11-23 07:22:20"
5a95bc03-5632-4d64-bd26-1953897316e7,"[""DECISION_VISIBILITY_CONTENT_REMOVED""]",,,,,,,,,,,DECISION_GROUND_INCOMPATIBLE_CONTENT,,,,"Harassment and Bullying","We welcome the respectful expression of different viewpoints, but not toxicity or trolling. We do not allow language or behavior that harasses, humiliates, threatens, or doxes anyone. This also includes responding to such acts with retaliatory harassment (but excludes non-harassing counterspeech).We proactively enforce our Community Guidelines through a mix of technology and human moderation. We have detected this policy violation using automated measures. We have used automated measures in making this decision.",,STATEMENT_CATEGORY_ILLEGAL_OR_HARMFUL_SPEECH,,,,"[""CONTENT_TYPE_TEXT""]",,,"2024-11-23 00:00:00","[""AT"",""BE"",""BG"",""CY"",""CZ"",""DE"",""DK"",""EE"",""ES"",""FI"",""FR"",""GR"",""HR"",""HU"",""IE"",""IT"",""LI"",""LT"",""LU"",""LV"",""MT"",""NL"",""NO"",""PL"",""PT"",""RO"",""SE"",""SI"",""SK""]","2024-11-23 00:00:00","The decision was taken pursuant to own-initiative investigations.",SOURCE_VOLUNTARY,,Yes,AUTOMATED_DECISION_FULLY,TikTok,7440371715680574240,"2024-11-23 07:22:20"
98300982-cd07-48df-acea-e9163206e6d9,"[""DECISION_VISIBILITY_CONTENT_REMOVED""]",,,,,,,,,,,DECISION_GROUND_INCOMPATIBLE_CONTENT,,,,"Harassment and Bullying","We welcome the respectful expression of different viewpoints, but not toxicity or trolling. We do not allow language or behavior that harasses, humiliates, threatens, or doxes anyone. This also includes responding to such acts with retaliatory harassment (but excludes non-harassing counterspeech).We proactively enforce our Community Guidelines through a mix of technology and human moderation. We have detected this policy violation using automated measures. We have used automated measures in making this decision.",,STATEMENT_CATEGORY_ILLEGAL_OR_HARMFUL_SPEECH,,,,"[""CONTENT_TYPE_TEXT""]",,,"2024-11-23 00:00:00","[""AT"",""BE"",""BG"",""CY"",""CZ"",""DE"",""DK"",""EE"",""ES"",""FI"",""FR"",""GR"",""HR"",""HU"",""IE"",""IT"",""LI"",""LT"",""LU"",""LV"",""MT"",""NL"",""NO"",""PL"",""PT"",""RO"",""SE"",""SI"",""SK""]","2024-11-23 00:00:00","The decision was taken pursuant to own-initiative investigations.",SOURCE_VOLUNTARY,,Yes,AUTOMATED_DECISION_FULLY,TikTok,7440371714057362208,"2024-11-23 07:22:20"
be3a5c47-4cc9-46e4-a87e-862df6f2e972,"[""DECISION_VISIBILITY_OTHER""]","Video not eligible for recommendation in the For You feed",,,,,,,,,,DECISION_GROUND_INCOMPATIBLE_CONTENT,,,,"Community Guidelines","We maintain content eligibility standards for the For You feed (FYF) that prioritize safety and are informed by the diversity of our community and cultural norms. We make ineligible for the FYF certain content that may not be appropriate for a broad audience related to: (1) Behavioral Health, (2) Sensitive and Mature Themes, (3) Integrity and Authenticity, and (4) Regulated Goods. Content that is ineligible for the FYF can still be discovered in other ways, such as through search tools or by following an account.We proactively enforce our Community Guidelines through a mix of technology and human moderation. We have detected this policy violation using automated measures. We have used automated measures in making this decision.",,STATEMENT_CATEGORY_SCOPE_OF_PLATFORM_SERVICE,,,,"[""CONTENT_TYPE_VIDEO""]",,,"2024-11-23 00:00:00","[""AT"",""BE"",""BG"",""CY"",""CZ"",""DE"",""DK"",""EE"",""ES"",""FI"",""FR"",""GR"",""HR"",""HU"",""IE"",""IT"",""LI"",""LT"",""LU"",""LV"",""MT"",""NL"",""NO"",""PL"",""PT"",""RO"",""SE"",""SI"",""SK""]","2024-11-23 00:00:00","The decision was taken pursuant to own-initiative investigations.",SOURCE_VOLUNTARY,,Yes,AUTOMATED_DECISION_FULLY,TikTok,7440371715680590624,"2024-11-23 07:22:20"
51cf0a01-04e9-4280-8554-c43f3e871658,"[""DECISION_VISIBILITY_CONTENT_REMOVED""]",,,,,,,,,,,DECISION_GROUND_INCOMPATIBLE_CONTENT,,,,"Harassment and Bullying","We welcome the respectful expression of different viewpoints, but not toxicity or trolling. We do not allow language or behavior that harasses, humiliates, threatens, or doxes anyone. This also includes responding to such acts with retaliatory harassment (but excludes non-harassing counterspeech).We proactively enforce our Community Guidelines through a mix of technology and human moderation. We have detected this policy violation using automated measures. We have used automated measures in making this decision.",,STATEMENT_CATEGORY_ILLEGAL_OR_HARMFUL_SPEECH,,,,"[""CONTENT_TYPE_TEXT""]",,,"2024-11-23 00:00:00","[""AT"",""BE"",""BG"",""CY"",""CZ"",""DE"",""DK"",""EE"",""ES"",""FI"",""FR"",""GR"",""HR"",""HU"",""IE"",""IT"",""LI"",""LT"",""LU"",""LV"",""MT"",""NL"",""NO"",""PL"",""PT"",""RO"",""SE"",""SI"",""SK""]","2024-11-23 00:00:00","The decision was taken pursuant to own-initiative investigations.",SOURCE_VOLUNTARY,,Yes,AUTOMATED_DECISION_FULLY,TikTok,7440371714057378592,"2024-11-23 07:22:20"
60524ddf-98b6-47b4-a8d7-f7d17fe95cfd,"[""DECISION_VISIBILITY_OTHER""]","Photo not eligible for recommendation in the For You feed, and visibility restricted in search results",,,,,,,,,,DECISION_GROUND_INCOMPATIBLE_CONTENT,,,,"Dangerous Activities and Challenges","Most activities or challenges are appropriate for everyone, but some may carry a risk of significant injury. Content is ineligible for the For You feed if it involves activities likely to lead to moderate physical harm or includes professionals performing extreme sports and stunts that may endanger others.We proactively enforce our Community Guidelines through a mix of technology and human moderation. We have detected this policy violation using automated measures. We have used automated measures in making this decision.",,STATEMENT_CATEGORY_SCOPE_OF_PLATFORM_SERVICE,,,,"[""CONTENT_TYPE_IMAGE""]",,,"2024-11-23 00:00:00","[""AT"",""BE"",""BG"",""CY"",""CZ"",""DE"",""DK"",""EE"",""ES"",""FI"",""FR"",""GR"",""HR"",""HU"",""IE"",""IT"",""LI"",""LT"",""LU"",""LV"",""MT"",""NL"",""NO"",""PL"",""PT"",""RO"",""SE"",""SI"",""SK""]","2024-11-23 00:00:00","The decision was taken pursuant to own-initiative investigations.",SOURCE_VOLUNTARY,,Yes,AUTOMATED_DECISION_FULLY,TikTok,7440371714057394976,"2024-11-23 07:22:20"
70e4669f-ad6f-4305-b474-40699250ac92,"[""DECISION_VISIBILITY_CONTENT_REMOVED""]",,,,,,,,,,,DECISION_GROUND_INCOMPATIBLE_CONTENT,,,,"Harassment and Bullying","We welcome the respectful expression of different viewpoints, but not toxicity or trolling. We do not allow language or behavior that harasses, humiliates, threatens, or doxes anyone. This also includes responding to such acts with retaliatory harassment (but excludes non-harassing counterspeech).We proactively enforce our Community Guidelines through a mix of technology and human moderation. We have detected this policy violation using automated measures. We have used automated measures in making this decision.",,STATEMENT_CATEGORY_ILLEGAL_OR_HARMFUL_SPEECH,,,,"[""CONTENT_TYPE_TEXT""]",,,"2024-11-23 00:00:00","[""AT"",""BE"",""BG"",""CY"",""CZ"",""DE"",""DK"",""EE"",""ES"",""FI"",""FR"",""GR"",""HR"",""HU"",""IE"",""IT"",""LI"",""LT"",""LU"",""LV"",""MT"",""NL"",""NO"",""PL"",""PT"",""RO"",""SE"",""SI"",""SK""]","2024-11-23 00:00:00","The decision was taken pursuant to own-initiative investigations.",SOURCE_VOLUNTARY,,Yes,AUTOMATED_DECISION_FULLY,TikTok,7440371715680607008,"2024-11-23 07:22:20"
78cd896d-0253-449e-a7f3-9b919b122b0e,"[""DECISION_VISIBILITY_CONTENT_REMOVED""]",,,,,,,,,,,DECISION_GROUND_INCOMPATIBLE_CONTENT,,,,"Harassment and Bullying","We welcome the respectful expression of different viewpoints, but not toxicity or trolling. We do not allow language or behavior that harasses, humiliates, threatens, or doxes anyone. This also includes responding to such acts with retaliatory harassment (but excludes non-harassing counterspeech).We proactively enforce our Community Guidelines through a mix of technology and human moderation. We have detected this policy violation using automated measures. We have used automated measures in making this decision.",,STATEMENT_CATEGORY_ILLEGAL_OR_HARMFUL_SPEECH,,,,"[""CONTENT_TYPE_TEXT""]",,,"2024-11-23 00:00:00","[""AT"",""BE"",""BG"",""CY"",""CZ"",""DE"",""DK"",""EE"",""ES"",""FI"",""FR"",""GR"",""HR"",""HU"",""IE"",""IT"",""LI"",""LT"",""LU"",""LV"",""MT"",""NL"",""NO"",""PL"",""PT"",""RO"",""SE"",""SI"",""SK""]","2024-11-23 00:00:00","The decision was taken pursuant to own-initiative investigations.",SOURCE_VOLUNTARY,,Yes,AUTOMATED_DECISION_FULLY,TikTok,7440371714057411360,"2024-11-23 07:22:20"
1e5d84ad-e120-4561-8470-b2c0b302d097,"[""DECISION_VISIBILITY_CONTENT_REMOVED""]",,,,,,,,,,,DECISION_GROUND_INCOMPATIBLE_CONTENT,,,,"Harcèlement et intimidation","Nous encourageons l'expression respectueuse de points de vue différents, mais pas les comportements toxiques ou le trolling (recherche d'attention en suscitant des réactions négatives). Nous n'autorisons pas les propos ou les comportements qui harcèlent, humilient, menacent ou dénigrent qui que ce soit. Ceux-ci comprennent également le fait de répondre à de tels actes par un harcèlement de représailles (mais excluent les contre-arguments sans harcèlement). Consulte nos {CG_link} pour en savoir plus.",,STATEMENT_CATEGORY_ILLEGAL_OR_HARMFUL_SPEECH,,,,"[""CONTENT_TYPE_VIDEO""]",,,"2024-11-23 00:00:00","[""AT"",""BE"",""BG"",""CY"",""CZ"",""DE"",""DK"",""EE"",""ES"",""FI"",""FR"",""GR"",""HR"",""HU"",""IE"",""IS"",""IT"",""LI"",""LT"",""LU"",""LV"",""MT"",""NL"",""NO"",""PL"",""PT"",""RO"",""SE"",""SI"",""SK""]","2024-11-23 00:00:00","The decision was taken pursuant to own-initiative investigations",SOURCE_VOLUNTARY,,Yes,AUTOMATED_DECISION_NOT_AUTOMATED,TikTok,7440371714057427744,"2024-11-23 07:22:20"
60f38f02-d1ea-41f7-b3cd-f73eb5bacf05,"[""DECISION_VISIBILITY_CONTENT_REMOVED""]",,,,,,,,,,,DECISION_GROUND_INCOMPATIBLE_CONTENT,,,,"Harassment and Bullying","We welcome the respectful expression of different viewpoints, but not toxicity or trolling. We do not allow language or behavior that harasses, humiliates, threatens, or doxes anyone. This also includes responding to such acts with retaliatory harassment (but excludes non-harassing counterspeech).We proactively enforce our Community Guidelines through a mix of technology and human moderation. We have detected this policy violation using automated measures. We have used automated measures in making this decision.",,STATEMENT_CATEGORY_ILLEGAL_OR_HARMFUL_SPEECH,,,,"[""CONTENT_TYPE_TEXT""]",,,"2024-11-23 00:00:00","[""AT"",""BE"",""BG"",""CY"",""CZ"",""DE"",""DK"",""EE"",""ES"",""FI"",""FR"",""GR"",""HR"",""HU"",""IE"",""IT"",""LI"",""LT"",""LU"",""LV"",""MT"",""NL"",""NO"",""PL"",""PT"",""RO"",""SE"",""SI"",""SK""]","2024-11-23 00:00:00","The decision was taken pursuant to own-initiative investigations.",SOURCE_VOLUNTARY,,Yes,AUTOMATED_DECISION_FULLY,TikTok,7440371715680623392,"2024-11-23 07:22:20"
618518cf-d8a1-4253-af0f-a527f6d986b1,"[""DECISION_VISIBILITY_CONTENT_REMOVED""]",,,,,,,,,,,DECISION_GROUND_INCOMPATIBLE_CONTENT,,,,"Harassment and Bullying","We welcome the respectful expression of different viewpoints, but not toxicity or trolling. We do not allow language or behavior that harasses, humiliates, threatens, or doxes anyone. This also includes responding to such acts with retaliatory harassment (but excludes non-harassing counterspeech).We proactively enforce our Community Guidelines through a mix of technology and human moderation. We have detected this policy violation using automated measures. We have used automated measures in making this decision.",,STATEMENT_CATEGORY_ILLEGAL_OR_HARMFUL_SPEECH,,,,"[""CONTENT_TYPE_TEXT""]",,,"2024-11-23 00:00:00","[""AT"",""BE"",""BG"",""CY"",""CZ"",""DE"",""DK"",""EE"",""ES"",""FI"",""FR"",""GR"",""HR"",""HU"",""IE"",""IT"",""LI"",""LT"",""LU"",""LV"",""MT"",""NL"",""NO"",""PL"",""PT"",""RO"",""SE"",""SI"",""SK""]","2024-11-23 00:00:00","The decision was taken pursuant to own-initiative investigations.",SOURCE_VOLUNTARY,,Yes,AUTOMATED_DECISION_FULLY,TikTok,7440371714057444128,"2024-11-23 07:22:20"
04d08d52-a13b-4c82-a0e7-18b15ffd8963,"[""DECISION_VISIBILITY_CONTENT_REMOVED""]",,,,,,,,,,,DECISION_GROUND_INCOMPATIBLE_CONTENT,,,,"Harassment and Bullying","We welcome the respectful expression of different viewpoints, but not toxicity or trolling. We do not allow language or behavior that harasses, humiliates, threatens, or doxes anyone. This also includes responding to such acts with retaliatory harassment (but excludes non-harassing counterspeech).We proactively enforce our Community Guidelines through a mix of technology and human moderation. We have detected this policy violation using automated measures. We have used automated measures in making this decision.",,STATEMENT_CATEGORY_ILLEGAL_OR_HARMFUL_SPEECH,,,,"[""CONTENT_TYPE_TEXT""]",,,"2024-11-23 00:00:00","[""AT"",""BE"",""BG"",""CY"",""CZ"",""DE"",""DK"",""EE"",""ES"",""FI"",""FR"",""GR"",""HR"",""HU"",""IE"",""IT"",""LI"",""LT"",""LU"",""LV"",""MT"",""NL"",""NO"",""PL"",""PT"",""RO"",""SE"",""SI"",""SK""]","2024-11-23 00:00:00","The decision was taken pursuant to own-initiative investigations.",SOURCE_VOLUNTARY,,Yes,AUTOMATED_DECISION_FULLY,TikTok,7440371715680639776,"2024-11-23 07:22:20"
89d2f33f-8f69-4b08-8dbb-27b9c220ba30,"[""DECISION_VISIBILITY_CONTENT_REMOVED""]",,,,,,,,,,,DECISION_GROUND_INCOMPATIBLE_CONTENT,,,,"Harassment and Bullying","We welcome the respectful expression of different viewpoints, but not toxicity or trolling. We do not allow language or behavior that harasses, humiliates, threatens, or doxes anyone. This also includes responding to such acts with retaliatory harassment (but excludes non-harassing counterspeech).We proactively enforce our Community Guidelines through a mix of technology and human moderation. We have detected this policy violation using automated measures. We have used automated measures in making this decision.",,STATEMENT_CATEGORY_ILLEGAL_OR_HARMFUL_SPEECH,,,,"[""CONTENT_TYPE_TEXT""]",,,"2024-11-23 00:00:00","[""AT"",""BE"",""BG"",""CY"",""CZ"",""DE"",""DK"",""EE"",""ES"",""FI"",""FR"",""GR"",""HR"",""HU"",""IE"",""IT"",""LI"",""LT"",""LU"",""LV"",""MT"",""NL"",""NO"",""PL"",""PT"",""RO"",""SE"",""SI"",""SK""]","2024-11-23 00:00:00","The decision was taken pursuant to own-initiative investigations.",SOURCE_VOLUNTARY,,Yes,AUTOMATED_DECISION_FULLY,TikTok,7440371715680656160,"2024-11-23 07:22:20"
5233f5fb-cbac-4b3a-88f8-a19f96d59897,"[""DECISION_VISIBILITY_CONTENT_REMOVED""]",,,,,,,,,,,DECISION_GROUND_INCOMPATIBLE_CONTENT,,,,"Harassment and Bullying","We welcome the respectful expression of different viewpoints, but not toxicity or trolling. We do not allow language or behavior that harasses, humiliates, threatens, or doxes anyone. This also includes responding to such acts with retaliatory harassment (but excludes non-harassing counterspeech).We proactively enforce our Community Guidelines through a mix of technology and human moderation. We have detected this policy violation using automated measures. We have used automated measures in making this decision.",,STATEMENT_CATEGORY_ILLEGAL_OR_HARMFUL_SPEECH,,,,"[""CONTENT_TYPE_TEXT""]",,,"2024-11-23 00:00:00","[""AT"",""BE"",""BG"",""CY"",""CZ"",""DE"",""DK"",""EE"",""ES"",""FI"",""FR"",""GR"",""HR"",""HU"",""IE"",""IT"",""LI"",""LT"",""LU"",""LV"",""MT"",""NL"",""NO"",""PL"",""PT"",""RO"",""SE"",""SI"",""SK""]","2024-11-23 00:00:00","The decision was taken pursuant to own-initiative investigations.",SOURCE_VOLUNTARY,,Yes,AUTOMATED_DECISION_FULLY,TikTok,7440371719417633568,"2024-11-23 07:22:20"
7183c0f7-ce85-423e-bc03-b5807244dae5,"[""DECISION_VISIBILITY_OTHER""]","Video not eligible for recommendation in the For You feed",,,,,,,,,,DECISION_GROUND_INCOMPATIBLE_CONTENT,,,,"Community Guidelines","We maintain content eligibility standards for the For You feed (FYF) that prioritize safety and are informed by the diversity of our community and cultural norms. We make ineligible for the FYF certain content that may not be appropriate for a broad audience related to: (1) Behavioral Health, (2) Sensitive and Mature Themes, (3) Integrity and Authenticity, and (4) Regulated Goods. Content that is ineligible for the FYF can still be discovered in other ways, such as through search tools or by following an account.We proactively enforce our Community Guidelines through a mix of technology and human moderation. We have detected this policy violation using automated measures. We have used automated measures in making this decision.",,STATEMENT_CATEGORY_SCOPE_OF_PLATFORM_SERVICE,,,,"[""CONTENT_TYPE_VIDEO""]",,,"2024-11-23 00:00:00","[""AT"",""BE"",""BG"",""CY"",""CZ"",""DE"",""DK"",""EE"",""ES"",""FI"",""FR"",""GR"",""HR"",""HU"",""IE"",""IT"",""LI"",""LT"",""LU"",""LV"",""MT"",""NL"",""NO"",""PL"",""PT"",""RO"",""SE"",""SI"",""SK""]","2024-11-23 00:00:00","The decision was taken pursuant to own-initiative investigations.",SOURCE_VOLUNTARY,,Yes,AUTOMATED_DECISION_FULLY,TikTok,7440371714057460512,"2024-11-23 07:22:20"
28ca8037-8274-4215-8509-011df30a4f3c,"[""DECISION_VISIBILITY_CONTENT_REMOVED""]",,,,,,,,,,,DECISION_GROUND_INCOMPATIBLE_CONTENT,,,,"Harassment and Bullying","We welcome the respectful expression of different viewpoints, but not toxicity or trolling. We do not allow language or behavior that harasses, humiliates, threatens, or doxes anyone. This also includes responding to such acts with retaliatory harassment (but excludes non-harassing counterspeech).We proactively enforce our Community Guidelines through a mix of technology and human moderation. We have detected this policy violation using automated measures. We have used automated measures in making this decision.",,STATEMENT_CATEGORY_ILLEGAL_OR_HARMFUL_SPEECH,,,,"[""CONTENT_TYPE_TEXT""]",,,"2024-11-23 00:00:00","[""AT"",""BE"",""BG"",""CY"",""CZ"",""DE"",""DK"",""EE"",""ES"",""FI"",""FR"",""GR"",""HR"",""HU"",""IE"",""IT"",""LI"",""LT"",""LU"",""LV"",""MT"",""NL"",""NO"",""PL"",""PT"",""RO"",""SE"",""SI"",""SK""]","2024-11-23 00:00:00","The decision was taken pursuant to own-initiative investigations.",SOURCE_VOLUNTARY,,Yes,AUTOMATED_DECISION_FULLY,TikTok,7440371719614765856,"2024-11-23 07:22:20"
df68be8f-bb91-41b5-b6f0-bf591760604d,"[""DECISION_VISIBILITY_OTHER""]","Video not eligible for recommendation in the For You feed",,,,,,,,,,DECISION_GROUND_INCOMPATIBLE_CONTENT,,,,"Community Guidelines","We maintain content eligibility standards for the For You feed (FYF) that prioritize safety and are informed by the diversity of our community and cultural norms. We make ineligible for the FYF certain content that may not be appropriate for a broad audience related to: (1) Behavioral Health, (2) Sensitive and Mature Themes, (3) Integrity and Authenticity, and (4) Regulated Goods. Content that is ineligible for the FYF can still be discovered in other ways, such as through search tools or by following an account.We proactively enforce our Community Guidelines through a mix of technology and human moderation. We have detected this policy violation using automated measures. We have used automated measures in making this decision.",,STATEMENT_CATEGORY_SCOPE_OF_PLATFORM_SERVICE,,,,"[""CONTENT_TYPE_VIDEO""]",,,"2024-11-23 00:00:00","[""AT"",""BE"",""BG"",""CY"",""CZ"",""DE"",""DK"",""EE"",""ES"",""FI"",""FR"",""GR"",""HR"",""HU"",""IE"",""IT"",""LI"",""LT"",""LU"",""LV"",""MT"",""NL"",""NO"",""PL"",""PT"",""RO"",""SE"",""SI"",""SK""]","2024-11-23 00:00:00","The decision was taken pursuant to own-initiative investigations.",SOURCE_VOLUNTARY,,Yes,AUTOMATED_DECISION_FULLY,TikTok,7440371719417649952,"2024-11-23 07:22:20"
452d5587-50bb-4122-99bc-7f04f2581cff,"[""DECISION_VISIBILITY_CONTENT_REMOVED""]",,,,,,,,,,,DECISION_GROUND_INCOMPATIBLE_CONTENT,,,,"Sexual Exploitation and Gender-Based Violence","We are committed to providing a space that embraces gender equity, supports healthy relationships, and respects intimate privacy. We do not allow sexual exploitation or gender-based violence, including non-consensual sexual acts, image-based sexual abuse, sextortion, physical abuse, and sexual harassment.We proactively enforce our Community Guidelines through a mix of technology and human moderation. We have detected this policy violation using automated measures. We have used automated measures in making this decision.",,STATEMENT_CATEGORY_VIOLENCE,,,,"[""CONTENT_TYPE_TEXT""]",,,"2024-11-23 00:00:00","[""AT"",""BE"",""BG"",""CY"",""CZ"",""DE"",""DK"",""EE"",""ES"",""FI"",""FR"",""GR"",""HR"",""HU"",""IE"",""IT"",""LI"",""LT"",""LU"",""LV"",""MT"",""NL"",""NO"",""PL"",""PT"",""RO"",""SE"",""SI"",""SK""]","2024-11-23 00:00:00","The decision was taken pursuant to own-initiative investigations.",SOURCE_VOLUNTARY,,Yes,AUTOMATED_DECISION_FULLY,TikTok,7440371719614782240,"2024-11-23 07:22:20"
4ea17f4e-bcb1-4d4f-b1b8-cb78c4076cc4,"[""DECISION_VISIBILITY_CONTENT_REMOVED""]",,,,,,,,,,,DECISION_GROUND_INCOMPATIBLE_CONTENT,,,,"Harassment and Bullying","We welcome the respectful expression of different viewpoints, but not toxicity or trolling. We do not allow language or behavior that harasses, humiliates, threatens, or doxes anyone. This also includes responding to such acts with retaliatory harassment (but excludes non-harassing counterspeech).We proactively enforce our Community Guidelines through a mix of technology and human moderation. We have detected this policy violation using automated measures. We have used automated measures in making this decision.",,STATEMENT_CATEGORY_ILLEGAL_OR_HARMFUL_SPEECH,,,,"[""CONTENT_TYPE_TEXT""]",,,"2024-11-23 00:00:00","[""AT"",""BE"",""BG"",""CY"",""CZ"",""DE"",""DK"",""EE"",""ES"",""FI"",""FR"",""GR"",""HR"",""HU"",""IE"",""IT"",""LI"",""LT"",""LU"",""LV"",""MT"",""NL"",""NO"",""PL"",""PT"",""RO"",""SE"",""SI"",""SK""]","2024-11-23 00:00:00","The decision was taken pursuant to own-initiative investigations.",SOURCE_VOLUNTARY,,Yes,AUTOMATED_DECISION_FULLY,TikTok,7440371719614798624,"2024-11-23 07:22:20"
58a5cdb9-a3a2-4cdc-8352-1aa27e472b19,"[""DECISION_VISIBILITY_CONTENT_REMOVED""]",,,,,,,,,,,DECISION_GROUND_INCOMPATIBLE_CONTENT,,,,"Harassment and Bullying","We welcome the respectful expression of different viewpoints, but not toxicity or trolling. We do not allow language or behavior that harasses, humiliates, threatens, or doxes anyone. This also includes responding to such acts with retaliatory harassment (but excludes non-harassing counterspeech).We proactively enforce our Community Guidelines through a mix of technology and human moderation. We have detected this policy violation using automated measures. We have used automated measures in making this decision.",,STATEMENT_CATEGORY_ILLEGAL_OR_HARMFUL_SPEECH,,,,"[""CONTENT_TYPE_TEXT""]",,,"2024-11-23 00:00:00","[""AT"",""BE"",""BG"",""CY"",""CZ"",""DE"",""DK"",""EE"",""ES"",""FI"",""FR"",""GR"",""HR"",""HU"",""IE"",""IT"",""LI"",""LT"",""LU"",""LV"",""MT"",""NL"",""NO"",""PL"",""PT"",""RO"",""SE"",""SI"",""SK""]","2024-11-23 00:00:00","The decision was taken pursuant to own-initiative investigations.",SOURCE_VOLUNTARY,,Yes,AUTOMATED_DECISION_FULLY,TikTok,7440371719417666336,"2024-11-23 07:22:20"
55bec151-a7b1-4395-87d6-eb19c792f6ec,"[""DECISION_VISIBILITY_CONTENT_REMOVED""]",,,,,,,,,,,DECISION_GROUND_INCOMPATIBLE_CONTENT,,,,"Harassment and Bullying","We welcome the respectful expression of different viewpoints, but not toxicity or trolling. We do not allow language or behavior that harasses, humiliates, threatens, or doxes anyone. This also includes responding to such acts with retaliatory harassment (but excludes non-harassing counterspeech).We proactively enforce our Community Guidelines through a mix of technology and human moderation. We have detected this policy violation using automated measures. We have used automated measures in making this decision.",,STATEMENT_CATEGORY_ILLEGAL_OR_HARMFUL_SPEECH,,,,"[""CONTENT_TYPE_TEXT""]",,,"2024-11-23 00:00:00","[""AT"",""BE"",""BG"",""CY"",""CZ"",""DE"",""DK"",""EE"",""ES"",""FI"",""FR"",""GR"",""HR"",""HU"",""IE"",""IT"",""LI"",""LT"",""LU"",""LV"",""MT"",""NL"",""NO"",""PL"",""PT"",""RO"",""SE"",""SI"",""SK""]","2024-11-23 00:00:00","The decision was taken pursuant to own-initiative investigations.",SOURCE_VOLUNTARY,,Yes,AUTOMATED_DECISION_FULLY,TikTok,7440371719417682720,"2024-11-23 07:22:20"
6977d34a-a841-4bfd-b19e-c0617d57f147,,,,,,,DECISION_PROVISION_PARTIAL_SUSPENSION,"2024-11-30 00:00:00",,,,DECISION_GROUND_INCOMPATIBLE_CONTENT,,,,"Exploitation sexuelle et violence sexiste","Nous nous engageons à offrir un espace qui favorise l'équité entre les genres, soutient les relations saines et respecte la vie privée. Nous n'autorisons pas l'exploitation sexuelle ou la violence sexiste, notamment les actes sexuels non consensuels, les abus sexuels fondés sur l'image, l'extorsion de faveurs sexuelles, les abus physiques et le harcèlement sexuel. Consulte nos {CG_link} pour en savoir plus.",,STATEMENT_CATEGORY_VIOLENCE,,,,"[""CONTENT_TYPE_VIDEO""]",,,"2024-11-23 00:00:00","[""AT"",""BE"",""BG"",""CY"",""CZ"",""DE"",""DK"",""EE"",""ES"",""FI"",""FR"",""GR"",""HR"",""HU"",""IE"",""IS"",""IT"",""LI"",""LT"",""LU"",""LV"",""MT"",""NL"",""NO"",""PL"",""PT"",""RO"",""SE"",""SI"",""SK""]","2024-11-23 00:00:00","The decision was taken pursuant to own-initiative investigations",SOURCE_VOLUNTARY,,Yes,AUTOMATED_DECISION_NOT_AUTOMATED,TikTok,7440371719417699104,"2024-11-23 07:22:20"
7938a59d-2e39-4c12-8505-fc39a4019a82,"[""DECISION_VISIBILITY_CONTENT_REMOVED""]",,,,,,,,,,,DECISION_GROUND_INCOMPATIBLE_CONTENT,,,,"Harassment and Bullying","We welcome the respectful expression of different viewpoints, but not toxicity or trolling. We do not allow language or behavior that harasses, humiliates, threatens, or doxes anyone. This also includes responding to such acts with retaliatory harassment (but excludes non-harassing counterspeech).We proactively enforce our Community Guidelines through a mix of technology and human moderation. We have detected this policy violation using automated measures. We have used automated measures in making this decision.",,STATEMENT_CATEGORY_ILLEGAL_OR_HARMFUL_SPEECH,,,,"[""CONTENT_TYPE_TEXT""]",,,"2024-11-23 00:00:00","[""AT"",""BE"",""BG"",""CY"",""CZ"",""DE"",""DK"",""EE"",""ES"",""FI"",""FR"",""GR"",""HR"",""HU"",""IE"",""IT"",""LI"",""LT"",""LU"",""LV"",""MT"",""NL"",""NO"",""PL"",""PT"",""RO"",""SE"",""SI"",""SK""]","2024-11-23 00:00:00","The decision was taken pursuant to own-initiative investigations.",SOURCE_VOLUNTARY,,Yes,AUTOMATED_DECISION_FULLY,TikTok,7440371719614815008,"2024-11-23 07:22:20"
ebea5e5c-27fb-457d-b586-553a95dc18e3,"[""DECISION_VISIBILITY_CONTENT_REMOVED""]",,,,,,,,,,,DECISION_GROUND_INCOMPATIBLE_CONTENT,,,,"Harassment and Bullying","We welcome the respectful expression of different viewpoints, but not toxicity or trolling. We do not allow language or behavior that harasses, humiliates, threatens, or doxes anyone. This also includes responding to such acts with retaliatory harassment (but excludes non-harassing counterspeech).We proactively enforce our Community Guidelines through a mix of technology and human moderation. We have detected this policy violation using automated measures. We have used automated measures in making this decision.",,STATEMENT_CATEGORY_ILLEGAL_OR_HARMFUL_SPEECH,,,,"[""CONTENT_TYPE_TEXT""]",,,"2024-11-23 00:00:00","[""AT"",""BE"",""BG"",""CY"",""CZ"",""DE"",""DK"",""EE"",""ES"",""FI"",""FR"",""GR"",""HR"",""HU"",""IE"",""IT"",""LI"",""LT"",""LU"",""LV"",""MT"",""NL"",""NO"",""PL"",""PT"",""RO"",""SE"",""SI"",""SK""]","2024-11-23 00:00:00","The decision was taken pursuant to own-initiative investigations.",SOURCE_VOLUNTARY,,Yes,AUTOMATED_DECISION_FULLY,TikTok,7440371719417715488,"2024-11-23 07:22:20"
fd3fa195-f169-498c-b65b-2985cde5bb76,"[""DECISION_VISIBILITY_CONTENT_REMOVED""]",,,,,,,,,,,DECISION_GROUND_INCOMPATIBLE_CONTENT,,,,"Harassment and Bullying","We welcome the respectful expression of different viewpoints, but not toxicity or trolling. We do not allow language or behavior that harasses, humiliates, threatens, or doxes anyone. This also includes responding to such acts with retaliatory harassment (but excludes non-harassing counterspeech).We proactively enforce our Community Guidelines through a mix of technology and human moderation. We have detected this policy violation using automated measures. We have used automated measures in making this decision.",,STATEMENT_CATEGORY_ILLEGAL_OR_HARMFUL_SPEECH,,,,"[""CONTENT_TYPE_TEXT""]",,,"2024-11-23 00:00:00","[""AT"",""BE"",""BG"",""CY"",""CZ"",""DE"",""DK"",""EE"",""ES"",""FI"",""FR"",""GR"",""HR"",""HU"",""IE"",""IT"",""LI"",""LT"",""LU"",""LV"",""MT"",""NL"",""NO"",""PL"",""PT"",""RO"",""SE"",""SI"",""SK""]","2024-11-23 00:00:00","The decision was taken pursuant to own-initiative investigations.",SOURCE_VOLUNTARY,,Yes,AUTOMATED_DECISION_FULLY,TikTok,7440371719417731872,"2024-11-23 07:22:20"
1efe9692-0366-4b60-8a9b-8fa6e2bc80d0,"[""DECISION_VISIBILITY_CONTENT_REMOVED""]",,,,,,,,,,,DECISION_GROUND_INCOMPATIBLE_CONTENT,,,,"Spam and Deceptive Account Behaviors","To build a trusted community online, it is important that the behaviors and identities of accounts are authentic and truthful. We do not allow account behaviors that may spam or mislead our community. We will restrict the visibility of comments that contain excessive or irrelevant spam content. We proactively enforce our Community Guidelines through a mix of technology and human moderation. We have detected this policy violation using automated measures. We have used automated measures in making this decision.",,STATEMENT_CATEGORY_SCAMS_AND_FRAUD,,,,"[""CONTENT_TYPE_TEXT""]",,,"2024-11-23 00:00:00","[""AT"",""BE"",""BG"",""CY"",""CZ"",""DE"",""DK"",""EE"",""ES"",""FI"",""FR"",""GR"",""HR"",""HU"",""IE"",""IT"",""LI"",""LT"",""LU"",""LV"",""MT"",""NL"",""NO"",""PL"",""PT"",""RO"",""SE"",""SI"",""SK""]","2024-11-23 00:00:00","The decision was taken pursuant to own-initiative investigations.",SOURCE_VOLUNTARY,,Yes,AUTOMATED_DECISION_FULLY,TikTok,7440371719614831392,"2024-11-23 07:22:20"
ce8c3c47-fbc9-49c4-8e56-1691396a0175,"[""DECISION_VISIBILITY_OTHER""]","Video not eligible for recommendation in the For You feed",,,,,,,,,,DECISION_GROUND_INCOMPATIBLE_CONTENT,,,,"Community Guidelines","We maintain content eligibility standards for the For You feed (FYF) that prioritize safety and are informed by the diversity of our community and cultural norms. We make ineligible for the FYF certain content that may not be appropriate for a broad audience related to: (1) Behavioral Health, (2) Sensitive and Mature Themes, (3) Integrity and Authenticity, and (4) Regulated Goods. Content that is ineligible for the FYF can still be discovered in other ways, such as through search tools or by following an account.We proactively enforce our Community Guidelines through a mix of technology and human moderation. We have detected this policy violation using automated measures. We have used automated measures in making this decision.",,STATEMENT_CATEGORY_SCOPE_OF_PLATFORM_SERVICE,,,,"[""CONTENT_TYPE_VIDEO""]",,,"2024-11-23 00:00:00","[""AT"",""BE"",""BG"",""CY"",""CZ"",""DE"",""DK"",""EE"",""ES"",""FI"",""FR"",""GR"",""HR"",""HU"",""IE"",""IT"",""LI"",""LT"",""LU"",""LV"",""MT"",""NL"",""NO"",""PL"",""PT"",""RO"",""SE"",""SI"",""SK""]","2024-11-23 00:00:00","The decision was taken pursuant to own-initiative investigations.",SOURCE_VOLUNTARY,,Yes,AUTOMATED_DECISION_FULLY,TikTok,7440371668872174369,"2024-11-23 07:22:21"
c4091a81-ef3d-4cf0-af76-c8daff9427e6,"[""DECISION_VISIBILITY_CONTENT_REMOVED""]",,,,,,,,,,,DECISION_GROUND_INCOMPATIBLE_CONTENT,,,,"Harassment and Bullying","We welcome the respectful expression of different viewpoints, but not toxicity or trolling. We do not allow language or behavior that harasses, humiliates, threatens, or doxes anyone. This also includes responding to such acts with retaliatory harassment (but excludes non-harassing counterspeech).We proactively enforce our Community Guidelines through a mix of technology and human moderation. We have detected this policy violation using automated measures. We have used automated measures in making this decision.",,STATEMENT_CATEGORY_ILLEGAL_OR_HARMFUL_SPEECH,,,,"[""CONTENT_TYPE_TEXT""]",,,"2024-11-23 00:00:00","[""AT"",""BE"",""BG"",""CY"",""CZ"",""DE"",""DK"",""EE"",""ES"",""FI"",""FR"",""GR"",""HR"",""HU"",""IE"",""IT"",""LI"",""LT"",""LU"",""LV"",""MT"",""NL"",""NO"",""PL"",""PT"",""RO"",""SE"",""SI"",""SK""]","2024-11-23 00:00:00","The decision was taken pursuant to own-initiative investigations.",SOURCE_VOLUNTARY,,Yes,AUTOMATED_DECISION_FULLY,TikTok,7440371668872190753,"2024-11-23 07:22:21"
4a3996d9-ed09-4092-b0d6-66d1bd0105c8,"[""DECISION_VISIBILITY_CONTENT_REMOVED""]",,,,,,,,,,,DECISION_GROUND_INCOMPATIBLE_CONTENT,,,,"Harassment and Bullying","We welcome the respectful expression of different viewpoints, but not toxicity or trolling. We do not allow language or behavior that harasses, humiliates, threatens, or doxes anyone. This also includes responding to such acts with retaliatory harassment (but excludes non-harassing counterspeech).We proactively enforce our Community Guidelines through a mix of technology and human moderation. We have detected this policy violation using automated measures. We have used automated measures in making this decision.",,STATEMENT_CATEGORY_ILLEGAL_OR_HARMFUL_SPEECH,,,,"[""CONTENT_TYPE_TEXT""]",,,"2024-11-23 00:00:00","[""AT"",""BE"",""BG"",""CY"",""CZ"",""DE"",""DK"",""EE"",""ES"",""FI"",""FR"",""GR"",""HR"",""HU"",""IE"",""IT"",""LI"",""LT"",""LU"",""LV"",""MT"",""NL"",""NO"",""PL"",""PT"",""RO"",""SE"",""SI"",""SK""]","2024-11-23 00:00:00","The decision was taken pursuant to own-initiative investigations.",SOURCE_VOLUNTARY,,Yes,AUTOMATED_DECISION_FULLY,TikTok,7440371668872207137,"2024-11-23 07:22:21"
a9139e97-3850-4e4f-a81d-342f0eeea5f4,"[""DECISION_VISIBILITY_CONTENT_REMOVED""]",,,,,,,,,,,DECISION_GROUND_INCOMPATIBLE_CONTENT,,,,"Sexual Exploitation and Gender-Based Violence","We are committed to providing a space that embraces gender equity, supports healthy relationships, and respects intimate privacy. We do not allow sexual exploitation or gender-based violence, including non-consensual sexual acts, image-based sexual abuse, sextortion, physical abuse, and sexual harassment.We proactively enforce our Community Guidelines through a mix of technology and human moderation. We have detected this policy violation using automated measures. We have used automated measures in making this decision.",,STATEMENT_CATEGORY_VIOLENCE,,,,"[""CONTENT_TYPE_TEXT""]",,,"2024-11-23 00:00:00","[""AT"",""BE"",""BG"",""CY"",""CZ"",""DE"",""DK"",""EE"",""ES"",""FI"",""FR"",""GR"",""HR"",""HU"",""IE"",""IT"",""LI"",""LT"",""LU"",""LV"",""MT"",""NL"",""NO"",""PL"",""PT"",""RO"",""SE"",""SI"",""SK""]","2024-11-23 00:00:00","The decision was taken pursuant to own-initiative investigations.",SOURCE_VOLUNTARY,,Yes,AUTOMATED_DECISION_FULLY,TikTok,7440371670738656033,"2024-11-23 07:22:21"
08eb140b-2f72-4469-8989-6d2328bec4e9,"[""DECISION_VISIBILITY_OTHER""]","Video not eligible for recommendation in the For You feed",,,,,,,,,,DECISION_GROUND_INCOMPATIBLE_CONTENT,,,,"Community Guidelines","We maintain content eligibility standards for the For You feed (FYF) that prioritize safety and are informed by the diversity of our community and cultural norms. We make ineligible for the FYF certain content that may not be appropriate for a broad audience related to: (1) Behavioral Health, (2) Sensitive and Mature Themes, (3) Integrity and Authenticity, and (4) Regulated Goods. Content that is ineligible for the FYF can still be discovered in other ways, such as through search tools or by following an account.We proactively enforce our Community Guidelines through a mix of technology and human moderation. We have detected this policy violation using automated measures. We have used automated measures in making this decision.",,STATEMENT_CATEGORY_SCOPE_OF_PLATFORM_SERVICE,,,,"[""CONTENT_TYPE_VIDEO""]",,,"2024-11-23 00:00:00","[""AT"",""BE"",""BG"",""CY"",""CZ"",""DE"",""DK"",""EE"",""ES"",""FI"",""FR"",""GR"",""HR"",""HU"",""IE"",""IT"",""LI"",""LT"",""LU"",""LV"",""MT"",""NL"",""NO"",""PL"",""PT"",""RO"",""SE"",""SI"",""SK""]","2024-11-23 00:00:00","The decision was taken pursuant to own-initiative investigations.",SOURCE_VOLUNTARY,,Yes,AUTOMATED_DECISION_FULLY,TikTok,7440371670738672417,"2024-11-23 07:22:21"
6a5b6980-24bb-4f92-bdd9-a27366def8d3,"[""DECISION_VISIBILITY_OTHER""]","Video not eligible for recommendation in the For You feed",,,,,,,,,,DECISION_GROUND_INCOMPATIBLE_CONTENT,,,,"Nudity and Body Exposure","We celebrate all shapes and sizes and want people to feel comfortable in how they present themselves and their bodies. Content is ineligible for the For You feed and harder to find in search if it shows moderate body exposure of a young person, or significant body exposure of an adult. We allow regional exceptions for body exposure in limited situations, such as common cultural practices.We proactively enforce our Community Guidelines through a mix of technology and human moderation. We have detected this policy violation using automated measures. We have used automated measures in making this decision.",,STATEMENT_CATEGORY_SCOPE_OF_PLATFORM_SERVICE,,,,"[""CONTENT_TYPE_VIDEO""]",,,"2024-11-23 00:00:00","[""AT"",""BE"",""BG"",""CY"",""CZ"",""DE"",""DK"",""EE"",""ES"",""FI"",""FR"",""GR"",""HR"",""HU"",""IE"",""IT"",""LI"",""LT"",""LU"",""LV"",""MT"",""NL"",""NO"",""PL"",""PT"",""RO"",""SE"",""SI"",""SK""]","2024-11-23 00:00:00","The decision was taken pursuant to own-initiative investigations.",SOURCE_VOLUNTARY,,Yes,AUTOMATED_DECISION_FULLY,TikTok,7440371670738688801,"2024-11-23 07:22:21"
102b2194-75da-4098-b4e8-8c0ef14779ec,"[""DECISION_VISIBILITY_CONTENT_REMOVED""]",,,,,,,,,,,DECISION_GROUND_INCOMPATIBLE_CONTENT,,,,"Harassment and Bullying","We welcome the respectful expression of different viewpoints, but not toxicity or trolling. We do not allow language or behavior that harasses, humiliates, threatens, or doxes anyone. This also includes responding to such acts with retaliatory harassment (but excludes non-harassing counterspeech).We proactively enforce our Community Guidelines through a mix of technology and human moderation. We have detected this policy violation using automated measures. We have used automated measures in making this decision.",,STATEMENT_CATEGORY_ILLEGAL_OR_HARMFUL_SPEECH,,,,"[""CONTENT_TYPE_TEXT""]",,,"2024-11-23 00:00:00","[""AT"",""BE"",""BG"",""CY"",""CZ"",""DE"",""DK"",""EE"",""ES"",""FI"",""FR"",""GR"",""HR"",""HU"",""IE"",""IT"",""LI"",""LT"",""LU"",""LV"",""MT"",""NL"",""NO"",""PL"",""PT"",""RO"",""SE"",""SI"",""SK""]","2024-11-23 00:00:00","The decision was taken pursuant to own-initiative investigations.",SOURCE_VOLUNTARY,,Yes,AUTOMATED_DECISION_FULLY,TikTok,7440371668872223521,"2024-11-23 07:22:21"
5ad06230-a8ec-4740-a656-0bd17ecb60f4,"[""DECISION_VISIBILITY_CONTENT_REMOVED""]",,,,,,,,,,,DECISION_GROUND_INCOMPATIBLE_CONTENT,,,,"Harassment and Bullying","We welcome the respectful expression of different viewpoints, but not toxicity or trolling. We do not allow language or behavior that harasses, humiliates, threatens, or doxes anyone. This also includes responding to such acts with retaliatory harassment (but excludes non-harassing counterspeech).We proactively enforce our Community Guidelines through a mix of technology and human moderation. We have detected this policy violation using automated measures. We have used automated measures in making this decision.",,STATEMENT_CATEGORY_ILLEGAL_OR_HARMFUL_SPEECH,,,,"[""CONTENT_TYPE_TEXT""]",,,"2024-11-23 00:00:00","[""AT"",""BE"",""BG"",""CY"",""CZ"",""DE"",""DK"",""EE"",""ES"",""FI"",""FR"",""GR"",""HR"",""HU"",""IE"",""IT"",""LI"",""LT"",""LU"",""LV"",""MT"",""NL"",""NO"",""PL"",""PT"",""RO"",""SE"",""SI"",""SK""]","2024-11-23 00:00:00","The decision was taken pursuant to own-initiative investigations.",SOURCE_VOLUNTARY,,Yes,AUTOMATED_DECISION_FULLY,TikTok,7440371675255806752,"2024-11-23 07:22:21"
0e26f3e7-2d0f-483a-adf8-77a631db26f0,"[""DECISION_VISIBILITY_CONTENT_REMOVED""]",,,,,,,,,,,DECISION_GROUND_INCOMPATIBLE_CONTENT,,,,"Spam and Deceptive Account Behaviors","To build a trusted community online, it is important that the behaviors and identities of accounts are authentic and truthful. We do not allow account behaviors that may spam or mislead our community. We will restrict the visibility of comments that contain excessive or irrelevant spam content. We proactively enforce our Community Guidelines through a mix of technology and human moderation. We have detected this policy violation using automated measures. We have used automated measures in making this decision.",,STATEMENT_CATEGORY_SCAMS_AND_FRAUD,,,,"[""CONTENT_TYPE_TEXT""]",,,"2024-11-23 00:00:00","[""AT"",""BE"",""BG"",""CY"",""CZ"",""DE"",""DK"",""EE"",""ES"",""FI"",""FR"",""GR"",""HR"",""HU"",""IE"",""IT"",""LI"",""LT"",""LU"",""LV"",""MT"",""NL"",""NO"",""PL"",""PT"",""RO"",""SE"",""SI"",""SK""]","2024-11-23 00:00:00","The decision was taken pursuant to own-initiative investigations.",SOURCE_VOLUNTARY,,Yes,AUTOMATED_DECISION_FULLY,TikTok,7440371675255823136,"2024-11-23 07:22:21"
c6661bb0-4eaa-40a9-a6f4-d707b7e78685,"[""DECISION_VISIBILITY_OTHER""]","Video not eligible for recommendation in the For You feed",,,,,,,,,,DECISION_GROUND_INCOMPATIBLE_CONTENT,,,,"Community Guidelines","We maintain content eligibility standards for the For You feed (FYF) that prioritize safety and are informed by the diversity of our community and cultural norms. We make ineligible for the FYF certain content that may not be appropriate for a broad audience related to: (1) Behavioral Health, (2) Sensitive and Mature Themes, (3) Integrity and Authenticity, and (4) Regulated Goods. Content that is ineligible for the FYF can still be discovered in other ways, such as through search tools or by following an account.We proactively enforce our Community Guidelines through a mix of technology and human moderation. We have detected this policy violation using automated measures. We have used automated measures in making this decision.",,STATEMENT_CATEGORY_SCOPE_OF_PLATFORM_SERVICE,,,,"[""CONTENT_TYPE_VIDEO""]",,,"2024-11-23 00:00:00","[""AT"",""BE"",""BG"",""CY"",""CZ"",""DE"",""DK"",""EE"",""ES"",""FI"",""FR"",""GR"",""HR"",""HU"",""IE"",""IT"",""LI"",""LT"",""LU"",""LV"",""MT"",""NL"",""NO"",""PL"",""PT"",""RO"",""SE"",""SI"",""SK""]","2024-11-23 00:00:00","The decision was taken pursuant to own-initiative investigations.",SOURCE_VOLUNTARY,,Yes,AUTOMATED_DECISION_FULLY,TikTok,7440371674739907361,"2024-11-23 07:22:21"
d246b035-3a19-4f4f-9a1f-c67b4af5aca3,"[""DECISION_VISIBILITY_OTHER""]","Video not eligible for recommendation in the For You feed",,,,,,,,,,DECISION_GROUND_INCOMPATIBLE_CONTENT,,,,"Animal Abuse","We want our platform to be a place that respects animals and celebrates how they enrich our lives across different cultures and regions. Content is ineligible for the For You feed and harder to find in search if it involves depictions that may cause discomfort or shock.We proactively enforce our Community Guidelines through a mix of technology and human moderation. We have detected this policy violation using automated measures. We have used automated measures in making this decision.",,STATEMENT_CATEGORY_ANIMAL_WELFARE,,,,"[""CONTENT_TYPE_VIDEO""]",,,"2024-11-23 00:00:00","[""AT"",""BE"",""BG"",""CY"",""CZ"",""DE"",""DK"",""EE"",""ES"",""FI"",""FR"",""GR"",""HR"",""HU"",""IE"",""IT"",""LI"",""LT"",""LU"",""LV"",""MT"",""NL"",""NO"",""PL"",""PT"",""RO"",""SE"",""SI"",""SK""]","2024-11-23 00:00:00","The decision was taken pursuant to own-initiative investigations.",SOURCE_VOLUNTARY,,Yes,AUTOMATED_DECISION_FULLY,TikTok,7440371674739923745,"2024-11-23 07:22:21"
de80a90e-7be8-427a-bbd8-60a38e429a12,"[""DECISION_VISIBILITY_CONTENT_REMOVED""]",,,,,,,,,,,DECISION_GROUND_INCOMPATIBLE_CONTENT,,,,"Harassment and Bullying","We welcome the respectful expression of different viewpoints, but not toxicity or trolling. We do not allow language or behavior that harasses, humiliates, threatens, or doxes anyone. This also includes responding to such acts with retaliatory harassment (but excludes non-harassing counterspeech).We proactively enforce our Community Guidelines through a mix of technology and human moderation. We have detected this policy violation using automated measures. We have used automated measures in making this decision.",,STATEMENT_CATEGORY_ILLEGAL_OR_HARMFUL_SPEECH,,,,"[""CONTENT_TYPE_TEXT""]",,,"2024-11-23 00:00:00","[""AT"",""BE"",""BG"",""CY"",""CZ"",""DE"",""DK"",""EE"",""ES"",""FI"",""FR"",""GR"",""HR"",""HU"",""IE"",""IT"",""LI"",""LT"",""LU"",""LV"",""MT"",""NL"",""NO"",""PL"",""PT"",""RO"",""SE"",""SI"",""SK""]","2024-11-23 00:00:00","The decision was taken pursuant to own-initiative investigations.",SOURCE_VOLUNTARY,,Yes,AUTOMATED_DECISION_FULLY,TikTok,7440371674739940129,"2024-11-23 07:22:21"
59d3bce5-9d30-479d-b72c-89fbe48dcf35,"[""DECISION_VISIBILITY_OTHER""]","Video not eligible for recommendation in the For You feed",,,,,,,,,,DECISION_GROUND_INCOMPATIBLE_CONTENT,,,,"Community Guidelines","We maintain content eligibility standards for the For You feed (FYF) that prioritize safety and are informed by the diversity of our community and cultural norms. We make ineligible for the FYF certain content that may not be appropriate for a broad audience related to: (1) Behavioral Health, (2) Sensitive and Mature Themes, (3) Integrity and Authenticity, and (4) Regulated Goods. Content that is ineligible for the FYF can still be discovered in other ways, such as through search tools or by following an account.We proactively enforce our Community Guidelines through a mix of technology and human moderation. We have detected this policy violation using automated measures. We have used automated measures in making this decision.",,STATEMENT_CATEGORY_SCOPE_OF_PLATFORM_SERVICE,,,,"[""CONTENT_TYPE_VIDEO""]",,,"2024-11-23 00:00:00","[""AT"",""BE"",""BG"",""CY"",""CZ"",""DE"",""DK"",""EE"",""ES"",""FI"",""FR"",""GR"",""HR"",""HU"",""IE"",""IT"",""LI"",""LT"",""LU"",""LV"",""MT"",""NL"",""NO"",""PL"",""PT"",""RO"",""SE"",""SI"",""SK""]","2024-11-23 00:00:00","The decision was taken pursuant to own-initiative investigations.",SOURCE_VOLUNTARY,,Yes,AUTOMATED_DECISION_FULLY,TikTok,7440371674739956513,"2024-11-23 07:22:21"
7433b819-7728-4e7c-9c18-426282fabf2f,"[""DECISION_VISIBILITY_CONTENT_REMOVED""]",,,,,,,,,,,DECISION_GROUND_INCOMPATIBLE_CONTENT,,,,"Harassment and Bullying","We welcome the respectful expression of different viewpoints, but not toxicity or trolling. We do not allow language or behavior that harasses, humiliates, threatens, or doxes anyone. This also includes responding to such acts with retaliatory harassment (but excludes non-harassing counterspeech).We proactively enforce our Community Guidelines through a mix of technology and human moderation. We have detected this policy violation using automated measures. We have used automated measures in making this decision.",,STATEMENT_CATEGORY_ILLEGAL_OR_HARMFUL_SPEECH,,,,"[""CONTENT_TYPE_TEXT""]",,,"2024-11-23 00:00:00","[""AT"",""BE"",""BG"",""CY"",""CZ"",""DE"",""DK"",""EE"",""ES"",""FI"",""FR"",""GR"",""HR"",""HU"",""IE"",""IT"",""LI"",""LT"",""LU"",""LV"",""MT"",""NL"",""NO"",""PL"",""PT"",""RO"",""SE"",""SI"",""SK""]","2024-11-23 00:00:00","The decision was taken pursuant to own-initiative investigations.",SOURCE_VOLUNTARY,,Yes,AUTOMATED_DECISION_FULLY,TikTok,7440371675255839520,"2024-11-23 07:22:21"
ea3f391d-de90-4db4-a17e-35f9ea9c72f2,"[""DECISION_VISIBILITY_OTHER""]","Video not eligible for recommendation in the For You feed",,,,,,,,,,DECISION_GROUND_INCOMPATIBLE_CONTENT,,,,"Community Guidelines","We maintain content eligibility standards for the For You feed (FYF) that prioritize safety and are informed by the diversity of our community and cultural norms. We make ineligible for the FYF certain content that may not be appropriate for a broad audience related to: (1) Behavioral Health, (2) Sensitive and Mature Themes, (3) Integrity and Authenticity, and (4) Regulated Goods. Content that is ineligible for the FYF can still be discovered in other ways, such as through search tools or by following an account.We proactively enforce our Community Guidelines through a mix of technology and human moderation. We have detected this policy violation using automated measures. We have used automated measures in making this decision.",,STATEMENT_CATEGORY_SCOPE_OF_PLATFORM_SERVICE,,,,"[""CONTENT_TYPE_VIDEO""]",,,"2024-11-23 00:00:00","[""AT"",""BE"",""BG"",""CY"",""CZ"",""DE"",""DK"",""EE"",""ES"",""FI"",""FR"",""GR"",""HR"",""HU"",""IE"",""IT"",""LI"",""LT"",""LU"",""LV"",""MT"",""NL"",""NO"",""PL"",""PT"",""RO"",""SE"",""SI"",""SK""]","2024-11-23 00:00:00","The decision was taken pursuant to own-initiative investigations.",SOURCE_VOLUNTARY,,Yes,AUTOMATED_DECISION_FULLY,TikTok,7440371674739972897,"2024-11-23 07:22:21"
84d6f321-cbda-4703-953f-080fd237e4aa,"[""DECISION_VISIBILITY_OTHER""]","Video not eligible for recommendation in the For You feed",,,,,,,,,,DECISION_GROUND_INCOMPATIBLE_CONTENT,,,,"Alcohol, Tobacco, and Drugs","While adults make personal choices about how they engage with alcohol, drugs, and tobacco, we recognize that there are risks connected to trading and using these substances. Content is ineligible for the For You feed and harder to find in search if it shows adults consuming excessive amounts of alcohol or tobacco products.We proactively enforce our Community Guidelines through a mix of technology and human moderation. We have detected this policy violation using automated measures. We have used automated measures in making this decision.",,STATEMENT_CATEGORY_SCOPE_OF_PLATFORM_SERVICE,,,,"[""CONTENT_TYPE_VIDEO""]",,,"2024-11-23 00:00:00","[""AT"",""BE"",""BG"",""CY"",""CZ"",""DE"",""DK"",""EE"",""ES"",""FI"",""FR"",""GR"",""HR"",""HU"",""IE"",""IT"",""LI"",""LT"",""LU"",""LV"",""MT"",""NL"",""NO"",""PL"",""PT"",""RO"",""SE"",""SI"",""SK""]","2024-11-23 00:00:00","The decision was taken pursuant to own-initiative investigations.",SOURCE_VOLUNTARY,,Yes,AUTOMATED_DECISION_FULLY,TikTok,7440371674739989281,"2024-11-23 07:22:21"
26afa45e-96f1-4a06-8a4b-2349b8822d48,"[""DECISION_VISIBILITY_CONTENT_REMOVED""]",,,,,,,,,,,DECISION_GROUND_INCOMPATIBLE_CONTENT,,,,"Fake Engagement","Authentic engagement is central to the integrity of our platform and informs how we recommend content that others may find interesting. We do not allow the trade of services that attempt to artificially increase engagement or deceive TikTok’s recommendation system.We proactively enforce our Community Guidelines through a mix of technology and human moderation. We have detected this policy violation using automated measures.",,STATEMENT_CATEGORY_SCAMS_AND_FRAUD,,,,"[""CONTENT_TYPE_IMAGE""]",,,"2024-11-19 00:00:00","[""AT"",""BE"",""BG"",""CY"",""CZ"",""DE"",""DK"",""EE"",""ES"",""FI"",""FR"",""GR"",""HR"",""HU"",""IE"",""IT"",""LI"",""LT"",""LU"",""LV"",""MT"",""NL"",""NO"",""PL"",""PT"",""RO"",""SE"",""SI"",""SK""]","2024-11-23 00:00:00","The decision was taken pursuant to own-initiative investigations.",SOURCE_VOLUNTARY,,Yes,AUTOMATED_DECISION_NOT_AUTOMATED,TikTok,7440371674740005665,"2024-11-23 07:22:21"
0c52786d-04b2-4223-ba38-1693f2eec19f,"[""DECISION_VISIBILITY_CONTENT_REMOVED""]",,,,,,,,,,,DECISION_GROUND_INCOMPATIBLE_CONTENT,,,,"Harassment and Bullying","We welcome the respectful expression of different viewpoints, but not toxicity or trolling. We do not allow language or behavior that harasses, humiliates, threatens, or doxes anyone. This also includes responding to such acts with retaliatory harassment (but excludes non-harassing counterspeech).We proactively enforce our Community Guidelines through a mix of technology and human moderation. We have detected this policy violation using automated measures. We have used automated measures in making this decision.",,STATEMENT_CATEGORY_ILLEGAL_OR_HARMFUL_SPEECH,,,,"[""CONTENT_TYPE_TEXT""]",,,"2024-11-23 00:00:00","[""AT"",""BE"",""BG"",""CY"",""CZ"",""DE"",""DK"",""EE"",""ES"",""FI"",""FR"",""GR"",""HR"",""HU"",""IE"",""IT"",""LI"",""LT"",""LU"",""LV"",""MT"",""NL"",""NO"",""PL"",""PT"",""RO"",""SE"",""SI"",""SK""]","2024-11-23 00:00:00","The decision was taken pursuant to own-initiative investigations.",SOURCE_VOLUNTARY,,Yes,AUTOMATED_DECISION_FULLY,TikTok,7440371675255855904,"2024-11-23 07:22:21"
3d4695b3-808f-4ca5-a3bd-2dacb64ecdce,"[""DECISION_VISIBILITY_OTHER""]","Video not eligible for recommendation in the For You feed",,,,,,,,,,DECISION_GROUND_INCOMPATIBLE_CONTENT,,,,"Sexually Suggestive Content","We are mindful that certain behaviors related to sexual arousal or suggestiveness may be offensive to some people and may put young people at risk of exploitation. Content is ineligible for the For You feed and harder to find in search if it shows sex products or intends to sexually arouse (such as intimate kissing, sexualized posing, and seductive performances or allusions to sexual activity by adults). We proactively enforce our Community Guidelines through a mix of technology and human moderation. We have detected this policy violation using automated measures. We have used automated measures in making this decision.",,STATEMENT_CATEGORY_SCOPE_OF_PLATFORM_SERVICE,,,,"[""CONTENT_TYPE_VIDEO""]",,,"2024-11-23 00:00:00","[""AT"",""BE"",""BG"",""CY"",""CZ"",""DE"",""DK"",""EE"",""ES"",""FI"",""FR"",""GR"",""HR"",""HU"",""IE"",""IT"",""LI"",""LT"",""LU"",""LV"",""MT"",""NL"",""NO"",""PL"",""PT"",""RO"",""SE"",""SI"",""SK""]","2024-11-23 00:00:00","The decision was taken pursuant to own-initiative investigations.",SOURCE_VOLUNTARY,,Yes,AUTOMATED_DECISION_FULLY,TikTok,7440371675255872288,"2024-11-23 07:22:21"
f33a56ec-915c-477b-99f2-a299d8e4ef16,"[""DECISION_VISIBILITY_CONTENT_REMOVED""]",,,,,,,,,,,DECISION_GROUND_INCOMPATIBLE_CONTENT,,,,"Harassment and Bullying","We welcome the respectful expression of different viewpoints, but not toxicity or trolling. We do not allow language or behavior that harasses, humiliates, threatens, or doxes anyone. This also includes responding to such acts with retaliatory harassment (but excludes non-harassing counterspeech).We proactively enforce our Community Guidelines through a mix of technology and human moderation. We have detected this policy violation using automated measures. We have used automated measures in making this decision.",,STATEMENT_CATEGORY_ILLEGAL_OR_HARMFUL_SPEECH,,,,"[""CONTENT_TYPE_TEXT""]",,,"2024-11-23 00:00:00","[""AT"",""BE"",""BG"",""CY"",""CZ"",""DE"",""DK"",""EE"",""ES"",""FI"",""FR"",""GR"",""HR"",""HU"",""IE"",""IT"",""LI"",""LT"",""LU"",""LV"",""MT"",""NL"",""NO"",""PL"",""PT"",""RO"",""SE"",""SI"",""SK""]","2024-11-23 00:00:00","The decision was taken pursuant to own-initiative investigations.",SOURCE_VOLUNTARY,,Yes,AUTOMATED_DECISION_FULLY,TikTok,7440371675255888672,"2024-11-23 07:22:21"
742be36f-0adc-4ba3-8347-36e4de4aba57,"[""DECISION_VISIBILITY_CONTENT_REMOVED""]",,,,,,,,,,,DECISION_GROUND_INCOMPATIBLE_CONTENT,,,,"Violent Behaviors and Criminal Activities","We recognize that online content related to violence can cause real-world harm. We do not allow any violent threats, incitement to violence, or promotion of criminal activities that may harm people, animals, or property. If there is a specific, credible, and imminent threat to human life or serious physical injury, we will report it to relevant law enforcement authorities.We proactively enforce our Community Guidelines through a mix of technology and human moderation. We have detected this policy violation using automated measures. We have used automated measures in making this decision.",,STATEMENT_CATEGORY_VIOLENCE,,,,"[""CONTENT_TYPE_TEXT""]",,,"2024-11-23 00:00:00","[""AT"",""BE"",""BG"",""CY"",""CZ"",""DE"",""DK"",""EE"",""ES"",""FI"",""FR"",""GR"",""HR"",""HU"",""IE"",""IT"",""LI"",""LT"",""LU"",""LV"",""MT"",""NL"",""NO"",""PL"",""PT"",""RO"",""SE"",""SI"",""SK""]","2024-11-23 00:00:00","The decision was taken pursuant to own-initiative investigations.",SOURCE_VOLUNTARY,,Yes,AUTOMATED_DECISION_FULLY,TikTok,7440371674740022049,"2024-11-23 07:22:21"
355644a6-49d8-412e-8648-eb0d1258e490,"[""DECISION_VISIBILITY_OTHER""]","Video not eligible for recommendation in the For You feed",,,,,,,,,,DECISION_GROUND_INCOMPATIBLE_CONTENT,,,,"Community Guidelines","We maintain content eligibility standards for the For You feed (FYF) that prioritize safety and are informed by the diversity of our community and cultural norms. We make ineligible for the FYF certain content that may not be appropriate for a broad audience related to: (1) Behavioral Health, (2) Sensitive and Mature Themes, (3) Integrity and Authenticity, and (4) Regulated Goods. Content that is ineligible for the FYF can still be discovered in other ways, such as through search tools or by following an account.We proactively enforce our Community Guidelines through a mix of technology and human moderation. We have detected this policy violation using automated measures. We have used automated measures in making this decision.",,STATEMENT_CATEGORY_SCOPE_OF_PLATFORM_SERVICE,,,,"[""CONTENT_TYPE_VIDEO""]",,,"2024-11-23 00:00:00","[""AT"",""BE"",""BG"",""CY"",""CZ"",""DE"",""DK"",""EE"",""ES"",""FI"",""FR"",""GR"",""HR"",""HU"",""IE"",""IT"",""LI"",""LT"",""LU"",""LV"",""MT"",""NL"",""NO"",""PL"",""PT"",""RO"",""SE"",""SI"",""SK""]","2024-11-23 00:00:00","The decision was taken pursuant to own-initiative investigations.",SOURCE_VOLUNTARY,,Yes,AUTOMATED_DECISION_FULLY,TikTok,7440371675255905056,"2024-11-23 07:22:21"
f1a8aea5-0f4a-461d-9921-6fbc11966969,"[""DECISION_VISIBILITY_CONTENT_REMOVED""]",,,,,,,,,,,DECISION_GROUND_INCOMPATIBLE_CONTENT,,,,"Harassment and Bullying","We welcome the respectful expression of different viewpoints, but not toxicity or trolling. We do not allow language or behavior that harasses, humiliates, threatens, or doxes anyone. This also includes responding to such acts with retaliatory harassment (but excludes non-harassing counterspeech).We proactively enforce our Community Guidelines through a mix of technology and human moderation. We have detected this policy violation using automated measures. We have used automated measures in making this decision.",,STATEMENT_CATEGORY_ILLEGAL_OR_HARMFUL_SPEECH,,,,"[""CONTENT_TYPE_TEXT""]",,,"2024-11-23 00:00:00","[""AT"",""BE"",""BG"",""CY"",""CZ"",""DE"",""DK"",""EE"",""ES"",""FI"",""FR"",""GR"",""HR"",""HU"",""IE"",""IT"",""LI"",""LT"",""LU"",""LV"",""MT"",""NL"",""NO"",""PL"",""PT"",""RO"",""SE"",""SI"",""SK""]","2024-11-23 00:00:00","The decision was taken pursuant to own-initiative investigations.",SOURCE_VOLUNTARY,,Yes,AUTOMATED_DECISION_FULLY,TikTok,7440371675255921440,"2024-11-23 07:22:21"
83605dd8-5aad-412c-b091-d2c94f228312,"[""DECISION_VISIBILITY_CONTENT_REMOVED""]",,,,,,,,,,,DECISION_GROUND_INCOMPATIBLE_CONTENT,,,,"Harassment and Bullying","We welcome the respectful expression of different viewpoints, but not toxicity or trolling. We do not allow language or behavior that harasses, humiliates, threatens, or doxes anyone. This also includes responding to such acts with retaliatory harassment (but excludes non-harassing counterspeech).We proactively enforce our Community Guidelines through a mix of technology and human moderation. We have detected this policy violation using automated measures. We have used automated measures in making this decision.",,STATEMENT_CATEGORY_ILLEGAL_OR_HARMFUL_SPEECH,,,,"[""CONTENT_TYPE_TEXT""]",,,"2024-11-23 00:00:00","[""AT"",""BE"",""BG"",""CY"",""CZ"",""DE"",""DK"",""EE"",""ES"",""FI"",""FR"",""GR"",""HR"",""HU"",""IE"",""IT"",""LI"",""LT"",""LU"",""LV"",""MT"",""NL"",""NO"",""PL"",""PT"",""RO"",""SE"",""SI"",""SK""]","2024-11-23 00:00:00","The decision was taken pursuant to own-initiative investigations.",SOURCE_VOLUNTARY,,Yes,AUTOMATED_DECISION_FULLY,TikTok,7440371674740038433,"2024-11-23 07:22:21"
5dab8bfa-3ce0-4fdd-a401-4cb3632acb67,"[""DECISION_VISIBILITY_CONTENT_REMOVED""]",,,,,,,,,,,DECISION_GROUND_INCOMPATIBLE_CONTENT,,,,"Harassment and Bullying","We welcome the respectful expression of different viewpoints, but not toxicity or trolling. We do not allow language or behavior that harasses, humiliates, threatens, or doxes anyone. This also includes responding to such acts with retaliatory harassment (but excludes non-harassing counterspeech).We proactively enforce our Community Guidelines through a mix of technology and human moderation. We have detected this policy violation using automated measures. We have used automated measures in making this decision.",,STATEMENT_CATEGORY_ILLEGAL_OR_HARMFUL_SPEECH,,,,"[""CONTENT_TYPE_TEXT""]",,,"2024-11-23 00:00:00","[""AT"",""BE"",""BG"",""CY"",""CZ"",""DE"",""DK"",""EE"",""ES"",""FI"",""FR"",""GR"",""HR"",""HU"",""IE"",""IT"",""LI"",""LT"",""LU"",""LV"",""MT"",""NL"",""NO"",""PL"",""PT"",""RO"",""SE"",""SI"",""SK""]","2024-11-23 00:00:00","The decision was taken pursuant to own-initiative investigations.",SOURCE_VOLUNTARY,,Yes,AUTOMATED_DECISION_FULLY,TikTok,7440371675255937824,"2024-11-23 07:22:21"
f0fd5132-ed3e-4cdb-8bbd-7ec0953e5f8b,"[""DECISION_VISIBILITY_CONTENT_REMOVED""]",,,,,,,,,,,DECISION_GROUND_INCOMPATIBLE_CONTENT,,,,"Harassment and Bullying","We welcome the respectful expression of different viewpoints, but not toxicity or trolling. We do not allow language or behavior that harasses, humiliates, threatens, or doxes anyone. This also includes responding to such acts with retaliatory harassment (but excludes non-harassing counterspeech).We proactively enforce our Community Guidelines through a mix of technology and human moderation. We have detected this policy violation using automated measures. We have used automated measures in making this decision.",,STATEMENT_CATEGORY_ILLEGAL_OR_HARMFUL_SPEECH,,,,"[""CONTENT_TYPE_TEXT""]",,,"2024-11-23 00:00:00","[""AT"",""BE"",""BG"",""CY"",""CZ"",""DE"",""DK"",""EE"",""ES"",""FI"",""FR"",""GR"",""HR"",""HU"",""IE"",""IT"",""LI"",""LT"",""LU"",""LV"",""MT"",""NL"",""NO"",""PL"",""PT"",""RO"",""SE"",""SI"",""SK""]","2024-11-23 00:00:00","The decision was taken pursuant to own-initiative investigations.",SOURCE_VOLUNTARY,,Yes,AUTOMATED_DECISION_FULLY,TikTok,7440371675255954208,"2024-11-23 07:22:21"
bdf2a33c-f78a-46c7-99db-d6005bc2ac4e,"[""DECISION_VISIBILITY_OTHER""]","Video not eligible for recommendation in the For You feed",,,,,,,,,,DECISION_GROUND_INCOMPATIBLE_CONTENT,,,,"Alcohol, Tobacco, and Drugs","While adults make personal choices about how they engage with alcohol, drugs, and tobacco, we recognize that there are risks connected to trading and using these substances. Content is ineligible for the For You feed and harder to find in search if it shows adults consuming excessive amounts of alcohol or tobacco products.We proactively enforce our Community Guidelines through a mix of technology and human moderation. We have detected this policy violation using automated measures. We have used automated measures in making this decision.",,STATEMENT_CATEGORY_SCOPE_OF_PLATFORM_SERVICE,,,,"[""CONTENT_TYPE_VIDEO""]",,,"2024-11-23 00:00:00","[""AT"",""BE"",""BG"",""CY"",""CZ"",""DE"",""DK"",""EE"",""ES"",""FI"",""FR"",""GR"",""HR"",""HU"",""IE"",""IT"",""LI"",""LT"",""LU"",""LV"",""MT"",""NL"",""NO"",""PL"",""PT"",""RO"",""SE"",""SI"",""SK""]","2024-11-23 00:00:00","The decision was taken pursuant to own-initiative investigations.",SOURCE_VOLUNTARY,,Yes,AUTOMATED_DECISION_FULLY,TikTok,7440371674740054817,"2024-11-23 07:22:21"
d65949be-902e-4669-8c00-f97a2e32e98f,"[""DECISION_VISIBILITY_CONTENT_REMOVED""]",,,,,,,,,,,DECISION_GROUND_INCOMPATIBLE_CONTENT,,,,"Sexual Exploitation and Gender-Based Violence","We are committed to providing a space that embraces gender equity, supports healthy relationships, and respects intimate privacy. We do not allow sexual exploitation or gender-based violence, including non-consensual sexual acts, image-based sexual abuse, sextortion, physical abuse, and sexual harassment.We proactively enforce our Community Guidelines through a mix of technology and human moderation. We have detected this policy violation using automated measures.",,STATEMENT_CATEGORY_VIOLENCE,,,,"[""CONTENT_TYPE_TEXT""]",,,"2024-11-23 00:00:00","[""AT"",""BE"",""BG"",""CY"",""CZ"",""DE"",""DK"",""EE"",""ES"",""FI"",""FR"",""GR"",""HR"",""HU"",""IE"",""IT"",""LI"",""LT"",""LU"",""LV"",""MT"",""NL"",""NO"",""PL"",""PT"",""RO"",""SE"",""SI"",""SK""]","2024-11-23 00:00:00","The decision was taken pursuant to own-initiative investigations.",SOURCE_VOLUNTARY,,Yes,AUTOMATED_DECISION_NOT_AUTOMATED,TikTok,7440371677898218273,"2024-11-23 07:22:21"
f09bf2a6-a2c4-4766-9656-6d7096cb5ae5,"[""DECISION_VISIBILITY_OTHER""]","Photo not eligible for recommendation in the For You feed, and visibility restricted in search results",,,,,,,,,,DECISION_GROUND_INCOMPATIBLE_CONTENT,,,,"Dangerous Activities and Challenges","Most activities or challenges are appropriate for everyone, but some may carry a risk of significant injury. Content is ineligible for the For You feed if it involves activities likely to lead to moderate physical harm or includes professionals performing extreme sports and stunts that may endanger others.We proactively enforce our Community Guidelines through a mix of technology and human moderation. We have detected this policy violation using automated measures. We have used automated measures in making this decision.",,STATEMENT_CATEGORY_SCOPE_OF_PLATFORM_SERVICE,,,,"[""CONTENT_TYPE_IMAGE""]",,,"2024-11-23 00:00:00","[""AT"",""BE"",""BG"",""CY"",""CZ"",""DE"",""DK"",""EE"",""ES"",""FI"",""FR"",""GR"",""HR"",""HU"",""IE"",""IT"",""LI"",""LT"",""LU"",""LV"",""MT"",""NL"",""NO"",""PL"",""PT"",""RO"",""SE"",""SI"",""SK""]","2024-11-23 00:00:00","The decision was taken pursuant to own-initiative investigations.",SOURCE_VOLUNTARY,,Yes,AUTOMATED_DECISION_FULLY,TikTok,7440371679198452512,"2024-11-23 07:22:21"
d082c05e-fd11-4860-bdf6-559cd9951893,"[""DECISION_VISIBILITY_CONTENT_REMOVED""]",,,,,,,,,,,DECISION_GROUND_INCOMPATIBLE_CONTENT,,,,"Harassment and Bullying","We welcome the respectful expression of different viewpoints, but not toxicity or trolling. We do not allow language or behavior that harasses, humiliates, threatens, or doxes anyone. This also includes responding to such acts with retaliatory harassment (but excludes non-harassing counterspeech).We proactively enforce our Community Guidelines through a mix of technology and human moderation. We have detected this policy violation using automated measures. We have used automated measures in making this decision.",,STATEMENT_CATEGORY_ILLEGAL_OR_HARMFUL_SPEECH,,,,"[""CONTENT_TYPE_TEXT""]",,,"2024-11-23 00:00:00","[""AT"",""BE"",""BG"",""CY"",""CZ"",""DE"",""DK"",""EE"",""ES"",""FI"",""FR"",""GR"",""HR"",""HU"",""IE"",""IT"",""LI"",""LT"",""LU"",""LV"",""MT"",""NL"",""NO"",""PL"",""PT"",""RO"",""SE"",""SI"",""SK""]","2024-11-23 00:00:00","The decision was taken pursuant to own-initiative investigations.",SOURCE_VOLUNTARY,,Yes,AUTOMATED_DECISION_FULLY,TikTok,7440371677898234657,"2024-11-23 07:22:21"
b6ade68c-e6d6-46cd-880e-d8249d6483c6,"[""DECISION_VISIBILITY_OTHER""]","Video not eligible for recommendation in the For You feed",,,,,,,,,,DECISION_GROUND_INCOMPATIBLE_CONTENT,,,,"Alcohol, Tobacco, and Drugs","While adults make personal choices about how they engage with alcohol, drugs, and tobacco, we recognize that there are risks connected to trading and using these substances. Content is ineligible for the For You feed and harder to find in search if it shows adults consuming excessive amounts of alcohol or tobacco products.We proactively enforce our Community Guidelines through a mix of technology and human moderation. We have detected this policy violation using automated measures. We have used automated measures in making this decision.",,STATEMENT_CATEGORY_SCOPE_OF_PLATFORM_SERVICE,,,,"[""CONTENT_TYPE_VIDEO""]",,,"2024-11-23 00:00:00","[""AT"",""BE"",""BG"",""CY"",""CZ"",""DE"",""DK"",""EE"",""ES"",""FI"",""FR"",""GR"",""HR"",""HU"",""IE"",""IT"",""LI"",""LT"",""LU"",""LV"",""MT"",""NL"",""NO"",""PL"",""PT"",""RO"",""SE"",""SI"",""SK""]","2024-11-23 00:00:00","The decision was taken pursuant to own-initiative investigations.",SOURCE_VOLUNTARY,,Yes,AUTOMATED_DECISION_FULLY,TikTok,7440371679198468896,"2024-11-23 07:22:21"
d06d845f-86db-414d-bc7b-4eb0f6be3a17,"[""DECISION_VISIBILITY_OTHER""]","Video not eligible for recommendation in the For You feed",,,,,,,,,,DECISION_GROUND_INCOMPATIBLE_CONTENT,,,,"Community Guidelines","We maintain content eligibility standards for the For You feed (FYF) that prioritize safety and are informed by the diversity of our community and cultural norms. We make ineligible for the FYF certain content that may not be appropriate for a broad audience related to: (1) Behavioral Health, (2) Sensitive and Mature Themes, (3) Integrity and Authenticity, and (4) Regulated Goods. Content that is ineligible for the FYF can still be discovered in other ways, such as through search tools or by following an account.We proactively enforce our Community Guidelines through a mix of technology and human moderation. We have detected this policy violation using automated measures. We have used automated measures in making this decision.",,STATEMENT_CATEGORY_SCOPE_OF_PLATFORM_SERVICE,,,,"[""CONTENT_TYPE_VIDEO""]",,,"2024-11-23 00:00:00","[""AT"",""BE"",""BG"",""CY"",""CZ"",""DE"",""DK"",""EE"",""ES"",""FI"",""FR"",""GR"",""HR"",""HU"",""IE"",""IT"",""LI"",""LT"",""LU"",""LV"",""MT"",""NL"",""NO"",""PL"",""PT"",""RO"",""SE"",""SI"",""SK""]","2024-11-23 00:00:00","The decision was taken pursuant to own-initiative investigations.",SOURCE_VOLUNTARY,,Yes,AUTOMATED_DECISION_FULLY,TikTok,7440371677898251041,"2024-11-23 07:22:21"
fe40bd66-7140-42d9-be48-fb90ceb5d2d9,"[""DECISION_VISIBILITY_CONTENT_REMOVED""]",,,,,,,,,,,DECISION_GROUND_INCOMPATIBLE_CONTENT,,,,"Hate Speech and Hateful Behaviors","TikTok is enriched by the various backgrounds of our community members. Our differences should be respected, rather than a cause for division. We do not allow any hateful behavior, hate speech, or promotion of hateful ideologies. This includes content that attacks a person or group because of protected attributes.We proactively enforce our Community Guidelines through a mix of technology and human moderation. We have detected this policy violation using automated measures. We have used automated measures in making this decision.",,STATEMENT_CATEGORY_ILLEGAL_OR_HARMFUL_SPEECH,,,,"[""CONTENT_TYPE_TEXT""]",,,"2024-11-23 00:00:00","[""AT"",""BE"",""BG"",""CY"",""CZ"",""DE"",""DK"",""EE"",""ES"",""FI"",""FR"",""GR"",""HR"",""HU"",""IE"",""IT"",""LI"",""LT"",""LU"",""LV"",""MT"",""NL"",""NO"",""PL"",""PT"",""RO"",""SE"",""SI"",""SK""]","2024-11-23 00:00:00","The decision was taken pursuant to own-initiative investigations.",SOURCE_VOLUNTARY,,Yes,AUTOMATED_DECISION_FULLY,TikTok,7440371677898267425,"2024-11-23 07:22:21"
a17fcc69-68a8-40f8-9d28-40fd81f482fb,"[""DECISION_VISIBILITY_CONTENT_REMOVED""]",,,,,,,,,,,DECISION_GROUND_INCOMPATIBLE_CONTENT,,,,"Harassment and Bullying","We welcome the respectful expression of different viewpoints, but not toxicity or trolling. We do not allow language or behavior that harasses, humiliates, threatens, or doxes anyone. This also includes responding to such acts with retaliatory harassment (but excludes non-harassing counterspeech).We proactively enforce our Community Guidelines through a mix of technology and human moderation. We have detected this policy violation using automated measures. We have used automated measures in making this decision.",,STATEMENT_CATEGORY_ILLEGAL_OR_HARMFUL_SPEECH,,,,"[""CONTENT_TYPE_TEXT""]",,,"2024-11-23 00:00:00","[""AT"",""BE"",""BG"",""CY"",""CZ"",""DE"",""DK"",""EE"",""ES"",""FI"",""FR"",""GR"",""HR"",""HU"",""IE"",""IT"",""LI"",""LT"",""LU"",""LV"",""MT"",""NL"",""NO"",""PL"",""PT"",""RO"",""SE"",""SI"",""SK""]","2024-11-23 00:00:00","The decision was taken pursuant to own-initiative investigations.",SOURCE_VOLUNTARY,,Yes,AUTOMATED_DECISION_FULLY,TikTok,7440371679198485280,"2024-11-23 07:22:21"
ae7eb326-5573-41b8-a20b-7f940a1d5906,"[""DECISION_VISIBILITY_CONTENT_REMOVED""]",,,,,,,,,,,DECISION_GROUND_INCOMPATIBLE_CONTENT,,,,"Harassment and Bullying","We welcome the respectful expression of different viewpoints, but not toxicity or trolling. We do not allow language or behavior that harasses, humiliates, threatens, or doxes anyone. This also includes responding to such acts with retaliatory harassment (but excludes non-harassing counterspeech).We proactively enforce our Community Guidelines through a mix of technology and human moderation. We have detected this policy violation using automated measures. We have used automated measures in making this decision.",,STATEMENT_CATEGORY_ILLEGAL_OR_HARMFUL_SPEECH,,,,"[""CONTENT_TYPE_TEXT""]",,,"2024-11-23 00:00:00","[""AT"",""BE"",""BG"",""CY"",""CZ"",""DE"",""DK"",""EE"",""ES"",""FI"",""FR"",""GR"",""HR"",""HU"",""IE"",""IT"",""LI"",""LT"",""LU"",""LV"",""MT"",""NL"",""NO"",""PL"",""PT"",""RO"",""SE"",""SI"",""SK""]","2024-11-23 00:00:00","The decision was taken pursuant to own-initiative investigations.",SOURCE_VOLUNTARY,,Yes,AUTOMATED_DECISION_FULLY,TikTok,7440371679198501664,"2024-11-23 07:22:21"
f0b78408-b4fc-4caa-9b40-003c4b743ab3,"[""DECISION_VISIBILITY_CONTENT_REMOVED""]",,,,,,,,,,,DECISION_GROUND_INCOMPATIBLE_CONTENT,,,,"Harassment and Bullying","We welcome the respectful expression of different viewpoints, but not toxicity or trolling. We do not allow language or behavior that harasses, humiliates, threatens, or doxes anyone. This also includes responding to such acts with retaliatory harassment (but excludes non-harassing counterspeech).We proactively enforce our Community Guidelines through a mix of technology and human moderation. We have detected this policy violation using automated measures. We have used automated measures in making this decision.",,STATEMENT_CATEGORY_ILLEGAL_OR_HARMFUL_SPEECH,,,,"[""CONTENT_TYPE_TEXT""]",,,"2024-11-23 00:00:00","[""AT"",""BE"",""BG"",""CY"",""CZ"",""DE"",""DK"",""EE"",""ES"",""FI"",""FR"",""GR"",""HR"",""HU"",""IE"",""IT"",""LI"",""LT"",""LU"",""LV"",""MT"",""NL"",""NO"",""PL"",""PT"",""RO"",""SE"",""SI"",""SK""]","2024-11-23 00:00:00","The decision was taken pursuant to own-initiative investigations.",SOURCE_VOLUNTARY,,Yes,AUTOMATED_DECISION_FULLY,TikTok,7440371677898283809,"2024-11-23 07:22:21"
aab48cfb-656a-4946-a2c6-c81fa458a6bf,"[""DECISION_VISIBILITY_CONTENT_REMOVED""]",,,,,,,,,,,DECISION_GROUND_INCOMPATIBLE_CONTENT,,,,"Civic and Election Integrity","Elections are important moments of community conversation and promote the values of an open society. We do not allow misinformation about civic and electoral processes, regardless of intent. This includes misinformation about how to vote, registering to vote, eligibility requirements of  candidates, the processes to count ballots and certify elections, and the final outcome of an election.We proactively enforce our Community Guidelines through a mix of technology and human moderation. We have detected this policy violation using automated measures. We have used automated measures in making this decision.",,STATEMENT_CATEGORY_NEGATIVE_EFFECTS_ON_CIVIC_DISCOURSE_OR_ELECTIONS,,,,"[""CONTENT_TYPE_IMAGE""]",,,"2024-11-23 00:00:00","[""AT"",""BE"",""BG"",""CY"",""CZ"",""DE"",""DK"",""EE"",""ES"",""FI"",""FR"",""GR"",""HR"",""HU"",""IE"",""IT"",""LI"",""LT"",""LU"",""LV"",""MT"",""NL"",""NO"",""PL"",""PT"",""RO"",""SE"",""SI"",""SK""]","2024-11-23 00:00:00","The decision was taken pursuant to own-initiative investigations.",SOURCE_VOLUNTARY,,Yes,AUTOMATED_DECISION_FULLY,TikTok,7440371679198518048,"2024-11-23 07:22:21"
efe4ca9d-c054-4782-b5b7-139056bbc481,"[""DECISION_VISIBILITY_CONTENT_REMOVED""]",,,,,,,,,,,DECISION_GROUND_INCOMPATIBLE_CONTENT,,,,"Harassment and Bullying","We welcome the respectful expression of different viewpoints, but not toxicity or trolling. We do not allow language or behavior that harasses, humiliates, threatens, or doxes anyone. This also includes responding to such acts with retaliatory harassment (but excludes non-harassing counterspeech).We proactively enforce our Community Guidelines through a mix of technology and human moderation. We have detected this policy violation using automated measures. We have used automated measures in making this decision.",,STATEMENT_CATEGORY_ILLEGAL_OR_HARMFUL_SPEECH,,,,"[""CONTENT_TYPE_TEXT""]",,,"2024-11-23 00:00:00","[""AT"",""BE"",""BG"",""CY"",""CZ"",""DE"",""DK"",""EE"",""ES"",""FI"",""FR"",""GR"",""HR"",""HU"",""IE"",""IT"",""LI"",""LT"",""LU"",""LV"",""MT"",""NL"",""NO"",""PL"",""PT"",""RO"",""SE"",""SI"",""SK""]","2024-11-23 00:00:00","The decision was taken pursuant to own-initiative investigations.",SOURCE_VOLUNTARY,,Yes,AUTOMATED_DECISION_FULLY,TikTok,7440371677898300193,"2024-11-23 07:22:21"
82b70650-3eac-46b9-a279-9ec24eb301a8,"[""DECISION_VISIBILITY_CONTENT_REMOVED""]",,,,,,,,,,,DECISION_GROUND_INCOMPATIBLE_CONTENT,,,,"Harassment and Bullying","We welcome the respectful expression of different viewpoints, but not toxicity or trolling. We do not allow language or behavior that harasses, humiliates, threatens, or doxes anyone. This also includes responding to such acts with retaliatory harassment (but excludes non-harassing counterspeech).We proactively enforce our Community Guidelines through a mix of technology and human moderation. We have detected this policy violation using automated measures. We have used automated measures in making this decision.",,STATEMENT_CATEGORY_ILLEGAL_OR_HARMFUL_SPEECH,,,,"[""CONTENT_TYPE_TEXT""]",,,"2024-11-23 00:00:00","[""AT"",""BE"",""BG"",""CY"",""CZ"",""DE"",""DK"",""EE"",""ES"",""FI"",""FR"",""GR"",""HR"",""HU"",""IE"",""IT"",""LI"",""LT"",""LU"",""LV"",""MT"",""NL"",""NO"",""PL"",""PT"",""RO"",""SE"",""SI"",""SK""]","2024-11-23 00:00:00","The decision was taken pursuant to own-initiative investigations.",SOURCE_VOLUNTARY,,Yes,AUTOMATED_DECISION_FULLY,TikTok,7440371722571799328,"2024-11-23 07:22:22"
34d06fbb-d125-4bb3-a772-eadf860f6394,"[""DECISION_VISIBILITY_CONTENT_REMOVED""]",,,,,,,,,,,DECISION_GROUND_INCOMPATIBLE_CONTENT,,,,"Harassment and Bullying","We welcome the respectful expression of different viewpoints, but not toxicity or trolling. We do not allow language or behavior that harasses, humiliates, threatens, or doxes anyone. This also includes responding to such acts with retaliatory harassment (but excludes non-harassing counterspeech).We proactively enforce our Community Guidelines through a mix of technology and human moderation. We have detected this policy violation using automated measures. We have used automated measures in making this decision.",,STATEMENT_CATEGORY_ILLEGAL_OR_HARMFUL_SPEECH,,,,"[""CONTENT_TYPE_TEXT""]",,,"2024-11-23 00:00:00","[""AT"",""BE"",""BG"",""CY"",""CZ"",""DE"",""DK"",""EE"",""ES"",""FI"",""FR"",""GR"",""HR"",""HU"",""IE"",""IT"",""LI"",""LT"",""LU"",""LV"",""MT"",""NL"",""NO"",""PL"",""PT"",""RO"",""SE"",""SI"",""SK""]","2024-11-23 00:00:00","The decision was taken pursuant to own-initiative investigations.",SOURCE_VOLUNTARY,,Yes,AUTOMATED_DECISION_FULLY,TikTok,7440371722571815712,"2024-11-23 07:22:22"
1293ed0a-ff98-4989-a493-86ea8d32e9a2,"[""DECISION_VISIBILITY_CONTENT_REMOVED""]",,,,,,,,,,,DECISION_GROUND_INCOMPATIBLE_CONTENT,,,,"Harassment and Bullying","We welcome the respectful expression of different viewpoints, but not toxicity or trolling. We do not allow language or behavior that harasses, humiliates, threatens, or doxes anyone. This also includes responding to such acts with retaliatory harassment (but excludes non-harassing counterspeech).We proactively enforce our Community Guidelines through a mix of technology and human moderation. We have detected this policy violation using automated measures. We have used automated measures in making this decision.",,STATEMENT_CATEGORY_ILLEGAL_OR_HARMFUL_SPEECH,,,,"[""CONTENT_TYPE_TEXT""]",,,"2024-11-23 00:00:00","[""AT"",""BE"",""BG"",""CY"",""CZ"",""DE"",""DK"",""EE"",""ES"",""FI"",""FR"",""GR"",""HR"",""HU"",""IE"",""IT"",""LI"",""LT"",""LU"",""LV"",""MT"",""NL"",""NO"",""PL"",""PT"",""RO"",""SE"",""SI"",""SK""]","2024-11-23 00:00:00","The decision was taken pursuant to own-initiative investigations.",SOURCE_VOLUNTARY,,Yes,AUTOMATED_DECISION_FULLY,TikTok,7440371722576010016,"2024-11-23 07:22:22"
2859c0e0-ec92-4e56-bcfe-0fb909134b4e,"[""DECISION_VISIBILITY_CONTENT_REMOVED""]",,,,,,,,,,,DECISION_GROUND_INCOMPATIBLE_CONTENT,,,,"Harassment and Bullying","We welcome the respectful expression of different viewpoints, but not toxicity or trolling. We do not allow language or behavior that harasses, humiliates, threatens, or doxes anyone. This also includes responding to such acts with retaliatory harassment (but excludes non-harassing counterspeech).We proactively enforce our Community Guidelines through a mix of technology and human moderation. We have detected this policy violation using automated measures. We have used automated measures in making this decision.",,STATEMENT_CATEGORY_ILLEGAL_OR_HARMFUL_SPEECH,,,,"[""CONTENT_TYPE_TEXT""]",,,"2024-11-23 00:00:00","[""AT"",""BE"",""BG"",""CY"",""CZ"",""DE"",""DK"",""EE"",""ES"",""FI"",""FR"",""GR"",""HR"",""HU"",""IE"",""IT"",""LI"",""LT"",""LU"",""LV"",""MT"",""NL"",""NO"",""PL"",""PT"",""RO"",""SE"",""SI"",""SK""]","2024-11-23 00:00:00","The decision was taken pursuant to own-initiative investigations.",SOURCE_VOLUNTARY,,Yes,AUTOMATED_DECISION_FULLY,TikTok,7440371722576026400,"2024-11-23 07:22:22"
2508336f-dabe-410c-beca-c32be8524dc8,"[""DECISION_VISIBILITY_CONTENT_REMOVED""]",,,,,,,,,,,DECISION_GROUND_INCOMPATIBLE_CONTENT,,,,"Community Guidelines","Your content is against our Community Guidelines. The guidelines include rules and standards for using TikTok that apply to everyone and everything on our platform.We proactively enforce our Community Guidelines through a mix of technology and human moderation. We have detected this policy violation using automated measures. We have used automated measures in making this decision.",,STATEMENT_CATEGORY_SCOPE_OF_PLATFORM_SERVICE,,,,"[""CONTENT_TYPE_VIDEO""]",,,"2024-11-23 00:00:00","[""AT"",""BE"",""BG"",""CY"",""CZ"",""DE"",""DK"",""EE"",""ES"",""FI"",""FR"",""GR"",""HR"",""HU"",""IE"",""IT"",""LI"",""LT"",""LU"",""LV"",""MT"",""NL"",""NO"",""PL"",""PT"",""RO"",""SE"",""SI"",""SK""]","2024-11-23 00:00:00","The decision was taken pursuant to own-initiative investigations.",SOURCE_VOLUNTARY,,Yes,AUTOMATED_DECISION_FULLY,TikTok,7440371722576042784,"2024-11-23 07:22:22"
c05fac69-3dbc-4eb8-9e38-6a61db760ff6,"[""DECISION_VISIBILITY_CONTENT_REMOVED""]",,,,,,,,,,,DECISION_GROUND_INCOMPATIBLE_CONTENT,,,,"Sexual Exploitation and Gender-Based Violence","We are committed to providing a space that embraces gender equity, supports healthy relationships, and respects intimate privacy. We do not allow sexual exploitation or gender-based violence, including non-consensual sexual acts, image-based sexual abuse, sextortion, physical abuse, and sexual harassment.We proactively enforce our Community Guidelines through a mix of technology and human moderation. We have detected this policy violation using automated measures. We have used automated measures in making this decision.",,STATEMENT_CATEGORY_VIOLENCE,,,,"[""CONTENT_TYPE_TEXT""]",,,"2024-11-23 00:00:00","[""AT"",""BE"",""BG"",""CY"",""CZ"",""DE"",""DK"",""EE"",""ES"",""FI"",""FR"",""GR"",""HR"",""HU"",""IE"",""IT"",""LI"",""LT"",""LU"",""LV"",""MT"",""NL"",""NO"",""PL"",""PT"",""RO"",""SE"",""SI"",""SK""]","2024-11-23 00:00:00","The decision was taken pursuant to own-initiative investigations.",SOURCE_VOLUNTARY,,Yes,AUTOMATED_DECISION_FULLY,TikTok,7440371722571832096,"2024-11-23 07:22:22"
5094eb18-cd77-454e-8ab6-c3c76a4a0868,"[""DECISION_VISIBILITY_OTHER""]","Video not eligible for recommendation in the For You feed",,,,,,,,,,DECISION_GROUND_INCOMPATIBLE_CONTENT,,,,"Community Guidelines","We maintain content eligibility standards for the For You feed (FYF) that prioritize safety and are informed by the diversity of our community and cultural norms. We make ineligible for the FYF certain content that may not be appropriate for a broad audience related to: (1) Behavioral Health, (2) Sensitive and Mature Themes, (3) Integrity and Authenticity, and (4) Regulated Goods. Content that is ineligible for the FYF can still be discovered in other ways, such as through search tools or by following an account.We proactively enforce our Community Guidelines through a mix of technology and human moderation. We have detected this policy violation using automated measures. We have used automated measures in making this decision.",,STATEMENT_CATEGORY_SCOPE_OF_PLATFORM_SERVICE,,,,"[""CONTENT_TYPE_VIDEO""]",,,"2024-11-23 00:00:00","[""AT"",""BE"",""BG"",""CY"",""CZ"",""DE"",""DK"",""EE"",""ES"",""FI"",""FR"",""GR"",""HR"",""HU"",""IE"",""IT"",""LI"",""LT"",""LU"",""LV"",""MT"",""NL"",""NO"",""PL"",""PT"",""RO"",""SE"",""SI"",""SK""]","2024-11-23 00:00:00","The decision was taken pursuant to own-initiative investigations.",SOURCE_VOLUNTARY,,Yes,AUTOMATED_DECISION_FULLY,TikTok,7440371722576059168,"2024-11-23 07:22:22"
d70f1d88-5c7a-45b3-b0ca-ec36fcaae940,"[""DECISION_VISIBILITY_CONTENT_REMOVED""]",,,,,,,,,,,DECISION_GROUND_INCOMPATIBLE_CONTENT,,,,"Hate Speech and Hateful Behaviors","TikTok is enriched by the various backgrounds of our community members. Our differences should be respected, rather than a cause for division. We do not allow any hateful behavior, hate speech, or promotion of hateful ideologies. This includes content that attacks a person or group because of protected attributes.We proactively enforce our Community Guidelines through a mix of technology and human moderation. We have detected this policy violation using automated measures. We have used automated measures in making this decision.",,STATEMENT_CATEGORY_ILLEGAL_OR_HARMFUL_SPEECH,,,,"[""CONTENT_TYPE_TEXT""]",,,"2024-11-23 00:00:00","[""AT"",""BE"",""BG"",""CY"",""CZ"",""DE"",""DK"",""EE"",""ES"",""FI"",""FR"",""GR"",""HR"",""HU"",""IE"",""IT"",""LI"",""LT"",""LU"",""LV"",""MT"",""NL"",""NO"",""PL"",""PT"",""RO"",""SE"",""SI"",""SK""]","2024-11-23 00:00:00","The decision was taken pursuant to own-initiative investigations.",SOURCE_VOLUNTARY,,Yes,AUTOMATED_DECISION_FULLY,TikTok,7440371722571848480,"2024-11-23 07:22:22"
7f1c94a6-3981-42a8-ae53-14745178d39d,"[""DECISION_VISIBILITY_CONTENT_REMOVED""]",,,,,,,,,,,DECISION_GROUND_INCOMPATIBLE_CONTENT,,,,"Harassment and Bullying","We welcome the respectful expression of different viewpoints, but not toxicity or trolling. We do not allow language or behavior that harasses, humiliates, threatens, or doxes anyone. This also includes responding to such acts with retaliatory harassment (but excludes non-harassing counterspeech).We proactively enforce our Community Guidelines through a mix of technology and human moderation. We have detected this policy violation using automated measures. We have used automated measures in making this decision.",,STATEMENT_CATEGORY_ILLEGAL_OR_HARMFUL_SPEECH,,,,"[""CONTENT_TYPE_TEXT""]",,,"2024-11-23 00:00:00","[""AT"",""BE"",""BG"",""CY"",""CZ"",""DE"",""DK"",""EE"",""ES"",""FI"",""FR"",""GR"",""HR"",""HU"",""IE"",""IT"",""LI"",""LT"",""LU"",""LV"",""MT"",""NL"",""NO"",""PL"",""PT"",""RO"",""SE"",""SI"",""SK""]","2024-11-23 00:00:00","The decision was taken pursuant to own-initiative investigations.",SOURCE_VOLUNTARY,,Yes,AUTOMATED_DECISION_FULLY,TikTok,7440371722576075552,"2024-11-23 07:22:22"
b1b9b52d-2b71-4fab-b4ab-75726c0fb7f2,"[""DECISION_VISIBILITY_CONTENT_REMOVED""]",,,,,,,,,,,DECISION_GROUND_INCOMPATIBLE_CONTENT,,,,"Hate Speech and Hateful Behaviors","TikTok is enriched by the various backgrounds of our community members. Our differences should be respected, rather than a cause for division. We do not allow any hateful behavior, hate speech, or promotion of hateful ideologies. This includes content that attacks a person or group because of protected attributes.We proactively enforce our Community Guidelines through a mix of technology and human moderation. We have detected this policy violation using automated measures. We have used automated measures in making this decision.",,STATEMENT_CATEGORY_ILLEGAL_OR_HARMFUL_SPEECH,,,,"[""CONTENT_TYPE_TEXT""]",,,"2024-11-23 00:00:00","[""AT"",""BE"",""BG"",""CY"",""CZ"",""DE"",""DK"",""EE"",""ES"",""FI"",""FR"",""GR"",""HR"",""HU"",""IE"",""IT"",""LI"",""LT"",""LU"",""LV"",""MT"",""NL"",""NO"",""PL"",""PT"",""RO"",""SE"",""SI"",""SK""]","2024-11-23 00:00:00","The decision was taken pursuant to own-initiative investigations.",SOURCE_VOLUNTARY,,Yes,AUTOMATED_DECISION_FULLY,TikTok,7440371722576091936,"2024-11-23 07:22:22"
19c70bcd-50db-4ed3-b248-396907b24caa,"[""DECISION_VISIBILITY_CONTENT_REMOVED""]",,,,,,,,,,,DECISION_GROUND_INCOMPATIBLE_CONTENT,,,,"Sexual Exploitation and Gender-Based Violence","We are committed to providing a space that embraces gender equity, supports healthy relationships, and respects intimate privacy. We do not allow sexual exploitation or gender-based violence, including non-consensual sexual acts, image-based sexual abuse, sextortion, physical abuse, and sexual harassment.We proactively enforce our Community Guidelines through a mix of technology and human moderation. We have detected this policy violation using automated measures. We have used automated measures in making this decision.",,STATEMENT_CATEGORY_VIOLENCE,,,,"[""CONTENT_TYPE_TEXT""]",,,"2024-11-23 00:00:00","[""AT"",""BE"",""BG"",""CY"",""CZ"",""DE"",""DK"",""EE"",""ES"",""FI"",""FR"",""GR"",""HR"",""HU"",""IE"",""IT"",""LI"",""LT"",""LU"",""LV"",""MT"",""NL"",""NO"",""PL"",""PT"",""RO"",""SE"",""SI"",""SK""]","2024-11-23 00:00:00","The decision was taken pursuant to own-initiative investigations.",SOURCE_VOLUNTARY,,Yes,AUTOMATED_DECISION_FULLY,TikTok,7440371728548633376,"2024-11-23 07:22:22"
8f6bd6d4-6c0a-40bc-aaa6-b21544084022,"[""DECISION_VISIBILITY_OTHER""]","Video not eligible for recommendation in the For You feed",,,,,,,,,,DECISION_GROUND_INCOMPATIBLE_CONTENT,,,,"Community Guidelines","We maintain content eligibility standards for the For You feed (FYF) that prioritize safety and are informed by the diversity of our community and cultural norms. We make ineligible for the FYF certain content that may not be appropriate for a broad audience related to: (1) Behavioral Health, (2) Sensitive and Mature Themes, (3) Integrity and Authenticity, and (4) Regulated Goods. Content that is ineligible for the FYF can still be discovered in other ways, such as through search tools or by following an account.We proactively enforce our Community Guidelines through a mix of technology and human moderation. We have detected this policy violation using automated measures. We have used automated measures in making this decision.",,STATEMENT_CATEGORY_SCOPE_OF_PLATFORM_SERVICE,,,,"[""CONTENT_TYPE_VIDEO""]",,,"2024-11-23 00:00:00","[""AT"",""BE"",""BG"",""CY"",""CZ"",""DE"",""DK"",""EE"",""ES"",""FI"",""FR"",""GR"",""HR"",""HU"",""IE"",""IT"",""LI"",""LT"",""LU"",""LV"",""MT"",""NL"",""NO"",""PL"",""PT"",""RO"",""SE"",""SI"",""SK""]","2024-11-23 00:00:00","The decision was taken pursuant to own-initiative investigations.",SOURCE_VOLUNTARY,,Yes,AUTOMATED_DECISION_FULLY,TikTok,7440371722571864864,"2024-11-23 07:22:22"
b8c59c84-90de-4896-8529-c7c465601d39,"[""DECISION_VISIBILITY_CONTENT_REMOVED""]",,,,,,,,,,,DECISION_GROUND_INCOMPATIBLE_CONTENT,,,,"Harassment and Bullying","We welcome the respectful expression of different viewpoints, but not toxicity or trolling. We do not allow language or behavior that harasses, humiliates, threatens, or doxes anyone. This also includes responding to such acts with retaliatory harassment (but excludes non-harassing counterspeech).We proactively enforce our Community Guidelines through a mix of technology and human moderation. We have detected this policy violation using automated measures. We have used automated measures in making this decision.",,STATEMENT_CATEGORY_ILLEGAL_OR_HARMFUL_SPEECH,,,,"[""CONTENT_TYPE_TEXT""]",,,"2024-11-23 00:00:00","[""AT"",""BE"",""BG"",""CY"",""CZ"",""DE"",""DK"",""EE"",""ES"",""FI"",""FR"",""GR"",""HR"",""HU"",""IE"",""IT"",""LI"",""LT"",""LU"",""LV"",""MT"",""NL"",""NO"",""PL"",""PT"",""RO"",""SE"",""SI"",""SK""]","2024-11-23 00:00:00","The decision was taken pursuant to own-initiative investigations.",SOURCE_VOLUNTARY,,Yes,AUTOMATED_DECISION_FULLY,TikTok,7440371728548649760,"2024-11-23 07:22:22"
b4f6cbe3-dbbd-432a-b07c-c7f6c03f23fa,"[""DECISION_VISIBILITY_CONTENT_REMOVED""]",,,,,,,,,,,DECISION_GROUND_INCOMPATIBLE_CONTENT,,,,"Harassment and Bullying","We welcome the respectful expression of different viewpoints, but not toxicity or trolling. We do not allow language or behavior that harasses, humiliates, threatens, or doxes anyone. This also includes responding to such acts with retaliatory harassment (but excludes non-harassing counterspeech).We proactively enforce our Community Guidelines through a mix of technology and human moderation. We have detected this policy violation using automated measures. We have used automated measures in making this decision.",,STATEMENT_CATEGORY_ILLEGAL_OR_HARMFUL_SPEECH,,,,"[""CONTENT_TYPE_TEXT""]",,,"2024-11-23 00:00:00","[""AT"",""BE"",""BG"",""CY"",""CZ"",""DE"",""DK"",""EE"",""ES"",""FI"",""FR"",""GR"",""HR"",""HU"",""IE"",""IT"",""LI"",""LT"",""LU"",""LV"",""MT"",""NL"",""NO"",""PL"",""PT"",""RO"",""SE"",""SI"",""SK""]","2024-11-23 00:00:00","The decision was taken pursuant to own-initiative investigations.",SOURCE_VOLUNTARY,,Yes,AUTOMATED_DECISION_FULLY,TikTok,7440371722571881248,"2024-11-23 07:22:22"
f4099d7c-5329-436a-8279-cf43f07aa024,"[""DECISION_VISIBILITY_CONTENT_REMOVED""]",,,,,,,,,,,DECISION_GROUND_INCOMPATIBLE_CONTENT,,,,"Harassment and Bullying","We welcome the respectful expression of different viewpoints, but not toxicity or trolling. We do not allow language or behavior that harasses, humiliates, threatens, or doxes anyone. This also includes responding to such acts with retaliatory harassment (but excludes non-harassing counterspeech).We proactively enforce our Community Guidelines through a mix of technology and human moderation. We have detected this policy violation using automated measures. We have used automated measures in making this decision.",,STATEMENT_CATEGORY_ILLEGAL_OR_HARMFUL_SPEECH,,,,"[""CONTENT_TYPE_TEXT""]",,,"2024-11-23 00:00:00","[""AT"",""BE"",""BG"",""CY"",""CZ"",""DE"",""DK"",""EE"",""ES"",""FI"",""FR"",""GR"",""HR"",""HU"",""IE"",""IT"",""LI"",""LT"",""LU"",""LV"",""MT"",""NL"",""NO"",""PL"",""PT"",""RO"",""SE"",""SI"",""SK""]","2024-11-23 00:00:00","The decision was taken pursuant to own-initiative investigations.",SOURCE_VOLUNTARY,,Yes,AUTOMATED_DECISION_FULLY,TikTok,7440371728548666144,"2024-11-23 07:22:22"
bc0e5d58-70f1-4a46-b434-7195b4593d5d,"[""DECISION_VISIBILITY_CONTENT_REMOVED""]",,,,,,,,,,,DECISION_GROUND_INCOMPATIBLE_CONTENT,,,,"Harassment and Bullying","We welcome the respectful expression of different viewpoints, but not toxicity or trolling. We do not allow language or behavior that harasses, humiliates, threatens, or doxes anyone. This also includes responding to such acts with retaliatory harassment (but excludes non-harassing counterspeech).We proactively enforce our Community Guidelines through a mix of technology and human moderation. We have detected this policy violation using automated measures. We have used automated measures in making this decision.",,STATEMENT_CATEGORY_ILLEGAL_OR_HARMFUL_SPEECH,,,,"[""CONTENT_TYPE_TEXT""]",,,"2024-11-23 00:00:00","[""AT"",""BE"",""BG"",""CY"",""CZ"",""DE"",""DK"",""EE"",""ES"",""FI"",""FR"",""GR"",""HR"",""HU"",""IE"",""IT"",""LI"",""LT"",""LU"",""LV"",""MT"",""NL"",""NO"",""PL"",""PT"",""RO"",""SE"",""SI"",""SK""]","2024-11-23 00:00:00","The decision was taken pursuant to own-initiative investigations.",SOURCE_VOLUNTARY,,Yes,AUTOMATED_DECISION_FULLY,TikTok,7440371722571897632,"2024-11-23 07:22:22"
e7d9d240-0d3a-49a1-aa0f-a320dd282a69,"[""DECISION_VISIBILITY_CONTENT_REMOVED""]",,,,,,,,,,,DECISION_GROUND_INCOMPATIBLE_CONTENT,,,,"Community Guidelines","Your content is against our Community Guidelines. The guidelines include rules and standards for using TikTok that apply to everyone and everything on our platform.We proactively enforce our Community Guidelines through a mix of technology and human moderation. We have detected this policy violation using automated measures. We have used automated measures in making this decision.",,STATEMENT_CATEGORY_SCOPE_OF_PLATFORM_SERVICE,,,,"[""CONTENT_TYPE_VIDEO""]",,,"2024-11-23 00:00:00","[""AT"",""BE"",""BG"",""CY"",""CZ"",""DE"",""DK"",""EE"",""ES"",""FI"",""FR"",""GR"",""HR"",""HU"",""IE"",""IT"",""LI"",""LT"",""LU"",""LV"",""MT"",""NL"",""NO"",""PL"",""PT"",""RO"",""SE"",""SI"",""SK""]","2024-11-23 00:00:00","The decision was taken pursuant to own-initiative investigations.",SOURCE_VOLUNTARY,,Yes,AUTOMATED_DECISION_FULLY,TikTok,7440371729408465696,"2024-11-23 07:22:22"
07ac29a3-6715-4412-a1f8-4670b2b7ba41,"[""DECISION_VISIBILITY_CONTENT_REMOVED""]",,,,,,,,,,,DECISION_GROUND_INCOMPATIBLE_CONTENT,,,,"Harassment and Bullying","We welcome the respectful expression of different viewpoints, but not toxicity or trolling. We do not allow language or behavior that harasses, humiliates, threatens, or doxes anyone. This also includes responding to such acts with retaliatory harassment (but excludes non-harassing counterspeech).We proactively enforce our Community Guidelines through a mix of technology and human moderation. We have detected this policy violation using automated measures. We have used automated measures in making this decision.",,STATEMENT_CATEGORY_ILLEGAL_OR_HARMFUL_SPEECH,,,,"[""CONTENT_TYPE_TEXT""]",,,"2024-11-23 00:00:00","[""AT"",""BE"",""BG"",""CY"",""CZ"",""DE"",""DK"",""EE"",""ES"",""FI"",""FR"",""GR"",""HR"",""HU"",""IE"",""IT"",""LI"",""LT"",""LU"",""LV"",""MT"",""NL"",""NO"",""PL"",""PT"",""RO"",""SE"",""SI"",""SK""]","2024-11-23 00:00:00","The decision was taken pursuant to own-initiative investigations.",SOURCE_VOLUNTARY,,Yes,AUTOMATED_DECISION_FULLY,TikTok,7440371729408482080,"2024-11-23 07:22:22"
d10ad1ae-e8c6-4fa9-be5a-610cb706ed9d,"[""DECISION_VISIBILITY_OTHER""]","Ad is not eligible for posting.",,,,,,,,,,DECISION_GROUND_INCOMPATIBLE_CONTENT,,,,"Our review indicates that your advertising content may violate TikTok's advertising policies by promoting prohibited products or services in the targeted locations. Our review indicates that your advertising content may violate TikTok's advertising policies by featuring a product/service which belongs to a prohibited industry of the targeted location(s) in your ad. For more policy details, please refer to ""TikTok Advertising Policies - Industry Entry"" (https://ads.tiktok.com/help/article?aid=668","For more policy details, please refer to """"TikTok Advertising Policies - Industry Entry"" (https://ads.tiktok.com/help/article?aid=6685586866860720134).Please change the promoted product/service in your ad or change the targeted location(s) in your ad group settings according to our policy. For more policy details, please refer to ""TikTok Advertising Policies - Industry Entry"" (https://ads.tiktok.com/help/article?aid=6685586866860720134).",,STATEMENT_CATEGORY_SCOPE_OF_PLATFORM_SERVICE,,,,"[""CONTENT_TYPE_VIDEO""]",,,"2024-11-23 00:00:00","[""RO""]","2024-11-23 00:00:00","The decision was taken pursuant to own-initiative investigations.",SOURCE_VOLUNTARY,,Yes,AUTOMATED_DECISION_FULLY,TikTok,7440371729408498464,"2024-11-23 07:22:22"
453569e5-8e55-428c-b984-7e22ffd04867,"[""DECISION_VISIBILITY_CONTENT_REMOVED""]",,,,,,,,,,,DECISION_GROUND_INCOMPATIBLE_CONTENT,,,,"Harassment and Bullying","We welcome the respectful expression of different viewpoints, but not toxicity or trolling. We do not allow language or behavior that harasses, humiliates, threatens, or doxes anyone. This also includes responding to such acts with retaliatory harassment (but excludes non-harassing counterspeech).We proactively enforce our Community Guidelines through a mix of technology and human moderation. We have detected this policy violation using automated measures. We have used automated measures in making this decision.",,STATEMENT_CATEGORY_ILLEGAL_OR_HARMFUL_SPEECH,,,,"[""CONTENT_TYPE_TEXT""]",,,"2024-11-23 00:00:00","[""AT"",""BE"",""BG"",""CY"",""CZ"",""DE"",""DK"",""EE"",""ES"",""FI"",""FR"",""GR"",""HR"",""HU"",""IE"",""IT"",""LI"",""LT"",""LU"",""LV"",""MT"",""NL"",""NO"",""PL"",""PT"",""RO"",""SE"",""SI"",""SK""]","2024-11-23 00:00:00","The decision was taken pursuant to own-initiative investigations.",SOURCE_VOLUNTARY,,Yes,AUTOMATED_DECISION_FULLY,TikTok,7440371728548682528,"2024-11-23 07:22:22"
01fb1c13-3145-40ea-9595-c78f8bdb1b67,"[""DECISION_VISIBILITY_OTHER""]","Video not eligible for recommendation in the For You feed",,,,,,,,,,DECISION_GROUND_INCOMPATIBLE_CONTENT,,,,"Dangerous Activities and Challenges","Most activities or challenges are appropriate for everyone, but some carry a risk of significant injury. Content is ineligible for the For You feed if it involves activities that are likely to lead to moderate physical harm, or includes professionals who are performing extreme sports and stunts that may endanger others.We proactively enforce our Community Guidelines through a mix of technology and human moderation. We have detected this policy violation using automated measures. We have used automated measures in making this decision.",,STATEMENT_CATEGORY_SCOPE_OF_PLATFORM_SERVICE,,,,"[""CONTENT_TYPE_VIDEO""]",,,"2024-11-23 00:00:00","[""AT"",""BE"",""BG"",""CY"",""CZ"",""DE"",""DK"",""EE"",""ES"",""FI"",""FR"",""GR"",""HR"",""HU"",""IE"",""IT"",""LI"",""LT"",""LU"",""LV"",""MT"",""NL"",""NO"",""PL"",""PT"",""RO"",""SE"",""SI"",""SK""]","2024-11-23 00:00:00","The decision was taken pursuant to own-initiative investigations.",SOURCE_VOLUNTARY,,Yes,AUTOMATED_DECISION_FULLY,TikTok,7440371728548698912,"2024-11-23 07:22:22"
614d9bb2-ef21-41ef-96ca-3d8ecc229a52,"[""DECISION_VISIBILITY_OTHER""]","Photo not eligible for recommendation in the For You feed",,,,,,,,,,DECISION_GROUND_INCOMPATIBLE_CONTENT,,,,"Community Guidelines","Your content is against our Community Guidelines. The guidelines include rules and standards for using TikTok that apply to everyone and everything on our platform.",,STATEMENT_CATEGORY_NEGATIVE_EFFECTS_ON_CIVIC_DISCOURSE_OR_ELECTIONS,,,,"[""CONTENT_TYPE_IMAGE""]",,,"2024-11-23 00:00:00","[""AT"",""BE"",""BG"",""CY"",""CZ"",""DE"",""DK"",""EE"",""ES"",""FI"",""FR"",""GR"",""HR"",""HU"",""IE"",""IT"",""LI"",""LT"",""LU"",""LV"",""MT"",""NL"",""NO"",""PL"",""PT"",""RO"",""SE"",""SI"",""SK""]","2024-11-23 00:00:00","The decision was taken pursuant to own-initiative investigations.",SOURCE_VOLUNTARY,,Yes,AUTOMATED_DECISION_FULLY,TikTok,7440371729408514848,"2024-11-23 07:22:22"
deb9fd94-5a07-4ef0-b028-1323a4d383fd,"[""DECISION_VISIBILITY_CONTENT_REMOVED""]",,,,,,,,,,,DECISION_GROUND_INCOMPATIBLE_CONTENT,,,,"Harassment and Bullying","We welcome the respectful expression of different viewpoints, but not toxicity or trolling. We do not allow language or behavior that harasses, humiliates, threatens, or doxes anyone. This also includes responding to such acts with retaliatory harassment (but excludes non-harassing counterspeech).We proactively enforce our Community Guidelines through a mix of technology and human moderation. We have detected this policy violation using automated measures. We have used automated measures in making this decision.",,STATEMENT_CATEGORY_ILLEGAL_OR_HARMFUL_SPEECH,,,,"[""CONTENT_TYPE_TEXT""]",,,"2024-11-23 00:00:00","[""AT"",""BE"",""BG"",""CY"",""CZ"",""DE"",""DK"",""EE"",""ES"",""FI"",""FR"",""GR"",""HR"",""HU"",""IE"",""IT"",""LI"",""LT"",""LU"",""LV"",""MT"",""NL"",""NO"",""PL"",""PT"",""RO"",""SE"",""SI"",""SK""]","2024-11-23 00:00:00","The decision was taken pursuant to own-initiative investigations.",SOURCE_VOLUNTARY,,Yes,AUTOMATED_DECISION_FULLY,TikTok,7440371728548715296,"2024-11-23 07:22:22"
8eb01ebe-01b5-44a2-9dce-2bff463e321b,"[""DECISION_VISIBILITY_CONTENT_REMOVED""]",,,,,,,,,,,DECISION_GROUND_INCOMPATIBLE_CONTENT,,,,"Harassment and Bullying","We welcome the respectful expression of different viewpoints, but not toxicity or trolling. We do not allow language or behavior that harasses, humiliates, threatens, or doxes anyone. This also includes responding to such acts with retaliatory harassment (but excludes non-harassing counterspeech).We proactively enforce our Community Guidelines through a mix of technology and human moderation. We have detected this policy violation using automated measures. We have used automated measures in making this decision.",,STATEMENT_CATEGORY_ILLEGAL_OR_HARMFUL_SPEECH,,,,"[""CONTENT_TYPE_TEXT""]",,,"2024-11-23 00:00:00","[""AT"",""BE"",""BG"",""CY"",""CZ"",""DE"",""DK"",""EE"",""ES"",""FI"",""FR"",""GR"",""HR"",""HU"",""IE"",""IT"",""LI"",""LT"",""LU"",""LV"",""MT"",""NL"",""NO"",""PL"",""PT"",""RO"",""SE"",""SI"",""SK""]","2024-11-23 00:00:00","The decision was taken pursuant to own-initiative investigations.",SOURCE_VOLUNTARY,,Yes,AUTOMATED_DECISION_FULLY,TikTok,7440371733246303009,"2024-11-23 07:22:25"
479557f9-e62a-41ed-91c9-d65b6d18db54,"[""DECISION_VISIBILITY_CONTENT_REMOVED""]",,,,,,,,,,,DECISION_GROUND_INCOMPATIBLE_CONTENT,,,,"Harassment and Bullying","We welcome the respectful expression of different viewpoints, but not toxicity or trolling. We do not allow language or behavior that harasses, humiliates, threatens, or doxes anyone. This also includes responding to such acts with retaliatory harassment (but excludes non-harassing counterspeech).We proactively enforce our Community Guidelines through a mix of technology and human moderation. We have detected this policy violation using automated measures. We have used automated measures in making this decision.",,STATEMENT_CATEGORY_ILLEGAL_OR_HARMFUL_SPEECH,,,,"[""CONTENT_TYPE_TEXT""]",,,"2024-11-23 00:00:00","[""AT"",""BE"",""BG"",""CY"",""CZ"",""DE"",""DK"",""EE"",""ES"",""FI"",""FR"",""GR"",""HR"",""HU"",""IE"",""IT"",""LI"",""LT"",""LU"",""LV"",""MT"",""NL"",""NO"",""PL"",""PT"",""RO"",""SE"",""SI"",""SK""]","2024-11-23 00:00:00","The decision was taken pursuant to own-initiative investigations.",SOURCE_VOLUNTARY,,Yes,AUTOMATED_DECISION_FULLY,TikTok,7440371732990450465,"2024-11-23 07:22:25"
c0062b1a-77e6-427d-84e0-6806c07ebe15,"[""DECISION_VISIBILITY_OTHER""]","LIVE not eligible for recommendation and restricted in search results for 10 minutes","2024-11-23 00:00:00",,,,,,,,,DECISION_GROUND_INCOMPATIBLE_CONTENT,,,,"Content with low visual quality or static imagery","Your LIVE is not eligible for recommendation and restricted in search results for the next 10 minutes, because it may contain content with low visual quality or static imagery. This is in line with the For You feed eligibility standards under our Community Guidelines.",,STATEMENT_CATEGORY_SCOPE_OF_PLATFORM_SERVICE,,,,"[""CONTENT_TYPE_VIDEO""]",,,"2024-11-23 00:00:00","[""AT"",""BE"",""BG"",""CY"",""CZ"",""DE"",""DK"",""EE"",""ES"",""FI"",""FR"",""GR"",""HR"",""HU"",""IE"",""IS"",""IT"",""LI"",""LT"",""LU"",""LV"",""MT"",""NL"",""NO"",""PL"",""PT"",""RO"",""SE"",""SI"",""SK""]","2024-11-23 00:00:00","The decision was taken pursuant to own-initiative investigations",SOURCE_VOLUNTARY,,Yes,AUTOMATED_DECISION_FULLY,TikTok,7440371733246319393,"2024-11-23 07:22:25"
7dd14f97-5b6c-43c3-a9d0-4670e69db374,"[""DECISION_VISIBILITY_CONTENT_REMOVED""]",,,,,,,,,,,DECISION_GROUND_INCOMPATIBLE_CONTENT,,,,"Harassment and Bullying","We welcome the respectful expression of different viewpoints, but not toxicity or trolling. We do not allow language or behavior that harasses, humiliates, threatens, or doxes anyone. This also includes responding to such acts with retaliatory harassment (but excludes non-harassing counterspeech).We proactively enforce our Community Guidelines through a mix of technology and human moderation. We have detected this policy violation using automated measures. We have used automated measures in making this decision.",,STATEMENT_CATEGORY_ILLEGAL_OR_HARMFUL_SPEECH,,,,"[""CONTENT_TYPE_TEXT""]",,,"2024-11-23 00:00:00","[""AT"",""BE"",""BG"",""CY"",""CZ"",""DE"",""DK"",""EE"",""ES"",""FI"",""FR"",""GR"",""HR"",""HU"",""IE"",""IT"",""LI"",""LT"",""LU"",""LV"",""MT"",""NL"",""NO"",""PL"",""PT"",""RO"",""SE"",""SI"",""SK""]","2024-11-23 00:00:00","The decision was taken pursuant to own-initiative investigations.",SOURCE_VOLUNTARY,,Yes,AUTOMATED_DECISION_FULLY,TikTok,7440371732990466849,"2024-11-23 07:22:25"
0d9c0bde-db9a-438a-b3a2-3ba8f9e4718d,"[""DECISION_VISIBILITY_CONTENT_REMOVED""]",,,,,,,,,,,DECISION_GROUND_INCOMPATIBLE_CONTENT,,,,"Harassment and Bullying","We welcome the respectful expression of different viewpoints, but not toxicity or trolling. We do not allow language or behavior that harasses, humiliates, threatens, or doxes anyone. This also includes responding to such acts with retaliatory harassment (but excludes non-harassing counterspeech).We proactively enforce our Community Guidelines through a mix of technology and human moderation. We have detected this policy violation using automated measures. We have used automated measures in making this decision.",,STATEMENT_CATEGORY_ILLEGAL_OR_HARMFUL_SPEECH,,,,"[""CONTENT_TYPE_TEXT""]",,,"2024-11-23 00:00:00","[""AT"",""BE"",""BG"",""CY"",""CZ"",""DE"",""DK"",""EE"",""ES"",""FI"",""FR"",""GR"",""HR"",""HU"",""IE"",""IT"",""LI"",""LT"",""LU"",""LV"",""MT"",""NL"",""NO"",""PL"",""PT"",""RO"",""SE"",""SI"",""SK""]","2024-11-23 00:00:00","The decision was taken pursuant to own-initiative investigations.",SOURCE_VOLUNTARY,,Yes,AUTOMATED_DECISION_FULLY,TikTok,7440371732990483233,"2024-11-23 07:22:25"
ff6013a4-14e5-4dc8-b2f8-1df4ecb3366b,"[""DECISION_VISIBILITY_CONTENT_REMOVED""]",,,,,,,,,,,DECISION_GROUND_INCOMPATIBLE_CONTENT,,,,"Violent Behaviors and Criminal Activities","We recognize that online content related to violence can cause real-world harm. We do not allow any violent threats, incitement to violence, or promotion of criminal activities that may harm people, animals, or property. If there is a specific, credible, and imminent threat to human life or serious physical injury, we will report it to relevant law enforcement authorities.We proactively enforce our Community Guidelines through a mix of technology and human moderation. We have detected this policy violation using automated measures. We have used automated measures in making this decision.",,STATEMENT_CATEGORY_VIOLENCE,,,,"[""CONTENT_TYPE_TEXT""]",,,"2024-11-23 00:00:00","[""AT"",""BE"",""BG"",""CY"",""CZ"",""DE"",""DK"",""EE"",""ES"",""FI"",""FR"",""GR"",""HR"",""HU"",""IE"",""IT"",""LI"",""LT"",""LU"",""LV"",""MT"",""NL"",""NO"",""PL"",""PT"",""RO"",""SE"",""SI"",""SK""]","2024-11-23 00:00:00","The decision was taken pursuant to own-initiative investigations.",SOURCE_VOLUNTARY,,Yes,AUTOMATED_DECISION_FULLY,TikTok,7440371733246335777,"2024-11-23 07:22:25"
c5a2e986-56b4-4d3b-bdd3-e697970aaf17,"[""DECISION_VISIBILITY_OTHER""]","LIVE not eligible for recommendation and restricted in search results for 10 minutes","2024-11-23 00:00:00",,,,,,,,,DECISION_GROUND_INCOMPATIBLE_CONTENT,,,,"Content with low visual quality or static imagery","Your LIVE is not eligible for recommendation and restricted in search results for the next 10 minutes, because it may contain content with low visual quality or static imagery. This is in line with the For You feed eligibility standards under our Community Guidelines.",,STATEMENT_CATEGORY_SCOPE_OF_PLATFORM_SERVICE,,,,"[""CONTENT_TYPE_VIDEO""]",,,"2024-11-23 00:00:00","[""AT"",""BE"",""BG"",""CY"",""CZ"",""DE"",""DK"",""EE"",""ES"",""FI"",""FR"",""GR"",""HR"",""HU"",""IE"",""IS"",""IT"",""LI"",""LT"",""LU"",""LV"",""MT"",""NL"",""NO"",""PL"",""PT"",""RO"",""SE"",""SI"",""SK""]","2024-11-23 00:00:00","The decision was taken pursuant to own-initiative investigations",SOURCE_VOLUNTARY,,Yes,AUTOMATED_DECISION_FULLY,TikTok,7440371733246352161,"2024-11-23 07:22:25"
d4725118-4fe8-4d21-ad8a-770f161d6c9b,"[""DECISION_VISIBILITY_OTHER""]","Photo not eligible for recommendation in the For You feed, and visibility restricted in search results",,,,,,,,,,DECISION_GROUND_INCOMPATIBLE_CONTENT,,,,"Dangerous Activities and Challenges","Most activities or challenges are appropriate for everyone, but some may carry a risk of significant injury. Content is ineligible for the For You feed if it involves activities likely to lead to moderate physical harm or includes professionals performing extreme sports and stunts that may endanger others.We proactively enforce our Community Guidelines through a mix of technology and human moderation. We have detected this policy violation using automated measures. We have used automated measures in making this decision.",,STATEMENT_CATEGORY_SCOPE_OF_PLATFORM_SERVICE,,,,"[""CONTENT_TYPE_IMAGE""]",,,"2024-11-23 00:00:00","[""AT"",""BE"",""BG"",""CY"",""CZ"",""DE"",""DK"",""EE"",""ES"",""FI"",""FR"",""GR"",""HR"",""HU"",""IE"",""IT"",""LI"",""LT"",""LU"",""LV"",""MT"",""NL"",""NO"",""PL"",""PT"",""RO"",""SE"",""SI"",""SK""]","2024-11-23 00:00:00","The decision was taken pursuant to own-initiative investigations.",SOURCE_VOLUNTARY,,Yes,AUTOMATED_DECISION_FULLY,TikTok,7440371732990499617,"2024-11-23 07:22:25"
3f19b934-731c-44fb-a498-ede8f5dd5ad7,"[""DECISION_VISIBILITY_OTHER""]","Video not eligible for recommendation in the For You feed",,,,,,,,,,DECISION_GROUND_INCOMPATIBLE_CONTENT,,,,"Community Guidelines","We maintain content eligibility standards for the For You feed (FYF) that prioritize safety and are informed by the diversity of our community and cultural norms. We make ineligible for the FYF certain content that may not be appropriate for a broad audience related to: (1) Behavioral Health, (2) Sensitive and Mature Themes, (3) Integrity and Authenticity, and (4) Regulated Goods. Content that is ineligible for the FYF can still be discovered in other ways, such as through search tools or by following an account.We proactively enforce our Community Guidelines through a mix of technology and human moderation. We have detected this policy violation using automated measures. We have used automated measures in making this decision.",,STATEMENT_CATEGORY_SCOPE_OF_PLATFORM_SERVICE,,,,"[""CONTENT_TYPE_VIDEO""]",,,"2024-11-23 00:00:00","[""AT"",""BE"",""BG"",""CY"",""CZ"",""DE"",""DK"",""EE"",""ES"",""FI"",""FR"",""GR"",""HR"",""HU"",""IE"",""IT"",""LI"",""LT"",""LU"",""LV"",""MT"",""NL"",""NO"",""PL"",""PT"",""RO"",""SE"",""SI"",""SK""]","2024-11-23 00:00:00","The decision was taken pursuant to own-initiative investigations.",SOURCE_VOLUNTARY,,Yes,AUTOMATED_DECISION_FULLY,TikTok,7440371733246368545,"2024-11-23 07:22:25"
3087f002-cef5-4526-88e9-f53b2ee850b1,"[""DECISION_VISIBILITY_CONTENT_REMOVED""]",,,,,,,,,,,DECISION_GROUND_INCOMPATIBLE_CONTENT,,,,"Dangerous Activities and Challenges","Most activities or challenges are appropriate for everyone, but some carry a risk of significant injury. We do not allow showing or promoting dangerous activities and challenges. This includes dares, games, tricks, inappropriate use of dangerous tools, eating substances that are harmful to one’s health, or similar activities that may lead to significant physical harm.We proactively enforce our Community Guidelines through a mix of technology and human moderation. We have detected this policy violation using automated measures. We have used automated measures in making this decision.",,STATEMENT_CATEGORY_SCOPE_OF_PLATFORM_SERVICE,,,,"[""CONTENT_TYPE_VIDEO""]",,,"2024-11-23 00:00:00","[""AT"",""BE"",""BG"",""CY"",""CZ"",""DE"",""DK"",""EE"",""ES"",""FI"",""FR"",""GR"",""HR"",""HU"",""IE"",""IT"",""LI"",""LT"",""LU"",""LV"",""MT"",""NL"",""NO"",""PL"",""PT"",""RO"",""SE"",""SI"",""SK""]","2024-11-23 00:00:00","The decision was taken pursuant to own-initiative investigations.",SOURCE_VOLUNTARY,,Yes,AUTOMATED_DECISION_FULLY,TikTok,7440371732990516001,"2024-11-23 07:22:25"
088ed95e-a159-4dfb-a4c9-561c14e92e54,"[""DECISION_VISIBILITY_OTHER""]","Video not eligible for recommendation in the For You feed",,,,,,,,,,DECISION_GROUND_INCOMPATIBLE_CONTENT,,,,"Nudity and Body Exposure","We celebrate all shapes and sizes and want people to feel comfortable in how they present themselves and their bodies. Content is ineligible for the For You feed and harder to find in search if it shows moderate body exposure of a young person, or significant body exposure of an adult. We allow regional exceptions for body exposure in limited situations, such as common cultural practices.We proactively enforce our Community Guidelines through a mix of technology and human moderation. We have detected this policy violation using automated measures. We have used automated measures in making this decision.",,STATEMENT_CATEGORY_SCOPE_OF_PLATFORM_SERVICE,,,,"[""CONTENT_TYPE_VIDEO""]",,,"2024-11-23 00:00:00","[""AT"",""BE"",""BG"",""CY"",""CZ"",""DE"",""DK"",""EE"",""ES"",""FI"",""FR"",""GR"",""HR"",""HU"",""IE"",""IT"",""LI"",""LT"",""LU"",""LV"",""MT"",""NL"",""NO"",""PL"",""PT"",""RO"",""SE"",""SI"",""SK""]","2024-11-23 00:00:00","The decision was taken pursuant to own-initiative investigations.",SOURCE_VOLUNTARY,,Yes,AUTOMATED_DECISION_FULLY,TikTok,7440371733246384929,"2024-11-23 07:22:25"
cea9006d-c32d-4d58-874b-de3c93f93016,"[""DECISION_VISIBILITY_CONTENT_REMOVED""]",,,,,,,,,,,DECISION_GROUND_INCOMPATIBLE_CONTENT,,,,"Dangerous Activities and Challenges","Most activities or challenges are appropriate for everyone, but some carry a risk of significant injury. We do not allow showing or promoting dangerous activities and challenges. This includes dares, games, tricks, inappropriate use of dangerous tools, eating substances that are harmful to one’s health, or similar activities that may lead to significant physical harm.We proactively enforce our Community Guidelines through a mix of technology and human moderation. We have detected this policy violation using automated measures. We have used automated measures in making this decision.",,STATEMENT_CATEGORY_SCOPE_OF_PLATFORM_SERVICE,,,,"[""CONTENT_TYPE_VIDEO""]",,,"2024-11-23 00:00:00","[""AT"",""BE"",""BG"",""CY"",""CZ"",""DE"",""DK"",""EE"",""ES"",""FI"",""FR"",""GR"",""HR"",""HU"",""IE"",""IT"",""LI"",""LT"",""LU"",""LV"",""MT"",""NL"",""NO"",""PL"",""PT"",""RO"",""SE"",""SI"",""SK""]","2024-11-23 00:00:00","The decision was taken pursuant to own-initiative investigations.",SOURCE_VOLUNTARY,,Yes,AUTOMATED_DECISION_FULLY,TikTok,7440371732990532385,"2024-11-23 07:22:25"
d54a2c48-7497-4442-9f4b-dfb88d654ef7,"[""DECISION_VISIBILITY_CONTENT_REMOVED""]",,,,,,,,,,,DECISION_GROUND_INCOMPATIBLE_CONTENT,,,,"Hate Speech and Hateful Behaviors","TikTok is enriched by the various backgrounds of our community members. Our differences should be respected, rather than a cause for division. We do not allow any hateful behavior, hate speech, or promotion of hateful ideologies. This includes content that attacks a person or group because of protected attributes.We proactively enforce our Community Guidelines through a mix of technology and human moderation. We have detected this policy violation using automated measures. We have used automated measures in making this decision.",,STATEMENT_CATEGORY_ILLEGAL_OR_HARMFUL_SPEECH,,,,"[""CONTENT_TYPE_TEXT""]",,,"2024-11-23 00:00:00","[""AT"",""BE"",""BG"",""CY"",""CZ"",""DE"",""DK"",""EE"",""ES"",""FI"",""FR"",""GR"",""HR"",""HU"",""IE"",""IT"",""LI"",""LT"",""LU"",""LV"",""MT"",""NL"",""NO"",""PL"",""PT"",""RO"",""SE"",""SI"",""SK""]","2024-11-23 00:00:00","The decision was taken pursuant to own-initiative investigations.",SOURCE_VOLUNTARY,,Yes,AUTOMATED_DECISION_FULLY,TikTok,7440371733246401313,"2024-11-23 07:22:25"
7a948767-74a1-450e-9702-aa6290aa1518,"[""DECISION_VISIBILITY_OTHER""]","Video not eligible for recommendation in the For You feed",,,,,,,,,,DECISION_GROUND_INCOMPATIBLE_CONTENT,,,,"Community Guidelines","We maintain content eligibility standards for the For You feed (FYF) that prioritize safety and are informed by the diversity of our community and cultural norms. We make ineligible for the FYF certain content that may not be appropriate for a broad audience related to: (1) Behavioral Health, (2) Sensitive and Mature Themes, (3) Integrity and Authenticity, and (4) Regulated Goods. Content that is ineligible for the FYF can still be discovered in other ways, such as through search tools or by following an account.We proactively enforce our Community Guidelines through a mix of technology and human moderation. We have detected this policy violation using automated measures. We have used automated measures in making this decision.",,STATEMENT_CATEGORY_SCOPE_OF_PLATFORM_SERVICE,,,,"[""CONTENT_TYPE_VIDEO""]",,,"2024-11-23 00:00:00","[""AT"",""BE"",""BG"",""CY"",""CZ"",""DE"",""DK"",""EE"",""ES"",""FI"",""FR"",""GR"",""HR"",""HU"",""IE"",""IT"",""LI"",""LT"",""LU"",""LV"",""MT"",""NL"",""NO"",""PL"",""PT"",""RO"",""SE"",""SI"",""SK""]","2024-11-23 00:00:00","The decision was taken pursuant to own-initiative investigations.",SOURCE_VOLUNTARY,,Yes,AUTOMATED_DECISION_FULLY,TikTok,7440371737096624929,"2024-11-23 07:22:25"
09de51f5-ad41-48d3-b0f0-4873ae852bc8,"[""DECISION_VISIBILITY_OTHER""]","Video not eligible for recommendation in the For You feed",,,,,,,,,,DECISION_GROUND_INCOMPATIBLE_CONTENT,,,,"Community Guidelines","We maintain content eligibility standards for the For You feed (FYF) that prioritize safety and are informed by the diversity of our community and cultural norms. We make ineligible for the FYF certain content that may not be appropriate for a broad audience related to: (1) Behavioral Health, (2) Sensitive and Mature Themes, (3) Integrity and Authenticity, and (4) Regulated Goods. Content that is ineligible for the FYF can still be discovered in other ways, such as through search tools or by following an account.We proactively enforce our Community Guidelines through a mix of technology and human moderation. We have detected this policy violation using automated measures. We have used automated measures in making this decision.",,STATEMENT_CATEGORY_SCOPE_OF_PLATFORM_SERVICE,,,,"[""CONTENT_TYPE_VIDEO""]",,,"2024-11-23 00:00:00","[""AT"",""BE"",""BG"",""CY"",""CZ"",""DE"",""DK"",""EE"",""ES"",""FI"",""FR"",""GR"",""HR"",""HU"",""IE"",""IT"",""LI"",""LT"",""LU"",""LV"",""MT"",""NL"",""NO"",""PL"",""PT"",""RO"",""SE"",""SI"",""SK""]","2024-11-23 00:00:00","The decision was taken pursuant to own-initiative investigations.",SOURCE_VOLUNTARY,,Yes,AUTOMATED_DECISION_FULLY,TikTok,7440371737096641313,"2024-11-23 07:22:25"
4518b742-bbf4-4530-831c-2dd40b65b60c,"[""DECISION_VISIBILITY_OTHER""]","Video not eligible for recommendation in the For You feed",,,,,,,,,,DECISION_GROUND_INCOMPATIBLE_CONTENT,,,,"Community Guidelines","We maintain content eligibility standards for the For You feed (FYF) that prioritize safety and are informed by the diversity of our community and cultural norms. We make ineligible for the FYF certain content that may not be appropriate for a broad audience related to: (1) Behavioral Health, (2) Sensitive and Mature Themes, (3) Integrity and Authenticity, and (4) Regulated Goods. Content that is ineligible for the FYF can still be discovered in other ways, such as through search tools or by following an account.We proactively enforce our Community Guidelines through a mix of technology and human moderation. We have detected this policy violation using automated measures. We have used automated measures in making this decision.",,STATEMENT_CATEGORY_SCOPE_OF_PLATFORM_SERVICE,,,,"[""CONTENT_TYPE_VIDEO""]",,,"2024-11-23 00:00:00","[""AT"",""BE"",""BG"",""CY"",""CZ"",""DE"",""DK"",""EE"",""ES"",""FI"",""FR"",""GR"",""HR"",""HU"",""IE"",""IT"",""LI"",""LT"",""LU"",""LV"",""MT"",""NL"",""NO"",""PL"",""PT"",""RO"",""SE"",""SI"",""SK""]","2024-11-23 00:00:00","The decision was taken pursuant to own-initiative investigations.",SOURCE_VOLUNTARY,,Yes,AUTOMATED_DECISION_FULLY,TikTok,7440371737096657697,"2024-11-23 07:22:25"
28861918-d4f9-47fd-bcb2-c724315137d2,"[""DECISION_VISIBILITY_OTHER""]","Photo not eligible for recommendation in the For You feed, and visibility restricted in search results",,,,,,,,,,DECISION_GROUND_INCOMPATIBLE_CONTENT,,,,"Civic and Election Integrity","We want to enable the informed exchange of civic ideas in a way that fosters productive dialogue. Your video didn’t meet our eligibility standards for the For You Feed. Please review our Community Guidelines for more information.We proactively enforce our Community Guidelines through a mix of technology and human moderation. We have detected this policy violation using automated measures. We have used automated measures in making this decision.",,STATEMENT_CATEGORY_NEGATIVE_EFFECTS_ON_CIVIC_DISCOURSE_OR_ELECTIONS,,,,"[""CONTENT_TYPE_IMAGE""]",,,"2024-11-23 00:00:00","[""AT"",""BE"",""BG"",""CY"",""CZ"",""DE"",""DK"",""EE"",""ES"",""FI"",""FR"",""GR"",""HR"",""HU"",""IE"",""IT"",""LI"",""LT"",""LU"",""LV"",""MT"",""NL"",""NO"",""PL"",""PT"",""RO"",""SE"",""SI"",""SK""]","2024-11-23 00:00:00","The decision was taken pursuant to own-initiative investigations.",SOURCE_VOLUNTARY,,Yes,AUTOMATED_DECISION_FULLY,TikTok,7440371732990548769,"2024-11-23 07:22:25"
9f1e7d6e-e44a-4d10-89fa-78085da8a6ba,"[""DECISION_VISIBILITY_CONTENT_REMOVED""]",,,,,,,,,,,DECISION_GROUND_INCOMPATIBLE_CONTENT,,,,"Harassment and Bullying","We welcome the respectful expression of different viewpoints, but not toxicity or trolling. We do not allow language or behavior that harasses, humiliates, threatens, or doxes anyone. This also includes responding to such acts with retaliatory harassment (but excludes non-harassing counterspeech).We proactively enforce our Community Guidelines through a mix of technology and human moderation. We have detected this policy violation using automated measures. We have used automated measures in making this decision.",,STATEMENT_CATEGORY_ILLEGAL_OR_HARMFUL_SPEECH,,,,"[""CONTENT_TYPE_TEXT""]",,,"2024-11-23 00:00:00","[""AT"",""BE"",""BG"",""CY"",""CZ"",""DE"",""DK"",""EE"",""ES"",""FI"",""FR"",""GR"",""HR"",""HU"",""IE"",""IT"",""LI"",""LT"",""LU"",""LV"",""MT"",""NL"",""NO"",""PL"",""PT"",""RO"",""SE"",""SI"",""SK""]","2024-11-23 00:00:00","The decision was taken pursuant to own-initiative investigations.",SOURCE_VOLUNTARY,,Yes,AUTOMATED_DECISION_FULLY,TikTok,7440371737545415456,"2024-11-23 07:22:25"
2bf1fdf8-2ff7-43a0-bcf6-125cf89be7bc,"[""DECISION_VISIBILITY_CONTENT_REMOVED""]",,,,,,,,,,,DECISION_GROUND_INCOMPATIBLE_CONTENT,,,,"Violent Behaviors and Criminal Activities","We recognize that online content related to violence can cause real-world harm. We do not allow any violent threats, incitement to violence, or promotion of criminal activities that may harm people, animals, or property. If there is a specific, credible, and imminent threat to human life or serious physical injury, we will report it to relevant law enforcement authorities.We proactively enforce our Community Guidelines through a mix of technology and human moderation. We have detected this policy violation using automated measures. We have used automated measures in making this decision.",,STATEMENT_CATEGORY_VIOLENCE,,,,"[""CONTENT_TYPE_TEXT""]",,,"2024-11-23 00:00:00","[""AT"",""BE"",""BG"",""CY"",""CZ"",""DE"",""DK"",""EE"",""ES"",""FI"",""FR"",""GR"",""HR"",""HU"",""IE"",""IT"",""LI"",""LT"",""LU"",""LV"",""MT"",""NL"",""NO"",""PL"",""PT"",""RO"",""SE"",""SI"",""SK""]","2024-11-23 00:00:00","The decision was taken pursuant to own-initiative investigations.",SOURCE_VOLUNTARY,,Yes,AUTOMATED_DECISION_FULLY,TikTok,7440371737096674081,"2024-11-23 07:22:25"
10efa9bd-94b8-49ee-9865-78deccc5937f,"[""DECISION_VISIBILITY_OTHER""]","Video not eligible for recommendation in the For You feed",,,,,,,,,,DECISION_GROUND_INCOMPATIBLE_CONTENT,,,,"Community Guidelines","We maintain content eligibility standards for the For You feed (FYF) that prioritize safety and are informed by the diversity of our community and cultural norms. We make ineligible for the FYF certain content that may not be appropriate for a broad audience related to: (1) Behavioral Health, (2) Sensitive and Mature Themes, (3) Integrity and Authenticity, and (4) Regulated Goods. Content that is ineligible for the FYF can still be discovered in other ways, such as through search tools or by following an account.We proactively enforce our Community Guidelines through a mix of technology and human moderation. We have detected this policy violation using automated measures. We have used automated measures in making this decision.",,STATEMENT_CATEGORY_SCOPE_OF_PLATFORM_SERVICE,,,,"[""CONTENT_TYPE_VIDEO""]",,,"2024-11-23 00:00:00","[""AT"",""BE"",""BG"",""CY"",""CZ"",""DE"",""DK"",""EE"",""ES"",""FI"",""FR"",""GR"",""HR"",""HU"",""IE"",""IT"",""LI"",""LT"",""LU"",""LV"",""MT"",""NL"",""NO"",""PL"",""PT"",""RO"",""SE"",""SI"",""SK""]","2024-11-23 00:00:00","The decision was taken pursuant to own-initiative investigations.",SOURCE_VOLUNTARY,,Yes,AUTOMATED_DECISION_FULLY,TikTok,7440371737545431840,"2024-11-23 07:22:25"
180c7bb8-2b1f-4555-98b1-6f9632dd3eb4,"[""DECISION_VISIBILITY_OTHER""]","Video not eligible for recommendation in the For You feed",,,,,,,,,,DECISION_GROUND_INCOMPATIBLE_CONTENT,,,,"Community Guidelines","We maintain content eligibility standards for the For You feed (FYF) that prioritize safety and are informed by the diversity of our community and cultural norms. We make ineligible for the FYF certain content that may not be appropriate for a broad audience related to: (1) Behavioral Health, (2) Sensitive and Mature Themes, (3) Integrity and Authenticity, and (4) Regulated Goods. Content that is ineligible for the FYF can still be discovered in other ways, such as through search tools or by following an account.We proactively enforce our Community Guidelines through a mix of technology and human moderation. We have detected this policy violation using automated measures. We have used automated measures in making this decision.",,STATEMENT_CATEGORY_SCOPE_OF_PLATFORM_SERVICE,,,,"[""CONTENT_TYPE_VIDEO""]",,,"2024-11-23 00:00:00","[""AT"",""BE"",""BG"",""CY"",""CZ"",""DE"",""DK"",""EE"",""ES"",""FI"",""FR"",""GR"",""HR"",""HU"",""IE"",""IT"",""LI"",""LT"",""LU"",""LV"",""MT"",""NL"",""NO"",""PL"",""PT"",""RO"",""SE"",""SI"",""SK""]","2024-11-23 00:00:00","The decision was taken pursuant to own-initiative investigations.",SOURCE_VOLUNTARY,,Yes,AUTOMATED_DECISION_FULLY,TikTok,7440371737545448224,"2024-11-23 07:22:25"
709c1706-edec-42d2-8b0a-47d8a3dc9a57,"[""DECISION_VISIBILITY_CONTENT_REMOVED""]",,,,,,,,,,,DECISION_GROUND_INCOMPATIBLE_CONTENT,,,,"Violent Behaviors and Criminal Activities","We recognize that online content related to violence can cause real-world harm. We do not allow any violent threats, incitement to violence, or promotion of criminal activities that may harm people, animals, or property. If there is a specific, credible, and imminent threat to human life or serious physical injury, we will report it to relevant law enforcement authorities.We proactively enforce our Community Guidelines through a mix of technology and human moderation. We have detected this policy violation using automated measures. We have used automated measures in making this decision.",,STATEMENT_CATEGORY_VIOLENCE,,,,"[""CONTENT_TYPE_TEXT""]",,,"2024-11-23 00:00:00","[""AT"",""BE"",""BG"",""CY"",""CZ"",""DE"",""DK"",""EE"",""ES"",""FI"",""FR"",""GR"",""HR"",""HU"",""IE"",""IT"",""LI"",""LT"",""LU"",""LV"",""MT"",""NL"",""NO"",""PL"",""PT"",""RO"",""SE"",""SI"",""SK""]","2024-11-23 00:00:00","The decision was taken pursuant to own-initiative investigations.",SOURCE_VOLUNTARY,,Yes,AUTOMATED_DECISION_FULLY,TikTok,7440371737545464608,"2024-11-23 07:22:25"
3de36460-2515-4261-90a2-686f1f777580,"[""DECISION_VISIBILITY_OTHER""]","Video not eligible for recommendation in the For You feed",,,,,,,,,,DECISION_GROUND_INCOMPATIBLE_CONTENT,,,,"Community Guidelines","We maintain content eligibility standards for the For You feed (FYF) that prioritize safety and are informed by the diversity of our community and cultural norms. We make ineligible for the FYF certain content that may not be appropriate for a broad audience related to: (1) Behavioral Health, (2) Sensitive and Mature Themes, (3) Integrity and Authenticity, and (4) Regulated Goods. Content that is ineligible for the FYF can still be discovered in other ways, such as through search tools or by following an account.We proactively enforce our Community Guidelines through a mix of technology and human moderation. We have detected this policy violation using automated measures. We have used automated measures in making this decision.",,STATEMENT_CATEGORY_SCOPE_OF_PLATFORM_SERVICE,,,,"[""CONTENT_TYPE_VIDEO""]",,,"2024-11-23 00:00:00","[""AT"",""BE"",""BG"",""CY"",""CZ"",""DE"",""DK"",""EE"",""ES"",""FI"",""FR"",""GR"",""HR"",""HU"",""IE"",""IT"",""LI"",""LT"",""LU"",""LV"",""MT"",""NL"",""NO"",""PL"",""PT"",""RO"",""SE"",""SI"",""SK""]","2024-11-23 00:00:00","The decision was taken pursuant to own-initiative investigations.",SOURCE_VOLUNTARY,,Yes,AUTOMATED_DECISION_FULLY,TikTok,7440371737545480992,"2024-11-23 07:22:25"
3634c4f4-7b65-499e-977f-640791adc392,"[""DECISION_VISIBILITY_CONTENT_REMOVED""]",,,,,,,,,,,DECISION_GROUND_INCOMPATIBLE_CONTENT,,,,"Harassment and Bullying","We welcome the respectful expression of different viewpoints, but not toxicity or trolling. We do not allow language or behavior that harasses, humiliates, threatens, or doxes anyone. This also includes responding to such acts with retaliatory harassment (but excludes non-harassing counterspeech).We proactively enforce our Community Guidelines through a mix of technology and human moderation. We have detected this policy violation using automated measures. We have used automated measures in making this decision.",,STATEMENT_CATEGORY_ILLEGAL_OR_HARMFUL_SPEECH,,,,"[""CONTENT_TYPE_TEXT""]",,,"2024-11-23 00:00:00","[""AT"",""BE"",""BG"",""CY"",""CZ"",""DE"",""DK"",""EE"",""ES"",""FI"",""FR"",""GR"",""HR"",""HU"",""IE"",""IT"",""LI"",""LT"",""LU"",""LV"",""MT"",""NL"",""NO"",""PL"",""PT"",""RO"",""SE"",""SI"",""SK""]","2024-11-23 00:00:00","The decision was taken pursuant to own-initiative investigations.",SOURCE_VOLUNTARY,,Yes,AUTOMATED_DECISION_FULLY,TikTok,7440371737545497376,"2024-11-23 07:22:25"
24d233af-e21d-4fa3-96d9-6f788e65341e,"[""DECISION_VISIBILITY_CONTENT_REMOVED""]",,,,,,,,,,,DECISION_GROUND_INCOMPATIBLE_CONTENT,,,,"Harassment and Bullying","We welcome the respectful expression of different viewpoints, but not toxicity or trolling. We do not allow language or behavior that harasses, humiliates, threatens, or doxes anyone. This also includes responding to such acts with retaliatory harassment (but excludes non-harassing counterspeech).We proactively enforce our Community Guidelines through a mix of technology and human moderation. We have detected this policy violation using automated measures. We have used automated measures in making this decision.",,STATEMENT_CATEGORY_ILLEGAL_OR_HARMFUL_SPEECH,,,,"[""CONTENT_TYPE_TEXT""]",,,"2024-11-23 00:00:00","[""AT"",""BE"",""BG"",""CY"",""CZ"",""DE"",""DK"",""EE"",""ES"",""FI"",""FR"",""GR"",""HR"",""HU"",""IE"",""IT"",""LI"",""LT"",""LU"",""LV"",""MT"",""NL"",""NO"",""PL"",""PT"",""RO"",""SE"",""SI"",""SK""]","2024-11-23 00:00:00","The decision was taken pursuant to own-initiative investigations.",SOURCE_VOLUNTARY,,Yes,AUTOMATED_DECISION_FULLY,TikTok,7440371737545513760,"2024-11-23 07:22:25"
f6823861-5e61-44a2-9e60-f2fc1d9ad9bd,"[""DECISION_VISIBILITY_CONTENT_REMOVED""]",,,,,,,,,,,DECISION_GROUND_INCOMPATIBLE_CONTENT,,,,"Harassment and Bullying","We welcome the respectful expression of different viewpoints, but not toxicity or trolling. We do not allow language or behavior that harasses, humiliates, threatens, or doxes anyone. This also includes responding to such acts with retaliatory harassment (but excludes non-harassing counterspeech).We proactively enforce our Community Guidelines through a mix of technology and human moderation. We have detected this policy violation using automated measures. We have used automated measures in making this decision.",,STATEMENT_CATEGORY_ILLEGAL_OR_HARMFUL_SPEECH,,,,"[""CONTENT_TYPE_TEXT""]",,,"2024-11-23 00:00:00","[""AT"",""BE"",""BG"",""CY"",""CZ"",""DE"",""DK"",""EE"",""ES"",""FI"",""FR"",""GR"",""HR"",""HU"",""IE"",""IT"",""LI"",""LT"",""LU"",""LV"",""MT"",""NL"",""NO"",""PL"",""PT"",""RO"",""SE"",""SI"",""SK""]","2024-11-23 00:00:00","The decision was taken pursuant to own-initiative investigations.",SOURCE_VOLUNTARY,,Yes,AUTOMATED_DECISION_FULLY,TikTok,7440371737545530144,"2024-11-23 07:22:25"
f37e9e8b-b9f5-4c49-8c6b-2357f4b005cb,"[""DECISION_VISIBILITY_CONTENT_REMOVED""]",,,,,,,,,,,DECISION_GROUND_INCOMPATIBLE_CONTENT,,,,"Harassment and Bullying","We welcome the respectful expression of different viewpoints, but not toxicity or trolling. We do not allow language or behavior that harasses, humiliates, threatens, or doxes anyone. This also includes responding to such acts with retaliatory harassment (but excludes non-harassing counterspeech).We proactively enforce our Community Guidelines through a mix of technology and human moderation. We have detected this policy violation using automated measures. We have used automated measures in making this decision.",,STATEMENT_CATEGORY_ILLEGAL_OR_HARMFUL_SPEECH,,,,"[""CONTENT_TYPE_TEXT""]",,,"2024-11-23 00:00:00","[""AT"",""BE"",""BG"",""CY"",""CZ"",""DE"",""DK"",""EE"",""ES"",""FI"",""FR"",""GR"",""HR"",""HU"",""IE"",""IT"",""LI"",""LT"",""LU"",""LV"",""MT"",""NL"",""NO"",""PL"",""PT"",""RO"",""SE"",""SI"",""SK""]","2024-11-23 00:00:00","The decision was taken pursuant to own-initiative investigations.",SOURCE_VOLUNTARY,,Yes,AUTOMATED_DECISION_FULLY,TikTok,7440371737096690465,"2024-11-23 07:22:25"
39a89dc0-c201-4cc1-8358-04a26ce7e021,"[""DECISION_VISIBILITY_OTHER""]","Video not eligible for recommendation in the For You feed",,,,,,,,,,DECISION_GROUND_INCOMPATIBLE_CONTENT,,,,"Alcohol, Tobacco, and Drugs","While adults make personal choices about how they engage with alcohol, drugs, and tobacco, we recognize that there are risks connected to trading and using these substances. Content is ineligible for the For You feed and harder to find in search if it shows adults consuming excessive amounts of alcohol or tobacco products.We proactively enforce our Community Guidelines through a mix of technology and human moderation. We have detected this policy violation using automated measures. We have used automated measures in making this decision.",,STATEMENT_CATEGORY_SCOPE_OF_PLATFORM_SERVICE,,,,"[""CONTENT_TYPE_VIDEO""]",,,"2024-11-23 00:00:00","[""AT"",""BE"",""BG"",""CY"",""CZ"",""DE"",""DK"",""EE"",""ES"",""FI"",""FR"",""GR"",""HR"",""HU"",""IE"",""IT"",""LI"",""LT"",""LU"",""LV"",""MT"",""NL"",""NO"",""PL"",""PT"",""RO"",""SE"",""SI"",""SK""]","2024-11-23 00:00:00","The decision was taken pursuant to own-initiative investigations.",SOURCE_VOLUNTARY,,Yes,AUTOMATED_DECISION_FULLY,TikTok,7440371737096706849,"2024-11-23 07:22:25"
8fcd6399-052e-4557-adad-479990cb70ba,"[""DECISION_VISIBILITY_CONTENT_REMOVED""]",,,,,,,,,,,DECISION_GROUND_INCOMPATIBLE_CONTENT,,,,"Violent Behaviors and Criminal Activities","We recognize that online content related to violence can cause real-world harm. We do not allow any violent threats, incitement to violence, or promotion of criminal activities that may harm people, animals, or property. If there is a specific, credible, and imminent threat to human life or serious physical injury, we will report it to relevant law enforcement authorities.We proactively enforce our Community Guidelines through a mix of technology and human moderation. We have detected this policy violation using automated measures. We have used automated measures in making this decision.",,STATEMENT_CATEGORY_VIOLENCE,,,,"[""CONTENT_TYPE_TEXT""]",,,"2024-11-23 00:00:00","[""AT"",""BE"",""BG"",""CY"",""CZ"",""DE"",""DK"",""EE"",""ES"",""FI"",""FR"",""GR"",""HR"",""HU"",""IE"",""IT"",""LI"",""LT"",""LU"",""LV"",""MT"",""NL"",""NO"",""PL"",""PT"",""RO"",""SE"",""SI"",""SK""]","2024-11-23 00:00:00","The decision was taken pursuant to own-initiative investigations.",SOURCE_VOLUNTARY,,Yes,AUTOMATED_DECISION_FULLY,TikTok,7440371737096723233,"2024-11-23 07:22:25"
7fb3be0a-9682-49f0-a95d-27d1351b8a71,"[""DECISION_VISIBILITY_CONTENT_REMOVED""]",,,,,,,,,,,DECISION_GROUND_INCOMPATIBLE_CONTENT,,,,"Harassment and Bullying","We welcome the respectful expression of different viewpoints, but not toxicity or trolling. We do not allow language or behavior that harasses, humiliates, threatens, or doxes anyone. This also includes responding to such acts with retaliatory harassment (but excludes non-harassing counterspeech).We proactively enforce our Community Guidelines through a mix of technology and human moderation. We have detected this policy violation using automated measures. We have used automated measures in making this decision.",,STATEMENT_CATEGORY_ILLEGAL_OR_HARMFUL_SPEECH,,,,"[""CONTENT_TYPE_TEXT""]",,,"2024-11-23 00:00:00","[""AT"",""BE"",""BG"",""CY"",""CZ"",""DE"",""DK"",""EE"",""ES"",""FI"",""FR"",""GR"",""HR"",""HU"",""IE"",""IT"",""LI"",""LT"",""LU"",""LV"",""MT"",""NL"",""NO"",""PL"",""PT"",""RO"",""SE"",""SI"",""SK""]","2024-11-23 00:00:00","The decision was taken pursuant to own-initiative investigations.",SOURCE_VOLUNTARY,,Yes,AUTOMATED_DECISION_FULLY,TikTok,7440371737545546528,"2024-11-23 07:22:25"
9d9b7eba-7395-4007-8bba-d7e22a026f79,"[""DECISION_VISIBILITY_CONTENT_REMOVED""]",,,,,,,,,,,DECISION_GROUND_INCOMPATIBLE_CONTENT,,,,"Hate Speech and Hateful Behaviors","TikTok is enriched by the various backgrounds of our community members. Our differences should be respected, rather than a cause for division. We do not allow any hateful behavior, hate speech, or promotion of hateful ideologies. This includes content that attacks a person or group because of protected attributes.We proactively enforce our Community Guidelines through a mix of technology and human moderation. We have detected this policy violation using automated measures. We have used automated measures in making this decision.",,STATEMENT_CATEGORY_ILLEGAL_OR_HARMFUL_SPEECH,,,,"[""CONTENT_TYPE_TEXT""]",,,"2024-11-23 00:00:00","[""AT"",""BE"",""BG"",""CY"",""CZ"",""DE"",""DK"",""EE"",""ES"",""FI"",""FR"",""GR"",""HR"",""HU"",""IE"",""IT"",""LI"",""LT"",""LU"",""LV"",""MT"",""NL"",""NO"",""PL"",""PT"",""RO"",""SE"",""SI"",""SK""]","2024-11-23 00:00:00","The decision was taken pursuant to own-initiative investigations.",SOURCE_VOLUNTARY,,Yes,AUTOMATED_DECISION_FULLY,TikTok,7440371737096739617,"2024-11-23 07:22:25"
9d230468-d57f-421a-ae26-6452afe97011,"[""DECISION_VISIBILITY_OTHER""]","Video not eligible for recommendation in the For You feed",,,,,,,,,,DECISION_GROUND_INCOMPATIBLE_CONTENT,,,,"Community Guidelines","We maintain content eligibility standards for the For You feed (FYF) that prioritize safety and are informed by the diversity of our community and cultural norms. We make ineligible for the FYF certain content that may not be appropriate for a broad audience related to: (1) Behavioral Health, (2) Sensitive and Mature Themes, (3) Integrity and Authenticity, and (4) Regulated Goods. Content that is ineligible for the FYF can still be discovered in other ways, such as through search tools or by following an account.We proactively enforce our Community Guidelines through a mix of technology and human moderation. We have detected this policy violation using automated measures. We have used automated measures in making this decision.",,STATEMENT_CATEGORY_SCOPE_OF_PLATFORM_SERVICE,,,,"[""CONTENT_TYPE_VIDEO""]",,,"2024-11-23 00:00:00","[""AT"",""BE"",""BG"",""CY"",""CZ"",""DE"",""DK"",""EE"",""ES"",""FI"",""FR"",""GR"",""HR"",""HU"",""IE"",""IT"",""LI"",""LT"",""LU"",""LV"",""MT"",""NL"",""NO"",""PL"",""PT"",""RO"",""SE"",""SI"",""SK""]","2024-11-23 00:00:00","The decision was taken pursuant to own-initiative investigations.",SOURCE_VOLUNTARY,,Yes,AUTOMATED_DECISION_FULLY,TikTok,7440371737096756001,"2024-11-23 07:22:25"
cc067ca9-4a0e-419a-bad8-77b66f8f5c9d,"[""DECISION_VISIBILITY_OTHER""]","Video not eligible for recommendation in the For You feed",,,,,,,,,,DECISION_GROUND_INCOMPATIBLE_CONTENT,,,,"Community Guidelines","We maintain content eligibility standards for the For You feed (FYF) that prioritize safety and are informed by the diversity of our community and cultural norms. We make ineligible for the FYF certain content that may not be appropriate for a broad audience related to: (1) Behavioral Health, (2) Sensitive and Mature Themes, (3) Integrity and Authenticity, and (4) Regulated Goods. Content that is ineligible for the FYF can still be discovered in other ways, such as through search tools or by following an account.We proactively enforce our Community Guidelines through a mix of technology and human moderation. We have detected this policy violation using automated measures. We have used automated measures in making this decision.",,STATEMENT_CATEGORY_SCOPE_OF_PLATFORM_SERVICE,,,,"[""CONTENT_TYPE_VIDEO""]",,,"2024-11-23 00:00:00","[""AT"",""BE"",""BG"",""CY"",""CZ"",""DE"",""DK"",""EE"",""ES"",""FI"",""FR"",""GR"",""HR"",""HU"",""IE"",""IT"",""LI"",""LT"",""LU"",""LV"",""MT"",""NL"",""NO"",""PL"",""PT"",""RO"",""SE"",""SI"",""SK""]","2024-11-23 00:00:00","The decision was taken pursuant to own-initiative investigations.",SOURCE_VOLUNTARY,,Yes,AUTOMATED_DECISION_FULLY,TikTok,7440371737096772385,"2024-11-23 07:22:25"
6f9bff81-22da-4e00-91c3-d37b78c28bbd,"[""DECISION_VISIBILITY_OTHER""]","Video not eligible for recommendation in the For You feed",,,,,,,,,,DECISION_GROUND_INCOMPATIBLE_CONTENT,,,,"Community Guidelines","We maintain content eligibility standards for the For You feed (FYF) that prioritize safety and are informed by the diversity of our community and cultural norms. We make ineligible for the FYF certain content that may not be appropriate for a broad audience related to: (1) Behavioral Health, (2) Sensitive and Mature Themes, (3) Integrity and Authenticity, and (4) Regulated Goods. Content that is ineligible for the FYF can still be discovered in other ways, such as through search tools or by following an account.We proactively enforce our Community Guidelines through a mix of technology and human moderation. We have detected this policy violation using automated measures. We have used automated measures in making this decision.",,STATEMENT_CATEGORY_SCOPE_OF_PLATFORM_SERVICE,,,,"[""CONTENT_TYPE_VIDEO""]",,,"2024-11-23 00:00:00","[""AT"",""BE"",""BG"",""CY"",""CZ"",""DE"",""DK"",""EE"",""ES"",""FI"",""FR"",""GR"",""HR"",""HU"",""IE"",""IT"",""LI"",""LT"",""LU"",""LV"",""MT"",""NL"",""NO"",""PL"",""PT"",""RO"",""SE"",""SI"",""SK""]","2024-11-23 00:00:00","The decision was taken pursuant to own-initiative investigations.",SOURCE_VOLUNTARY,,Yes,AUTOMATED_DECISION_FULLY,TikTok,7440371737545562912,"2024-11-23 07:22:25"
8efa60ef-232b-4bce-945f-d57886a87b29,"[""DECISION_VISIBILITY_OTHER""]","Video not eligible for recommendation in the For You feed",,,,,,,,,,DECISION_GROUND_INCOMPATIBLE_CONTENT,,,,"Community Guidelines","We maintain content eligibility standards for the For You feed (FYF) that prioritize safety and are informed by the diversity of our community and cultural norms. We make ineligible for the FYF certain content that may not be appropriate for a broad audience related to: (1) Behavioral Health, (2) Sensitive and Mature Themes, (3) Integrity and Authenticity, and (4) Regulated Goods. Content that is ineligible for the FYF can still be discovered in other ways, such as through search tools or by following an account.We proactively enforce our Community Guidelines through a mix of technology and human moderation. We have detected this policy violation using automated measures. We have used automated measures in making this decision.",,STATEMENT_CATEGORY_SCOPE_OF_PLATFORM_SERVICE,,,,"[""CONTENT_TYPE_VIDEO""]",,,"2024-11-23 00:00:00","[""AT"",""BE"",""BG"",""CY"",""CZ"",""DE"",""DK"",""EE"",""ES"",""FI"",""FR"",""GR"",""HR"",""HU"",""IE"",""IT"",""LI"",""LT"",""LU"",""LV"",""MT"",""NL"",""NO"",""PL"",""PT"",""RO"",""SE"",""SI"",""SK""]","2024-11-23 00:00:00","The decision was taken pursuant to own-initiative investigations.",SOURCE_VOLUNTARY,,Yes,AUTOMATED_DECISION_FULLY,TikTok,7440371742268316448,"2024-11-23 07:22:27"
640d5feb-1850-4e3d-9c91-9af4a1eb2aae,"[""DECISION_VISIBILITY_CONTENT_REMOVED""]",,,,,,,,,,,DECISION_GROUND_INCOMPATIBLE_CONTENT,,,,Misinformation,"In a global community, it is natural for people to have different opinions, but we seek to operate on a shared set of facts and reality. We do not allow inaccurate, misleading, or false content that may cause significant harm to individuals or society, regardless of intent. Significant harm includes physical, psychological, or societal harm, and property damage.Users and 3rd-parties can report policy violations to us. We have detected this policy violation based on a report that the content violated our Community Guidelines.",,STATEMENT_CATEGORY_NEGATIVE_EFFECTS_ON_CIVIC_DISCOURSE_OR_ELECTIONS,,,,"[""CONTENT_TYPE_TEXT""]",,,"2024-11-22 00:00:00","[""AT"",""BE"",""BG"",""CY"",""CZ"",""DE"",""DK"",""EE"",""ES"",""FI"",""FR"",""GR"",""HR"",""HU"",""IE"",""IT"",""LI"",""LT"",""LU"",""LV"",""MT"",""NL"",""NO"",""PL"",""PT"",""RO"",""SE"",""SI"",""SK""]","2024-11-23 00:00:00","The decision was taken in response to a report alleging a violation of our Community Guidelines.",SOURCE_VOLUNTARY,,No,AUTOMATED_DECISION_NOT_AUTOMATED,TikTok,7440371742830369569,"2024-11-23 07:22:27"
a87ff953-ad36-4073-adc5-bbb0a49b3a96,"[""DECISION_VISIBILITY_CONTENT_REMOVED""]",,,,,,,,,,,DECISION_GROUND_INCOMPATIBLE_CONTENT,,,,"Harassment and Bullying","We welcome the respectful expression of different viewpoints, but not toxicity or trolling. We do not allow language or behavior that harasses, humiliates, threatens, or doxes anyone. This also includes responding to such acts with retaliatory harassment (but excludes non-harassing counterspeech).We proactively enforce our Community Guidelines through a mix of technology and human moderation. We have detected this policy violation using automated measures. We have used automated measures in making this decision.",,STATEMENT_CATEGORY_ILLEGAL_OR_HARMFUL_SPEECH,,,,"[""CONTENT_TYPE_TEXT""]",,,"2024-11-23 00:00:00","[""AT"",""BE"",""BG"",""CY"",""CZ"",""DE"",""DK"",""EE"",""ES"",""FI"",""FR"",""GR"",""HR"",""HU"",""IE"",""IT"",""LI"",""LT"",""LU"",""LV"",""MT"",""NL"",""NO"",""PL"",""PT"",""RO"",""SE"",""SI"",""SK""]","2024-11-23 00:00:00","The decision was taken pursuant to own-initiative investigations.",SOURCE_VOLUNTARY,,Yes,AUTOMATED_DECISION_FULLY,TikTok,7440371742830385953,"2024-11-23 07:22:27"
8ee6ffc3-bce4-4085-aafa-64e10416c0aa,"[""DECISION_VISIBILITY_CONTENT_REMOVED""]",,,,,,,,,,,DECISION_GROUND_INCOMPATIBLE_CONTENT,,,,"Sexual Exploitation and Gender-Based Violence","We are committed to providing a space that embraces gender equity, supports healthy relationships, and respects intimate privacy. We do not allow sexual exploitation or gender-based violence, including non-consensual sexual acts, image-based sexual abuse, sextortion, physical abuse, and sexual harassment.We proactively enforce our Community Guidelines through a mix of technology and human moderation. We have detected this policy violation using automated measures. We have used automated measures in making this decision.",,STATEMENT_CATEGORY_VIOLENCE,,,,"[""CONTENT_TYPE_TEXT""]",,,"2024-11-23 00:00:00","[""AT"",""BE"",""BG"",""CY"",""CZ"",""DE"",""DK"",""EE"",""ES"",""FI"",""FR"",""GR"",""HR"",""HU"",""IE"",""IT"",""LI"",""LT"",""LU"",""LV"",""MT"",""NL"",""NO"",""PL"",""PT"",""RO"",""SE"",""SI"",""SK""]","2024-11-23 00:00:00","The decision was taken pursuant to own-initiative investigations.",SOURCE_VOLUNTARY,,Yes,AUTOMATED_DECISION_FULLY,TikTok,7440371742268332832,"2024-11-23 07:22:27"
b1eba474-37f5-4c1a-a89c-3d6aefc09d8b,"[""DECISION_VISIBILITY_CONTENT_REMOVED""]",,,,,,,,,,,DECISION_GROUND_INCOMPATIBLE_CONTENT,,,,"Harassment and Bullying","We welcome the respectful expression of different viewpoints, but not toxicity or trolling. We do not allow language or behavior that harasses, humiliates, threatens, or doxes anyone. This also includes responding to such acts with retaliatory harassment (but excludes non-harassing counterspeech).We proactively enforce our Community Guidelines through a mix of technology and human moderation. We have detected this policy violation using automated measures. We have used automated measures in making this decision.",,STATEMENT_CATEGORY_ILLEGAL_OR_HARMFUL_SPEECH,,,,"[""CONTENT_TYPE_TEXT""]",,,"2024-11-23 00:00:00","[""AT"",""BE"",""BG"",""CY"",""CZ"",""DE"",""DK"",""EE"",""ES"",""FI"",""FR"",""GR"",""HR"",""HU"",""IE"",""IT"",""LI"",""LT"",""LU"",""LV"",""MT"",""NL"",""NO"",""PL"",""PT"",""RO"",""SE"",""SI"",""SK""]","2024-11-23 00:00:00","The decision was taken pursuant to own-initiative investigations.",SOURCE_VOLUNTARY,,Yes,AUTOMATED_DECISION_FULLY,TikTok,7440371742268349216,"2024-11-23 07:22:27"
4aeacd2b-87c2-4e13-9e9f-4ffa7580cbfe,"[""DECISION_VISIBILITY_CONTENT_REMOVED""]",,,,,,,,,,,DECISION_GROUND_INCOMPATIBLE_CONTENT,,,,"Harassment and Bullying","We welcome the respectful expression of different viewpoints, but not toxicity or trolling. We do not allow language or behavior that harasses, humiliates, threatens, or doxes anyone. This also includes responding to such acts with retaliatory harassment (but excludes non-harassing counterspeech).We proactively enforce our Community Guidelines through a mix of technology and human moderation. We have detected this policy violation using automated measures. We have used automated measures in making this decision.",,STATEMENT_CATEGORY_ILLEGAL_OR_HARMFUL_SPEECH,,,,"[""CONTENT_TYPE_TEXT""]",,,"2024-11-23 00:00:00","[""AT"",""BE"",""BG"",""CY"",""CZ"",""DE"",""DK"",""EE"",""ES"",""FI"",""FR"",""GR"",""HR"",""HU"",""IE"",""IT"",""LI"",""LT"",""LU"",""LV"",""MT"",""NL"",""NO"",""PL"",""PT"",""RO"",""SE"",""SI"",""SK""]","2024-11-23 00:00:00","The decision was taken pursuant to own-initiative investigations.",SOURCE_VOLUNTARY,,Yes,AUTOMATED_DECISION_FULLY,TikTok,7440371745917246240,"2024-11-23 07:22:27"
b8a06b51-8182-4a1e-8299-9c441d673651,"[""DECISION_VISIBILITY_OTHER""]","Video not eligible for recommendation in the For You feed",,,,,,,,,,DECISION_GROUND_INCOMPATIBLE_CONTENT,,,,"Community Guidelines","We maintain content eligibility standards for the For You feed (FYF) that prioritize safety and are informed by the diversity of our community and cultural norms. We make ineligible for the FYF certain content that may not be appropriate for a broad audience related to: (1) Behavioral Health, (2) Sensitive and Mature Themes, (3) Integrity and Authenticity, and (4) Regulated Goods. Content that is ineligible for the FYF can still be discovered in other ways, such as through search tools or by following an account.We proactively enforce our Community Guidelines through a mix of technology and human moderation. We have detected this policy violation using automated measures. We have used automated measures in making this decision.",,STATEMENT_CATEGORY_SCOPE_OF_PLATFORM_SERVICE,,,,"[""CONTENT_TYPE_VIDEO""]",,,"2024-11-23 00:00:00","[""AT"",""BE"",""BG"",""CY"",""CZ"",""DE"",""DK"",""EE"",""ES"",""FI"",""FR"",""GR"",""HR"",""HU"",""IE"",""IT"",""LI"",""LT"",""LU"",""LV"",""MT"",""NL"",""NO"",""PL"",""PT"",""RO"",""SE"",""SI"",""SK""]","2024-11-23 00:00:00","The decision was taken pursuant to own-initiative investigations.",SOURCE_VOLUNTARY,,Yes,AUTOMATED_DECISION_FULLY,TikTok,7440371746701581088,"2024-11-23 07:22:27"
666c6ca3-aa7a-429d-9e5e-b1ae21071311,"[""DECISION_VISIBILITY_CONTENT_REMOVED""]",,,,,,,,,,,DECISION_GROUND_INCOMPATIBLE_CONTENT,,,,"Harassment and Bullying","We welcome the respectful expression of different viewpoints, but not toxicity or trolling. We do not allow language or behavior that harasses, humiliates, threatens, or doxes anyone. This also includes responding to such acts with retaliatory harassment (but excludes non-harassing counterspeech).We proactively enforce our Community Guidelines through a mix of technology and human moderation. We have detected this policy violation using automated measures. We have used automated measures in making this decision.",,STATEMENT_CATEGORY_ILLEGAL_OR_HARMFUL_SPEECH,,,,"[""CONTENT_TYPE_TEXT""]",,,"2024-11-23 00:00:00","[""AT"",""BE"",""BG"",""CY"",""CZ"",""DE"",""DK"",""EE"",""ES"",""FI"",""FR"",""GR"",""HR"",""HU"",""IE"",""IT"",""LI"",""LT"",""LU"",""LV"",""MT"",""NL"",""NO"",""PL"",""PT"",""RO"",""SE"",""SI"",""SK""]","2024-11-23 00:00:00","The decision was taken pursuant to own-initiative investigations.",SOURCE_VOLUNTARY,,Yes,AUTOMATED_DECISION_FULLY,TikTok,7440371745917262624,"2024-11-23 07:22:27"
22764b96-3cc5-47db-af1a-20aa91e08d90,"[""DECISION_VISIBILITY_CONTENT_REMOVED""]",,,,,,,,,,,DECISION_GROUND_INCOMPATIBLE_CONTENT,,,,"Hate Speech and Hateful Behaviors","TikTok is enriched by the various backgrounds of our community members. Our differences should be respected, rather than a cause for division. We do not allow any hateful behavior, hate speech, or promotion of hateful ideologies. This includes content that attacks a person or group because of protected attributes.We proactively enforce our Community Guidelines through a mix of technology and human moderation. We have detected this policy violation using automated measures. We have used automated measures in making this decision.",,STATEMENT_CATEGORY_ILLEGAL_OR_HARMFUL_SPEECH,,,,"[""CONTENT_TYPE_TEXT""]",,,"2024-11-23 00:00:00","[""AT"",""BE"",""BG"",""CY"",""CZ"",""DE"",""DK"",""EE"",""ES"",""FI"",""FR"",""GR"",""HR"",""HU"",""IE"",""IT"",""LI"",""LT"",""LU"",""LV"",""MT"",""NL"",""NO"",""PL"",""PT"",""RO"",""SE"",""SI"",""SK""]","2024-11-23 00:00:00","The decision was taken pursuant to own-initiative investigations.",SOURCE_VOLUNTARY,,Yes,AUTOMATED_DECISION_FULLY,TikTok,7440371746701597472,"2024-11-23 07:22:27"
4c40c94c-a692-48a7-84f7-aacd398439b0,"[""DECISION_VISIBILITY_OTHER""]","Video not eligible for recommendation in the For You feed",,,,,,,,,,DECISION_GROUND_INCOMPATIBLE_CONTENT,,,,"Community Guidelines","We maintain content eligibility standards for the For You feed (FYF) that prioritize safety and are informed by the diversity of our community and cultural norms. We make ineligible for the FYF certain content that may not be appropriate for a broad audience related to: (1) Behavioral Health, (2) Sensitive and Mature Themes, (3) Integrity and Authenticity, and (4) Regulated Goods. Content that is ineligible for the FYF can still be discovered in other ways, such as through search tools or by following an account.We proactively enforce our Community Guidelines through a mix of technology and human moderation. We have detected this policy violation using automated measures. We have used automated measures in making this decision.",,STATEMENT_CATEGORY_SCOPE_OF_PLATFORM_SERVICE,,,,"[""CONTENT_TYPE_VIDEO""]",,,"2024-11-23 00:00:00","[""AT"",""BE"",""BG"",""CY"",""CZ"",""DE"",""DK"",""EE"",""ES"",""FI"",""FR"",""GR"",""HR"",""HU"",""IE"",""IT"",""LI"",""LT"",""LU"",""LV"",""MT"",""NL"",""NO"",""PL"",""PT"",""RO"",""SE"",""SI"",""SK""]","2024-11-23 00:00:00","The decision was taken pursuant to own-initiative investigations.",SOURCE_VOLUNTARY,,Yes,AUTOMATED_DECISION_FULLY,TikTok,7440371746701613856,"2024-11-23 07:22:27"
c10e60ca-c568-4f73-af62-06d5c62b08fb,"[""DECISION_VISIBILITY_CONTENT_REMOVED""]",,,,,,,,,,,DECISION_GROUND_INCOMPATIBLE_CONTENT,,,,"Community Guidelines","Your content is against our Community Guidelines. The guidelines include rules and standards for using TikTok that apply to everyone and everything on our platform.We proactively enforce our Community Guidelines through a mix of technology and human moderation. We have detected this policy violation using automated measures. We have used automated measures in making this decision.",,STATEMENT_CATEGORY_SCOPE_OF_PLATFORM_SERVICE,,,,"[""CONTENT_TYPE_TEXT""]",,,"2024-11-23 00:00:00","[""AT"",""BE"",""BG"",""CY"",""CZ"",""DE"",""DK"",""EE"",""ES"",""FI"",""FR"",""GR"",""HR"",""HU"",""IE"",""IT"",""LI"",""LT"",""LU"",""LV"",""MT"",""NL"",""NO"",""PL"",""PT"",""RO"",""SE"",""SI"",""SK""]","2024-11-23 00:00:00","The decision was taken pursuant to own-initiative investigations.",SOURCE_VOLUNTARY,,Yes,AUTOMATED_DECISION_FULLY,TikTok,7440371745917279008,"2024-11-23 07:22:27"
c2e8a0c9-a366-4bc6-9840-39bd88d24843,"[""DECISION_VISIBILITY_CONTENT_REMOVED""]",,,,,,,,,,,DECISION_GROUND_INCOMPATIBLE_CONTENT,,,,"Sexual Exploitation and Gender-Based Violence","We are committed to providing a space that embraces gender equity, supports healthy relationships, and respects intimate privacy. We do not allow sexual exploitation or gender-based violence, including non-consensual sexual acts, image-based sexual abuse, sextortion, physical abuse, and sexual harassment.We proactively enforce our Community Guidelines through a mix of technology and human moderation. We have detected this policy violation using automated measures. We have used automated measures in making this decision.",,STATEMENT_CATEGORY_VIOLENCE,,,,"[""CONTENT_TYPE_TEXT""]",,,"2024-11-23 00:00:00","[""AT"",""BE"",""BG"",""CY"",""CZ"",""DE"",""DK"",""EE"",""ES"",""FI"",""FR"",""GR"",""HR"",""HU"",""IE"",""IT"",""LI"",""LT"",""LU"",""LV"",""MT"",""NL"",""NO"",""PL"",""PT"",""RO"",""SE"",""SI"",""SK""]","2024-11-23 00:00:00","The decision was taken pursuant to own-initiative investigations.",SOURCE_VOLUNTARY,,Yes,AUTOMATED_DECISION_FULLY,TikTok,7440371745917295392,"2024-11-23 07:22:27"
ebaa6941-bfed-43ed-97dd-af9feeab70e4,"[""DECISION_VISIBILITY_OTHER""]","Photo not eligible for recommendation in the For You feed, and visibility restricted in search results",,,,,,,,,,DECISION_GROUND_INCOMPATIBLE_CONTENT,,,,"Civic and Election Integrity","We want to enable the informed exchange of civic ideas in a way that fosters productive dialogue. Your video didn’t meet our eligibility standards for the For You Feed. Please review our Community Guidelines for more information.We proactively enforce our Community Guidelines through a mix of technology and human moderation. We have detected this policy violation using automated measures. We have used automated measures in making this decision.",,STATEMENT_CATEGORY_NEGATIVE_EFFECTS_ON_CIVIC_DISCOURSE_OR_ELECTIONS,,,,"[""CONTENT_TYPE_IMAGE""]",,,"2024-11-23 00:00:00","[""AT"",""BE"",""BG"",""CY"",""CZ"",""DE"",""DK"",""EE"",""ES"",""FI"",""FR"",""GR"",""HR"",""HU"",""IE"",""IT"",""LI"",""LT"",""LU"",""LV"",""MT"",""NL"",""NO"",""PL"",""PT"",""RO"",""SE"",""SI"",""SK""]","2024-11-23 00:00:00","The decision was taken pursuant to own-initiative investigations.",SOURCE_VOLUNTARY,,Yes,AUTOMATED_DECISION_FULLY,TikTok,7440371746701630240,"2024-11-23 07:22:27"
eb3cd5cd-79fc-4708-ab81-ba73fbc6d5d0,"[""DECISION_VISIBILITY_OTHER""]","Video not eligible for recommendation in the For You feed",,,,,,,,,,DECISION_GROUND_INCOMPATIBLE_CONTENT,,,,"Community Guidelines","We maintain content eligibility standards for the For You feed (FYF) that prioritize safety and are informed by the diversity of our community and cultural norms. We make ineligible for the FYF certain content that may not be appropriate for a broad audience related to: (1) Behavioral Health, (2) Sensitive and Mature Themes, (3) Integrity and Authenticity, and (4) Regulated Goods. Content that is ineligible for the FYF can still be discovered in other ways, such as through search tools or by following an account.We proactively enforce our Community Guidelines through a mix of technology and human moderation. We have detected this policy violation using automated measures. We have used automated measures in making this decision.",,STATEMENT_CATEGORY_SCOPE_OF_PLATFORM_SERVICE,,,,"[""CONTENT_TYPE_VIDEO""]",,,"2024-11-23 00:00:00","[""AT"",""BE"",""BG"",""CY"",""CZ"",""DE"",""DK"",""EE"",""ES"",""FI"",""FR"",""GR"",""HR"",""HU"",""IE"",""IT"",""LI"",""LT"",""LU"",""LV"",""MT"",""NL"",""NO"",""PL"",""PT"",""RO"",""SE"",""SI"",""SK""]","2024-11-23 00:00:00","The decision was taken pursuant to own-initiative investigations.",SOURCE_VOLUNTARY,,Yes,AUTOMATED_DECISION_FULLY,TikTok,7440371746701646624,"2024-11-23 07:22:27"
d5a255dc-9404-44bc-b892-dd44be4523ed,"[""DECISION_VISIBILITY_CONTENT_REMOVED""]",,,,,,,,,,,DECISION_GROUND_INCOMPATIBLE_CONTENT,,,,"Harassment and Bullying","We welcome the respectful expression of different viewpoints, but not toxicity or trolling. We do not allow language or behavior that harasses, humiliates, threatens, or doxes anyone. This also includes responding to such acts with retaliatory harassment (but excludes non-harassing counterspeech).We proactively enforce our Community Guidelines through a mix of technology and human moderation. We have detected this policy violation using automated measures. We have used automated measures in making this decision.",,STATEMENT_CATEGORY_ILLEGAL_OR_HARMFUL_SPEECH,,,,"[""CONTENT_TYPE_TEXT""]",,,"2024-11-23 00:00:00","[""AT"",""BE"",""BG"",""CY"",""CZ"",""DE"",""DK"",""EE"",""ES"",""FI"",""FR"",""GR"",""HR"",""HU"",""IE"",""IT"",""LI"",""LT"",""LU"",""LV"",""MT"",""NL"",""NO"",""PL"",""PT"",""RO"",""SE"",""SI"",""SK""]","2024-11-23 00:00:00","The decision was taken pursuant to own-initiative investigations.",SOURCE_VOLUNTARY,,Yes,AUTOMATED_DECISION_FULLY,TikTok,7440371745917311776,"2024-11-23 07:22:27"
53c1a460-934f-4238-b480-c285dc01c706,"[""DECISION_VISIBILITY_CONTENT_REMOVED""]",,,,,,,,,,,DECISION_GROUND_INCOMPATIBLE_CONTENT,,,,"Hate Speech and Hateful Behaviors","TikTok is enriched by the various backgrounds of our community members. Our differences should be respected, rather than a cause for division. We do not allow any hateful behavior, hate speech, or promotion of hateful ideologies. This includes content that attacks a person or group because of protected attributes.We proactively enforce our Community Guidelines through a mix of technology and human moderation. We have detected this policy violation using automated measures. We have used automated measures in making this decision.",,STATEMENT_CATEGORY_ILLEGAL_OR_HARMFUL_SPEECH,,,,"[""CONTENT_TYPE_TEXT""]",,,"2024-11-23 00:00:00","[""AT"",""BE"",""BG"",""CY"",""CZ"",""DE"",""DK"",""EE"",""ES"",""FI"",""FR"",""GR"",""HR"",""HU"",""IE"",""IT"",""LI"",""LT"",""LU"",""LV"",""MT"",""NL"",""NO"",""PL"",""PT"",""RO"",""SE"",""SI"",""SK""]","2024-11-23 00:00:00","The decision was taken pursuant to own-initiative investigations.",SOURCE_VOLUNTARY,,Yes,AUTOMATED_DECISION_FULLY,TikTok,7440371746701663008,"2024-11-23 07:22:27"
f1158b4b-1c73-4f21-bd03-bb9df66b514d,"[""DECISION_VISIBILITY_OTHER""]","Photo not eligible for recommendation in the For You feed, and visibility restricted in search results",,,,,,,,,,DECISION_GROUND_INCOMPATIBLE_CONTENT,,,,"Dangerous Activities and Challenges","Most activities or challenges are appropriate for everyone, but some may carry a risk of significant injury. Content is ineligible for the For You feed if it involves activities likely to lead to moderate physical harm or includes professionals performing extreme sports and stunts that may endanger others.We proactively enforce our Community Guidelines through a mix of technology and human moderation. We have detected this policy violation using automated measures. We have used automated measures in making this decision.",,STATEMENT_CATEGORY_SCOPE_OF_PLATFORM_SERVICE,,,,"[""CONTENT_TYPE_IMAGE""]",,,"2024-11-23 00:00:00","[""AT"",""BE"",""BG"",""CY"",""CZ"",""DE"",""DK"",""EE"",""ES"",""FI"",""FR"",""GR"",""HR"",""HU"",""IE"",""IT"",""LI"",""LT"",""LU"",""LV"",""MT"",""NL"",""NO"",""PL"",""PT"",""RO"",""SE"",""SI"",""SK""]","2024-11-23 00:00:00","The decision was taken pursuant to own-initiative investigations.",SOURCE_VOLUNTARY,,Yes,AUTOMATED_DECISION_FULLY,TikTok,7440371745917328160,"2024-11-23 07:22:27"
3743c7c5-0471-49ef-ac1f-a5be550838d2,"[""DECISION_VISIBILITY_CONTENT_REMOVED""]",,,,,,,,,,,DECISION_GROUND_INCOMPATIBLE_CONTENT,,,,"Spam and Deceptive Account Behaviors","To build a trusted community online, it is important that the behaviors and identities of accounts are authentic and truthful. We do not allow account behaviors that may spam or mislead our community. We will restrict the visibility of comments that contain excessive or irrelevant spam content. We proactively enforce our Community Guidelines through a mix of technology and human moderation. We have detected this policy violation using automated measures. We have used automated measures in making this decision.",,STATEMENT_CATEGORY_SCAMS_AND_FRAUD,,,,"[""CONTENT_TYPE_TEXT""]",,,"2024-11-23 00:00:00","[""AT"",""BE"",""BG"",""CY"",""CZ"",""DE"",""DK"",""EE"",""ES"",""FI"",""FR"",""GR"",""HR"",""HU"",""IE"",""IT"",""LI"",""LT"",""LU"",""LV"",""MT"",""NL"",""NO"",""PL"",""PT"",""RO"",""SE"",""SI"",""SK""]","2024-11-23 00:00:00","The decision was taken pursuant to own-initiative investigations.",SOURCE_VOLUNTARY,,Yes,AUTOMATED_DECISION_FULLY,TikTok,7440371745917344544,"2024-11-23 07:22:27"
dcd82c7b-4e30-4d5a-83a3-9d6fe86d3e2f,"[""DECISION_VISIBILITY_CONTENT_REMOVED""]",,,,,,,,,,,DECISION_GROUND_INCOMPATIBLE_CONTENT,,,,"Harassment and Bullying","We welcome the respectful expression of different viewpoints, but not toxicity or trolling. We do not allow language or behavior that harasses, humiliates, threatens, or doxes anyone. This also includes responding to such acts with retaliatory harassment (but excludes non-harassing counterspeech).We proactively enforce our Community Guidelines through a mix of technology and human moderation. We have detected this policy violation using automated measures. We have used automated measures in making this decision.",,STATEMENT_CATEGORY_ILLEGAL_OR_HARMFUL_SPEECH,,,,"[""CONTENT_TYPE_TEXT""]",,,"2024-11-23 00:00:00","[""AT"",""BE"",""BG"",""CY"",""CZ"",""DE"",""DK"",""EE"",""ES"",""FI"",""FR"",""GR"",""HR"",""HU"",""IE"",""IT"",""LI"",""LT"",""LU"",""LV"",""MT"",""NL"",""NO"",""PL"",""PT"",""RO"",""SE"",""SI"",""SK""]","2024-11-23 00:00:00","The decision was taken pursuant to own-initiative investigations.",SOURCE_VOLUNTARY,,Yes,AUTOMATED_DECISION_FULLY,TikTok,7440371745917360928,"2024-11-23 07:22:27"
7cadb19c-7653-496c-adae-b861a8c5ccc8,"[""DECISION_VISIBILITY_CONTENT_REMOVED""]",,,,,,,,,,,DECISION_GROUND_INCOMPATIBLE_CONTENT,,,,"Harassment and Bullying","We welcome the respectful expression of different viewpoints, but not toxicity or trolling. We do not allow language or behavior that harasses, humiliates, threatens, or doxes anyone. This also includes responding to such acts with retaliatory harassment (but excludes non-harassing counterspeech).We proactively enforce our Community Guidelines through a mix of technology and human moderation. We have detected this policy violation using automated measures. We have used automated measures in making this decision.",,STATEMENT_CATEGORY_ILLEGAL_OR_HARMFUL_SPEECH,,,,"[""CONTENT_TYPE_TEXT""]",,,"2024-11-23 00:00:00","[""AT"",""BE"",""BG"",""CY"",""CZ"",""DE"",""DK"",""EE"",""ES"",""FI"",""FR"",""GR"",""HR"",""HU"",""IE"",""IT"",""LI"",""LT"",""LU"",""LV"",""MT"",""NL"",""NO"",""PL"",""PT"",""RO"",""SE"",""SI"",""SK""]","2024-11-23 00:00:00","The decision was taken pursuant to own-initiative investigations.",SOURCE_VOLUNTARY,,Yes,AUTOMATED_DECISION_FULLY,TikTok,7440371746701679392,"2024-11-23 07:22:27"
0704f665-2307-435d-8521-931e244a7cd5,"[""DECISION_VISIBILITY_OTHER""]","Video not eligible for recommendation in the For You feed",,,,,,,,,,DECISION_GROUND_INCOMPATIBLE_CONTENT,,,,"Sexually Suggestive Content","We are mindful that certain behaviors related to sexual arousal or suggestiveness may be offensive to some people and may put young people at risk of exploitation. Content is ineligible for the For You feed and harder to find in search if it shows sex products or intends to sexually arouse (such as intimate kissing, sexualized posing, and seductive performances or allusions to sexual activity by adults). We proactively enforce our Community Guidelines through a mix of technology and human moderation. We have detected this policy violation using automated measures. We have used automated measures in making this decision.",,STATEMENT_CATEGORY_SCOPE_OF_PLATFORM_SERVICE,,,,"[""CONTENT_TYPE_VIDEO""]",,,"2024-11-23 00:00:00","[""AT"",""BE"",""BG"",""CY"",""CZ"",""DE"",""DK"",""EE"",""ES"",""FI"",""FR"",""GR"",""HR"",""HU"",""IE"",""IT"",""LI"",""LT"",""LU"",""LV"",""MT"",""NL"",""NO"",""PL"",""PT"",""RO"",""SE"",""SI"",""SK""]","2024-11-23 00:00:00","The decision was taken pursuant to own-initiative investigations.",SOURCE_VOLUNTARY,,Yes,AUTOMATED_DECISION_FULLY,TikTok,7440371745917377312,"2024-11-23 07:22:27"
e0208545-3594-4b5d-b8ce-a9ff576f5b68,"[""DECISION_VISIBILITY_OTHER""]","Video not eligible for recommendation in the For You feed",,,,,,,,,,DECISION_GROUND_INCOMPATIBLE_CONTENT,,,,"Nudity and Body Exposure","We celebrate all shapes and sizes and want people to feel comfortable in how they present themselves and their bodies. Content is ineligible for the For You feed and harder to find in search if it shows moderate body exposure of a young person, or significant body exposure of an adult. We allow regional exceptions for body exposure in limited situations, such as common cultural practices.We proactively enforce our Community Guidelines through a mix of technology and human moderation. We have detected this policy violation using automated measures. We have used automated measures in making this decision.",,STATEMENT_CATEGORY_SCOPE_OF_PLATFORM_SERVICE,,,,"[""CONTENT_TYPE_VIDEO""]",,,"2024-11-23 00:00:00","[""AT"",""BE"",""BG"",""CY"",""CZ"",""DE"",""DK"",""EE"",""ES"",""FI"",""FR"",""GR"",""HR"",""HU"",""IE"",""IT"",""LI"",""LT"",""LU"",""LV"",""MT"",""NL"",""NO"",""PL"",""PT"",""RO"",""SE"",""SI"",""SK""]","2024-11-23 00:00:00","The decision was taken pursuant to own-initiative investigations.",SOURCE_VOLUNTARY,,Yes,AUTOMATED_DECISION_FULLY,TikTok,7440371746701695776,"2024-11-23 07:22:27"
3509eafd-bc39-496a-b099-5dd8c499af75,"[""DECISION_VISIBILITY_CONTENT_REMOVED""]",,,,,,,,,,,DECISION_GROUND_INCOMPATIBLE_CONTENT,,,,"Dangerous Activities and Challenges","Most activities or challenges are appropriate for everyone, but some carry a risk of significant injury. We do not allow showing or promoting dangerous activities and challenges. This includes dares, games, tricks, inappropriate use of dangerous tools, eating substances that are harmful to one’s health, or similar activities that may lead to significant physical harm.We proactively enforce our Community Guidelines through a mix of technology and human moderation. We have detected this policy violation using automated measures. We have used automated measures in making this decision.",,STATEMENT_CATEGORY_SCOPE_OF_PLATFORM_SERVICE,,,,"[""CONTENT_TYPE_TEXT""]",,,"2024-11-23 00:00:00","[""AT"",""BE"",""BG"",""CY"",""CZ"",""DE"",""DK"",""EE"",""ES"",""FI"",""FR"",""GR"",""HR"",""HU"",""IE"",""IT"",""LI"",""LT"",""LU"",""LV"",""MT"",""NL"",""NO"",""PL"",""PT"",""RO"",""SE"",""SI"",""SK""]","2024-11-23 00:00:00","The decision was taken pursuant to own-initiative investigations.",SOURCE_VOLUNTARY,,Yes,AUTOMATED_DECISION_FULLY,TikTok,7440371745917393696,"2024-11-23 07:22:27"
7e182578-5933-4538-997b-1d993f36811d,"[""DECISION_VISIBILITY_CONTENT_REMOVED""]",,,,,,,,,,,DECISION_GROUND_INCOMPATIBLE_CONTENT,,,,"Harassment and Bullying","We welcome the respectful expression of different viewpoints, but not toxicity or trolling. We do not allow language or behavior that harasses, humiliates, threatens, or doxes anyone. This also includes responding to such acts with retaliatory harassment (but excludes non-harassing counterspeech).We proactively enforce our Community Guidelines through a mix of technology and human moderation. We have detected this policy violation using automated measures. We have used automated measures in making this decision.",,STATEMENT_CATEGORY_ILLEGAL_OR_HARMFUL_SPEECH,,,,"[""CONTENT_TYPE_TEXT""]",,,"2024-11-23 00:00:00","[""AT"",""BE"",""BG"",""CY"",""CZ"",""DE"",""DK"",""EE"",""ES"",""FI"",""FR"",""GR"",""HR"",""HU"",""IE"",""IT"",""LI"",""LT"",""LU"",""LV"",""MT"",""NL"",""NO"",""PL"",""PT"",""RO"",""SE"",""SI"",""SK""]","2024-11-23 00:00:00","The decision was taken pursuant to own-initiative investigations.",SOURCE_VOLUNTARY,,Yes,AUTOMATED_DECISION_FULLY,TikTok,7440371749524347680,"2024-11-23 07:22:27"
5f36d45b-d878-482f-aead-a77267a4951b,"[""DECISION_VISIBILITY_CONTENT_REMOVED""]",,,,,,,,,,,DECISION_GROUND_INCOMPATIBLE_CONTENT,,,,"Hate Speech and Hateful Behaviors","TikTok is enriched by the various backgrounds of our community members. Our differences should be respected, rather than a cause for division. We do not allow any hateful behavior, hate speech, or promotion of hateful ideologies. This includes content that attacks a person or group because of protected attributes.We proactively enforce our Community Guidelines through a mix of technology and human moderation. We have detected this policy violation using automated measures. We have used automated measures in making this decision.",,STATEMENT_CATEGORY_ILLEGAL_OR_HARMFUL_SPEECH,,,,"[""CONTENT_TYPE_TEXT""]",,,"2024-11-23 00:00:00","[""AT"",""BE"",""BG"",""CY"",""CZ"",""DE"",""DK"",""EE"",""ES"",""FI"",""FR"",""GR"",""HR"",""HU"",""IE"",""IT"",""LI"",""LT"",""LU"",""LV"",""MT"",""NL"",""NO"",""PL"",""PT"",""RO"",""SE"",""SI"",""SK""]","2024-11-23 00:00:00","The decision was taken pursuant to own-initiative investigations.",SOURCE_VOLUNTARY,,Yes,AUTOMATED_DECISION_FULLY,TikTok,7440371749524364064,"2024-11-23 07:22:27"
6a8802cb-10eb-458f-ba82-52bc955d92d1,"[""DECISION_VISIBILITY_OTHER""]","Video not eligible for recommendation in the For You feed",,,,,,,,,,DECISION_GROUND_INCOMPATIBLE_CONTENT,,,,"Nudity and Body Exposure","We celebrate all shapes and sizes and want people to feel comfortable in how they present themselves and their bodies. Content is ineligible for the For You feed and harder to find in search if it shows moderate body exposure of a young person, or significant body exposure of an adult. We allow regional exceptions for body exposure in limited situations, such as common cultural practices.We proactively enforce our Community Guidelines through a mix of technology and human moderation. We have detected this policy violation using automated measures. We have used automated measures in making this decision.",,STATEMENT_CATEGORY_SCOPE_OF_PLATFORM_SERVICE,,,,"[""CONTENT_TYPE_VIDEO""]",,,"2024-11-23 00:00:00","[""AT"",""BE"",""BG"",""CY"",""CZ"",""DE"",""DK"",""EE"",""ES"",""FI"",""FR"",""GR"",""HR"",""HU"",""IE"",""IT"",""LI"",""LT"",""LU"",""LV"",""MT"",""NL"",""NO"",""PL"",""PT"",""RO"",""SE"",""SI"",""SK""]","2024-11-23 00:00:00","The decision was taken pursuant to own-initiative investigations.",SOURCE_VOLUNTARY,,Yes,AUTOMATED_DECISION_FULLY,TikTok,7440371750187096864,"2024-11-23 07:22:29"
ef49a2cf-3ada-420d-9e6b-8481224777d0,"[""DECISION_VISIBILITY_CONTENT_REMOVED""]",,,,,,,,,,,DECISION_GROUND_INCOMPATIBLE_CONTENT,,,,"Harassment and Bullying","We welcome the respectful expression of different viewpoints, but not toxicity or trolling. We do not allow language or behavior that harasses, humiliates, threatens, or doxes anyone. This also includes responding to such acts with retaliatory harassment (but excludes non-harassing counterspeech).We proactively enforce our Community Guidelines through a mix of technology and human moderation. We have detected this policy violation using automated measures. We have used automated measures in making this decision.",,STATEMENT_CATEGORY_ILLEGAL_OR_HARMFUL_SPEECH,,,,"[""CONTENT_TYPE_TEXT""]",,,"2024-11-23 00:00:00","[""AT"",""BE"",""BG"",""CY"",""CZ"",""DE"",""DK"",""EE"",""ES"",""FI"",""FR"",""GR"",""HR"",""HU"",""IE"",""IT"",""LI"",""LT"",""LU"",""LV"",""MT"",""NL"",""NO"",""PL"",""PT"",""RO"",""SE"",""SI"",""SK""]","2024-11-23 00:00:00","The decision was taken pursuant to own-initiative investigations.",SOURCE_VOLUNTARY,,Yes,AUTOMATED_DECISION_FULLY,TikTok,7440371750187113248,"2024-11-23 07:22:29"
1ad23a21-9804-4f16-9b84-9dc7f11a9b1b,"[""DECISION_VISIBILITY_OTHER""]","Photo not eligible for recommendation in the For You feed, and visibility restricted in search results",,,,,,,,,,DECISION_GROUND_INCOMPATIBLE_CONTENT,,,,"Civic and Election Integrity","We want to enable the informed exchange of civic ideas in a way that fosters productive dialogue. Your video didn’t meet our eligibility standards for the For You Feed. Please review our Community Guidelines for more information.We proactively enforce our Community Guidelines through a mix of technology and human moderation. We have detected this policy violation using automated measures. We have used automated measures in making this decision.",,STATEMENT_CATEGORY_NEGATIVE_EFFECTS_ON_CIVIC_DISCOURSE_OR_ELECTIONS,,,,"[""CONTENT_TYPE_IMAGE""]",,,"2024-11-23 00:00:00","[""AT"",""BE"",""BG"",""CY"",""CZ"",""DE"",""DK"",""EE"",""ES"",""FI"",""FR"",""GR"",""HR"",""HU"",""IE"",""IT"",""LI"",""LT"",""LU"",""LV"",""MT"",""NL"",""NO"",""PL"",""PT"",""RO"",""SE"",""SI"",""SK""]","2024-11-23 00:00:00","The decision was taken pursuant to own-initiative investigations.",SOURCE_VOLUNTARY,,Yes,AUTOMATED_DECISION_FULLY,TikTok,7440371750187129632,"2024-11-23 07:22:29"
a0de9d2d-1aae-4f62-8833-e7c6c44e3dcf,"[""DECISION_VISIBILITY_OTHER""]","Video not eligible for recommendation in the For You feed",,,,,,,,,,DECISION_GROUND_INCOMPATIBLE_CONTENT,,,,"Dangerous Activities and Challenges","Most activities or challenges are appropriate for everyone, but some carry a risk of significant injury. Content is ineligible for the For You feed if it involves activities that are likely to lead to moderate physical harm, or includes professionals who are performing extreme sports and stunts that may endanger others.We proactively enforce our Community Guidelines through a mix of technology and human moderation. We have detected this policy violation using automated measures. We have used automated measures in making this decision.",,STATEMENT_CATEGORY_SCOPE_OF_PLATFORM_SERVICE,,,,"[""CONTENT_TYPE_VIDEO""]",,,"2024-11-23 00:00:00","[""AT"",""BE"",""BG"",""CY"",""CZ"",""DE"",""DK"",""EE"",""ES"",""FI"",""FR"",""GR"",""HR"",""HU"",""IE"",""IT"",""LI"",""LT"",""LU"",""LV"",""MT"",""NL"",""NO"",""PL"",""PT"",""RO"",""SE"",""SI"",""SK""]","2024-11-23 00:00:00","The decision was taken pursuant to own-initiative investigations.",SOURCE_VOLUNTARY,,Yes,AUTOMATED_DECISION_FULLY,TikTok,7440371749524462368,"2024-11-23 07:22:29"
007ebe2a-e2f6-468d-867f-9b3b11994e72,"[""DECISION_VISIBILITY_CONTENT_REMOVED""]",,,,,,,,,,,DECISION_GROUND_INCOMPATIBLE_CONTENT,,,,"Hate Speech and Hateful Behaviors","TikTok is enriched by the various backgrounds of our community members. Our differences should be respected, rather than a cause for division. We do not allow any hateful behavior, hate speech, or promotion of hateful ideologies. This includes content that attacks a person or group because of protected attributes.We proactively enforce our Community Guidelines through a mix of technology and human moderation. We have detected this policy violation using automated measures. We have used automated measures in making this decision.",,STATEMENT_CATEGORY_ILLEGAL_OR_HARMFUL_SPEECH,,,,"[""CONTENT_TYPE_TEXT""]",,,"2024-11-23 00:00:00","[""AT"",""BE"",""BG"",""CY"",""CZ"",""DE"",""DK"",""EE"",""ES"",""FI"",""FR"",""GR"",""HR"",""HU"",""IE"",""IT"",""LI"",""LT"",""LU"",""LV"",""MT"",""NL"",""NO"",""PL"",""PT"",""RO"",""SE"",""SI"",""SK""]","2024-11-23 00:00:00","The decision was taken pursuant to own-initiative investigations.",SOURCE_VOLUNTARY,,Yes,AUTOMATED_DECISION_FULLY,TikTok,7440371749524478752,"2024-11-23 07:22:29"
5208ca76-dd1d-46da-9e83-2dc38bde8f33,"[""DECISION_VISIBILITY_CONTENT_REMOVED""]",,,,,,,,,,,DECISION_GROUND_INCOMPATIBLE_CONTENT,,,,"Harassment and Bullying","We welcome the respectful expression of different viewpoints, but not toxicity or trolling. We do not allow language or behavior that harasses, humiliates, threatens, or doxes anyone. This also includes responding to such acts with retaliatory harassment (but excludes non-harassing counterspeech).We proactively enforce our Community Guidelines through a mix of technology and human moderation. We have detected this policy violation using automated measures. We have used automated measures in making this decision.",,STATEMENT_CATEGORY_ILLEGAL_OR_HARMFUL_SPEECH,,,,"[""CONTENT_TYPE_TEXT""]",,,"2024-11-23 00:00:00","[""AT"",""BE"",""BG"",""CY"",""CZ"",""DE"",""DK"",""EE"",""ES"",""FI"",""FR"",""GR"",""HR"",""HU"",""IE"",""IT"",""LI"",""LT"",""LU"",""LV"",""MT"",""NL"",""NO"",""PL"",""PT"",""RO"",""SE"",""SI"",""SK""]","2024-11-23 00:00:00","The decision was taken pursuant to own-initiative investigations.",SOURCE_VOLUNTARY,,Yes,AUTOMATED_DECISION_FULLY,TikTok,7440371750187146016,"2024-11-23 07:22:29"
db97031a-c286-4b64-a3ee-93c940e82bf5,"[""DECISION_VISIBILITY_CONTENT_REMOVED""]",,,,,,,,,,,DECISION_GROUND_INCOMPATIBLE_CONTENT,,,,"Hate Speech and Hateful Behaviors","TikTok is enriched by the various backgrounds of our community members. Our differences should be respected, rather than a cause for division. We do not allow any hateful behavior, hate speech, or promotion of hateful ideologies. This includes content that attacks a person or group because of protected attributes.We proactively enforce our Community Guidelines through a mix of technology and human moderation. We have detected this policy violation using automated measures. We have used automated measures in making this decision.",,STATEMENT_CATEGORY_ILLEGAL_OR_HARMFUL_SPEECH,,,,"[""CONTENT_TYPE_TEXT""]",,,"2024-11-23 00:00:00","[""AT"",""BE"",""BG"",""CY"",""CZ"",""DE"",""DK"",""EE"",""ES"",""FI"",""FR"",""GR"",""HR"",""HU"",""IE"",""IT"",""LI"",""LT"",""LU"",""LV"",""MT"",""NL"",""NO"",""PL"",""PT"",""RO"",""SE"",""SI"",""SK""]","2024-11-23 00:00:00","The decision was taken pursuant to own-initiative investigations.",SOURCE_VOLUNTARY,,Yes,AUTOMATED_DECISION_FULLY,TikTok,7440371749524495136,"2024-11-23 07:22:29"
88bea070-adff-4585-9b9c-d4cffb9edae3,"[""DECISION_VISIBILITY_OTHER""]","Video not eligible for recommendation in the For You feed",,,,,,,,,,DECISION_GROUND_INCOMPATIBLE_CONTENT,,,,"Dangerous Activities and Challenges","Most activities or challenges are appropriate for everyone, but some carry a risk of significant injury. Content is ineligible for the For You feed if it involves activities that are likely to lead to moderate physical harm, or includes professionals who are performing extreme sports and stunts that may endanger others.We proactively enforce our Community Guidelines through a mix of technology and human moderation. We have detected this policy violation using automated measures. We have used automated measures in making this decision.",,STATEMENT_CATEGORY_SCOPE_OF_PLATFORM_SERVICE,,,,"[""CONTENT_TYPE_VIDEO""]",,,"2024-11-23 00:00:00","[""AT"",""BE"",""BG"",""CY"",""CZ"",""DE"",""DK"",""EE"",""ES"",""FI"",""FR"",""GR"",""HR"",""HU"",""IE"",""IT"",""LI"",""LT"",""LU"",""LV"",""MT"",""NL"",""NO"",""PL"",""PT"",""RO"",""SE"",""SI"",""SK""]","2024-11-23 00:00:00","The decision was taken pursuant to own-initiative investigations.",SOURCE_VOLUNTARY,,Yes,AUTOMATED_DECISION_FULLY,TikTok,7440371750187162400,"2024-11-23 07:22:29"
2f1f9c79-8877-4070-9932-5ca173db1e4d,,,,,,,DECISION_PROVISION_PARTIAL_SUSPENSION,"2024-11-24 00:00:00",,,,DECISION_GROUND_INCOMPATIBLE_CONTENT,,,,"Harcèlement et intimidation","Nous encourageons l'expression respectueuse de points de vue différents, mais pas les comportements toxiques ou le trolling (recherche d'attention en suscitant des réactions négatives). Nous n'autorisons pas les propos ou les comportements qui harcèlent, humilient, menacent ou dénigrent qui que ce soit. Ceux-ci comprennent également le fait de répondre à de tels actes par un harcèlement de représailles (mais excluent les contre-arguments sans harcèlement). Consulte nos {CG_link} pour en savoir plus.",,STATEMENT_CATEGORY_ILLEGAL_OR_HARMFUL_SPEECH,,,,"[""CONTENT_TYPE_VIDEO""]",,,"2024-11-23 00:00:00","[""AT"",""BE"",""BG"",""CY"",""CZ"",""DE"",""DK"",""EE"",""ES"",""FI"",""FR"",""GR"",""HR"",""HU"",""IE"",""IS"",""IT"",""LI"",""LT"",""LU"",""LV"",""MT"",""NL"",""NO"",""PL"",""PT"",""RO"",""SE"",""SI"",""SK""]","2024-11-23 00:00:00","The decision was taken pursuant to own-initiative investigations",SOURCE_VOLUNTARY,,Yes,AUTOMATED_DECISION_NOT_AUTOMATED,TikTok,7440371750187178784,"2024-11-23 07:22:29"
ac3e16a1-57ee-41b9-aec4-7ab980996c3a,"[""DECISION_VISIBILITY_CONTENT_REMOVED""]",,,,,,,,,,,DECISION_GROUND_INCOMPATIBLE_CONTENT,,,,"Hate Speech and Hateful Behaviors","TikTok is enriched by the various backgrounds of our community members. Our differences should be respected, rather than a cause for division. We do not allow any hateful behavior, hate speech, or promotion of hateful ideologies. This includes content that attacks a person or group because of protected attributes.We proactively enforce our Community Guidelines through a mix of technology and human moderation. We have detected this policy violation using automated measures. We have used automated measures in making this decision.",,STATEMENT_CATEGORY_ILLEGAL_OR_HARMFUL_SPEECH,,,,"[""CONTENT_TYPE_TEXT""]",,,"2024-11-23 00:00:00","[""AT"",""BE"",""BG"",""CY"",""CZ"",""DE"",""DK"",""EE"",""ES"",""FI"",""FR"",""GR"",""HR"",""HU"",""IE"",""IT"",""LI"",""LT"",""LU"",""LV"",""MT"",""NL"",""NO"",""PL"",""PT"",""RO"",""SE"",""SI"",""SK""]","2024-11-23 00:00:00","The decision was taken pursuant to own-initiative investigations.",SOURCE_VOLUNTARY,,Yes,AUTOMATED_DECISION_FULLY,TikTok,7440371750187195168,"2024-11-23 07:22:29"
38717a20-c468-4733-b0b1-1b6e6c23fa87,"[""DECISION_VISIBILITY_OTHER""]","Video not eligible for recommendation in the For You feed",,,,,,,,,,DECISION_GROUND_INCOMPATIBLE_CONTENT,,,,"Sexually Suggestive Content","We are mindful that certain behaviors related to sexual arousal or suggestiveness may be offensive to some people and may put young people at risk of exploitation. Content is ineligible for the For You feed and harder to find in search if it shows sex products or intends to sexually arouse (such as intimate kissing, sexualized posing, and seductive performances or allusions to sexual activity by adults). We proactively enforce our Community Guidelines through a mix of technology and human moderation. We have detected this policy violation using automated measures. We have used automated measures in making this decision.",,STATEMENT_CATEGORY_SCOPE_OF_PLATFORM_SERVICE,,,,"[""CONTENT_TYPE_VIDEO""]",,,"2024-11-23 00:00:00","[""AT"",""BE"",""BG"",""CY"",""CZ"",""DE"",""DK"",""EE"",""ES"",""FI"",""FR"",""GR"",""HR"",""HU"",""IE"",""IT"",""LI"",""LT"",""LU"",""LV"",""MT"",""NL"",""NO"",""PL"",""PT"",""RO"",""SE"",""SI"",""SK""]","2024-11-23 00:00:00","The decision was taken pursuant to own-initiative investigations.",SOURCE_VOLUNTARY,,Yes,AUTOMATED_DECISION_FULLY,TikTok,7440371752984648480,"2024-11-23 07:22:29"
43cf38d1-0f24-4e77-b67e-032c9f9b8792,"[""DECISION_VISIBILITY_CONTENT_REMOVED""]",,,,,,,,,,,DECISION_GROUND_INCOMPATIBLE_CONTENT,,,,"Harassment and Bullying","We welcome the respectful expression of different viewpoints, but not toxicity or trolling. We do not allow language or behavior that harasses, humiliates, threatens, or doxes anyone. This also includes responding to such acts with retaliatory harassment (but excludes non-harassing counterspeech).We proactively enforce our Community Guidelines through a mix of technology and human moderation. We have detected this policy violation using automated measures. We have used automated measures in making this decision.",,STATEMENT_CATEGORY_ILLEGAL_OR_HARMFUL_SPEECH,,,,"[""CONTENT_TYPE_TEXT""]",,,"2024-11-23 00:00:00","[""AT"",""BE"",""BG"",""CY"",""CZ"",""DE"",""DK"",""EE"",""ES"",""FI"",""FR"",""GR"",""HR"",""HU"",""IE"",""IT"",""LI"",""LT"",""LU"",""LV"",""MT"",""NL"",""NO"",""PL"",""PT"",""RO"",""SE"",""SI"",""SK""]","2024-11-23 00:00:00","The decision was taken pursuant to own-initiative investigations.",SOURCE_VOLUNTARY,,Yes,AUTOMATED_DECISION_FULLY,TikTok,7440371752846236448,"2024-11-23 07:22:29"
4ec30b25-8452-4592-8c63-f3b094db8bbe,"[""DECISION_VISIBILITY_OTHER""]","Video not eligible for recommendation in the For You feed",,,,,,,,,,DECISION_GROUND_INCOMPATIBLE_CONTENT,,,,"Alcohol, Tobacco, and Drugs","While adults make personal choices about how they engage with alcohol, drugs, and tobacco, we recognize that there are risks connected to trading and using these substances. Content is ineligible for the For You feed and harder to find in search if it shows adults consuming excessive amounts of alcohol or tobacco products.We proactively enforce our Community Guidelines through a mix of technology and human moderation. We have detected this policy violation using automated measures. We have used automated measures in making this decision.",,STATEMENT_CATEGORY_SCOPE_OF_PLATFORM_SERVICE,,,,"[""CONTENT_TYPE_VIDEO""]",,,"2024-11-23 00:00:00","[""AT"",""BE"",""BG"",""CY"",""CZ"",""DE"",""DK"",""EE"",""ES"",""FI"",""FR"",""GR"",""HR"",""HU"",""IE"",""IT"",""LI"",""LT"",""LU"",""LV"",""MT"",""NL"",""NO"",""PL"",""PT"",""RO"",""SE"",""SI"",""SK""]","2024-11-23 00:00:00","The decision was taken pursuant to own-initiative investigations.",SOURCE_VOLUNTARY,,Yes,AUTOMATED_DECISION_FULLY,TikTok,7440371752984664864,"2024-11-23 07:22:29"
70e1da3e-3623-4f62-9897-53ba1e65c4c5,"[""DECISION_VISIBILITY_OTHER""]","Video not eligible for recommendation in the For You feed",,,,,,,,,,DECISION_GROUND_INCOMPATIBLE_CONTENT,,,,"Community Guidelines","We maintain content eligibility standards for the For You feed (FYF) that prioritize safety and are informed by the diversity of our community and cultural norms. We make ineligible for the FYF certain content that may not be appropriate for a broad audience related to: (1) Behavioral Health, (2) Sensitive and Mature Themes, (3) Integrity and Authenticity, and (4) Regulated Goods. Content that is ineligible for the FYF can still be discovered in other ways, such as through search tools or by following an account.We proactively enforce our Community Guidelines through a mix of technology and human moderation. We have detected this policy violation using automated measures. We have used automated measures in making this decision.",,STATEMENT_CATEGORY_SCOPE_OF_PLATFORM_SERVICE,,,,"[""CONTENT_TYPE_VIDEO""]",,,"2024-11-23 00:00:00","[""AT"",""BE"",""BG"",""CY"",""CZ"",""DE"",""DK"",""EE"",""ES"",""FI"",""FR"",""GR"",""HR"",""HU"",""IE"",""IT"",""LI"",""LT"",""LU"",""LV"",""MT"",""NL"",""NO"",""PL"",""PT"",""RO"",""SE"",""SI"",""SK""]","2024-11-23 00:00:00","The decision was taken pursuant to own-initiative investigations.",SOURCE_VOLUNTARY,,Yes,AUTOMATED_DECISION_FULLY,TikTok,7440371752846252832,"2024-11-23 07:22:29"
6117f82d-0f5c-4050-bb4f-fab810e7c1a1,"[""DECISION_VISIBILITY_OTHER""]","Video not eligible for recommendation in the For You feed",,,,,,,,,,DECISION_GROUND_INCOMPATIBLE_CONTENT,,,,"Community Guidelines","We maintain content eligibility standards for the For You feed (FYF) that prioritize safety and are informed by the diversity of our community and cultural norms. We make ineligible for the FYF certain content that may not be appropriate for a broad audience related to: (1) Behavioral Health, (2) Sensitive and Mature Themes, (3) Integrity and Authenticity, and (4) Regulated Goods. Content that is ineligible for the FYF can still be discovered in other ways, such as through search tools or by following an account.We proactively enforce our Community Guidelines through a mix of technology and human moderation. We have detected this policy violation using automated measures. We have used automated measures in making this decision.",,STATEMENT_CATEGORY_SCOPE_OF_PLATFORM_SERVICE,,,,"[""CONTENT_TYPE_VIDEO""]",,,"2024-11-23 00:00:00","[""AT"",""BE"",""BG"",""CY"",""CZ"",""DE"",""DK"",""EE"",""ES"",""FI"",""FR"",""GR"",""HR"",""HU"",""IE"",""IT"",""LI"",""LT"",""LU"",""LV"",""MT"",""NL"",""NO"",""PL"",""PT"",""RO"",""SE"",""SI"",""SK""]","2024-11-23 00:00:00","The decision was taken pursuant to own-initiative investigations.",SOURCE_VOLUNTARY,,Yes,AUTOMATED_DECISION_FULLY,TikTok,7440371752846269216,"2024-11-23 07:22:29"
80a5c7c9-0127-40a4-8c3a-c697d2d5c124,"[""DECISION_VISIBILITY_CONTENT_REMOVED""]",,,,,,,,,,,DECISION_GROUND_INCOMPATIBLE_CONTENT,,,,"Harcèlement et intimidation","Nous encourageons l'expression respectueuse de points de vue différents, mais pas les comportements toxiques ou le trolling (recherche d'attention en suscitant des réactions négatives). Nous n'autorisons pas les propos ou les comportements qui harcèlent, humilient, menacent ou dénigrent qui que ce soit. Ceux-ci comprennent également le fait de répondre à de tels actes par un harcèlement de représailles (mais excluent les contre-arguments sans harcèlement). Consulte nos {CG_link} pour en savoir plus.",,STATEMENT_CATEGORY_ILLEGAL_OR_HARMFUL_SPEECH,,,,"[""CONTENT_TYPE_VIDEO""]",,,"2024-11-23 00:00:00","[""AT"",""BE"",""BG"",""CY"",""CZ"",""DE"",""DK"",""EE"",""ES"",""FI"",""FR"",""GR"",""HR"",""HU"",""IE"",""IS"",""IT"",""LI"",""LT"",""LU"",""LV"",""MT"",""NL"",""NO"",""PL"",""PT"",""RO"",""SE"",""SI"",""SK""]","2024-11-23 00:00:00","The decision was taken pursuant to own-initiative investigations",SOURCE_VOLUNTARY,,Yes,AUTOMATED_DECISION_NOT_AUTOMATED,TikTok,7440371752846285600,"2024-11-23 07:22:29"
e571a862-4f1c-4eee-9763-8303e569d74d,"[""DECISION_VISIBILITY_OTHER""]","Video not eligible for recommendation in the For You feed",,,,,,,,,,DECISION_GROUND_INCOMPATIBLE_CONTENT,,,,"Community Guidelines","We maintain content eligibility standards for the For You feed (FYF) that prioritize safety and are informed by the diversity of our community and cultural norms. We make ineligible for the FYF certain content that may not be appropriate for a broad audience related to: (1) Behavioral Health, (2) Sensitive and Mature Themes, (3) Integrity and Authenticity, and (4) Regulated Goods. Content that is ineligible for the FYF can still be discovered in other ways, such as through search tools or by following an account.We proactively enforce our Community Guidelines through a mix of technology and human moderation. We have detected this policy violation using automated measures. We have used automated measures in making this decision.",,STATEMENT_CATEGORY_SCOPE_OF_PLATFORM_SERVICE,,,,"[""CONTENT_TYPE_VIDEO""]",,,"2024-11-23 00:00:00","[""AT"",""BE"",""BG"",""CY"",""CZ"",""DE"",""DK"",""EE"",""ES"",""FI"",""FR"",""GR"",""HR"",""HU"",""IE"",""IT"",""LI"",""LT"",""LU"",""LV"",""MT"",""NL"",""NO"",""PL"",""PT"",""RO"",""SE"",""SI"",""SK""]","2024-11-23 00:00:00","The decision was taken pursuant to own-initiative investigations.",SOURCE_VOLUNTARY,,Yes,AUTOMATED_DECISION_FULLY,TikTok,7440371752984681248,"2024-11-23 07:22:29"
01ca5ad9-8302-407a-ac04-e970a57c9435,"[""DECISION_VISIBILITY_OTHER""]","Video not eligible for recommendation in the For You feed",,,,,,,,,,DECISION_GROUND_INCOMPATIBLE_CONTENT,,,,"Community Guidelines","Your content is against our Community Guidelines. The guidelines include rules and standards for using TikTok that apply to everyone and everything on our platform.We proactively enforce our Community Guidelines through a mix of technology and human moderation. We have detected this policy violation using automated measures. We have used automated measures in making this decision.",,STATEMENT_CATEGORY_SCOPE_OF_PLATFORM_SERVICE,,,,"[""CONTENT_TYPE_OTHER""]","Video Sticker",,"2024-11-23 00:00:00","[""AT"",""BE"",""BG"",""CY"",""CZ"",""DE"",""DK"",""EE"",""ES"",""FI"",""FR"",""GR"",""HR"",""HU"",""IE"",""IT"",""LI"",""LT"",""LU"",""LV"",""MT"",""NL"",""NO"",""PL"",""PT"",""RO"",""SE"",""SI"",""SK""]","2024-11-23 00:00:00","The decision was taken pursuant to own-initiative investigations.",SOURCE_VOLUNTARY,,Yes,AUTOMATED_DECISION_FULLY,TikTok,7440371752984697632,"2024-11-23 07:22:29"
c6e48ef8-3e40-44db-997b-a860d637ff9f,"[""DECISION_VISIBILITY_OTHER""]","Photo not eligible for recommendation in the For You feed",,,,,,,,,,DECISION_GROUND_INCOMPATIBLE_CONTENT,,,,"Dangerous Activities and Challenges","Most activities or challenges are appropriate for everyone, but some carry a risk of significant injury. Content is ineligible for the For You feed if it involves activities that are likely to lead to moderate physical harm, or includes professionals who are performing extreme sports and stunts that may endanger others.We proactively enforce our Community Guidelines through a mix of technology and human moderation. We have detected this policy violation using automated measures. We have used automated measures in making this decision.",,STATEMENT_CATEGORY_SCOPE_OF_PLATFORM_SERVICE,,,,"[""CONTENT_TYPE_IMAGE""]",,,"2024-11-23 00:00:00","[""AT"",""BE"",""BG"",""CY"",""CZ"",""DE"",""DK"",""EE"",""ES"",""FI"",""FR"",""GR"",""HR"",""HU"",""IE"",""IT"",""LI"",""LT"",""LU"",""LV"",""MT"",""NL"",""NO"",""PL"",""PT"",""RO"",""SE"",""SI"",""SK""]","2024-11-23 00:00:00","The decision was taken pursuant to own-initiative investigations.",SOURCE_VOLUNTARY,,Yes,AUTOMATED_DECISION_FULLY,TikTok,7440371752846301984,"2024-11-23 07:22:29"
9da08262-ff1e-4fea-949e-c82d96ce2263,"[""DECISION_VISIBILITY_CONTENT_REMOVED""]",,,,,,,,,,,DECISION_GROUND_INCOMPATIBLE_CONTENT,,,,"Harassment and Bullying","We welcome the respectful expression of different viewpoints, but not toxicity or trolling. We do not allow language or behavior that harasses, humiliates, threatens, or doxes anyone. This also includes responding to such acts with retaliatory harassment (but excludes non-harassing counterspeech).We proactively enforce our Community Guidelines through a mix of technology and human moderation. We have detected this policy violation using automated measures. We have used automated measures in making this decision.",,STATEMENT_CATEGORY_ILLEGAL_OR_HARMFUL_SPEECH,,,,"[""CONTENT_TYPE_TEXT""]",,,"2024-11-23 00:00:00","[""AT"",""BE"",""BG"",""CY"",""CZ"",""DE"",""DK"",""EE"",""ES"",""FI"",""FR"",""GR"",""HR"",""HU"",""IE"",""IT"",""LI"",""LT"",""LU"",""LV"",""MT"",""NL"",""NO"",""PL"",""PT"",""RO"",""SE"",""SI"",""SK""]","2024-11-23 00:00:00","The decision was taken pursuant to own-initiative investigations.",SOURCE_VOLUNTARY,,Yes,AUTOMATED_DECISION_FULLY,TikTok,7440371752984714016,"2024-11-23 07:22:29"
da43f88f-a8c0-4443-b072-a43fba030384,"[""DECISION_VISIBILITY_CONTENT_REMOVED""]",,,,,,,,,,,DECISION_GROUND_INCOMPATIBLE_CONTENT,,,,"Harassment and Bullying","We welcome the respectful expression of different viewpoints, but not toxicity or trolling. We do not allow language or behavior that harasses, humiliates, threatens, or doxes anyone. This also includes responding to such acts with retaliatory harassment (but excludes non-harassing counterspeech).We proactively enforce our Community Guidelines through a mix of technology and human moderation. We have detected this policy violation using automated measures. We have used automated measures in making this decision.",,STATEMENT_CATEGORY_ILLEGAL_OR_HARMFUL_SPEECH,,,,"[""CONTENT_TYPE_TEXT""]",,,"2024-11-23 00:00:00","[""AT"",""BE"",""BG"",""CY"",""CZ"",""DE"",""DK"",""EE"",""ES"",""FI"",""FR"",""GR"",""HR"",""HU"",""IE"",""IT"",""LI"",""LT"",""LU"",""LV"",""MT"",""NL"",""NO"",""PL"",""PT"",""RO"",""SE"",""SI"",""SK""]","2024-11-23 00:00:00","The decision was taken pursuant to own-initiative investigations.",SOURCE_VOLUNTARY,,Yes,AUTOMATED_DECISION_FULLY,TikTok,7440371752984730400,"2024-11-23 07:22:29"
fcdbbfe3-30e8-42f4-b640-61e851f56799,"[""DECISION_VISIBILITY_CONTENT_REMOVED""]",,,,,,,,,,,DECISION_GROUND_INCOMPATIBLE_CONTENT,,,,"Harassment and Bullying","We welcome the respectful expression of different viewpoints, but not toxicity or trolling. We do not allow language or behavior that harasses, humiliates, threatens, or doxes anyone. This also includes responding to such acts with retaliatory harassment (but excludes non-harassing counterspeech).We proactively enforce our Community Guidelines through a mix of technology and human moderation. We have detected this policy violation using automated measures. We have used automated measures in making this decision.",,STATEMENT_CATEGORY_ILLEGAL_OR_HARMFUL_SPEECH,,,,"[""CONTENT_TYPE_TEXT""]",,,"2024-11-23 00:00:00","[""AT"",""BE"",""BG"",""CY"",""CZ"",""DE"",""DK"",""EE"",""ES"",""FI"",""FR"",""GR"",""HR"",""HU"",""IE"",""IT"",""LI"",""LT"",""LU"",""LV"",""MT"",""NL"",""NO"",""PL"",""PT"",""RO"",""SE"",""SI"",""SK""]","2024-11-23 00:00:00","The decision was taken pursuant to own-initiative investigations.",SOURCE_VOLUNTARY,,Yes,AUTOMATED_DECISION_FULLY,TikTok,7440371752846318368,"2024-11-23 07:22:29"
89c0c064-38fd-4c10-974b-c1182c9c0c79,"[""DECISION_VISIBILITY_CONTENT_REMOVED""]",,,,,,,,,,,DECISION_GROUND_INCOMPATIBLE_CONTENT,,,,"Minimum Age Requirement","Users must be 13 years and older to have a TikTok account. We are deeply committed to ensuring that TikTok is a safe and positive experience for people under the age of 18. This starts by being old enough to use TikTok. If we learn someone is below the minimum age on TikTok, we will ban that account.We proactively enforce our Community Guidelines through a mix of technology and human moderation. We have detected this policy violation using automated measures. We have used automated measures in making this decision.",,STATEMENT_CATEGORY_PROTECTION_OF_MINORS,,,,"[""CONTENT_TYPE_TEXT""]",,,"2024-11-23 00:00:00","[""AT"",""BE"",""BG"",""CY"",""CZ"",""DE"",""DK"",""EE"",""ES"",""FI"",""FR"",""GR"",""HR"",""HU"",""IE"",""IT"",""LI"",""LT"",""LU"",""LV"",""MT"",""NL"",""NO"",""PL"",""PT"",""RO"",""SE"",""SI"",""SK""]","2024-11-23 00:00:00","The decision was taken pursuant to own-initiative investigations.",SOURCE_VOLUNTARY,,Yes,AUTOMATED_DECISION_FULLY,TikTok,7440371752846334752,"2024-11-23 07:22:29"
b2b1061f-73c8-423c-ac44-c73a9ab44078,"[""DECISION_VISIBILITY_OTHER""]","Photo not eligible for recommendation in the For You feed",,,,,,,,,,DECISION_GROUND_INCOMPATIBLE_CONTENT,,,,"Community Guidelines","Your content is against our Community Guidelines. The guidelines include rules and standards for using TikTok that apply to everyone and everything on our platform.",,STATEMENT_CATEGORY_NEGATIVE_EFFECTS_ON_CIVIC_DISCOURSE_OR_ELECTIONS,,,,"[""CONTENT_TYPE_IMAGE""]",,,"2024-11-23 00:00:00","[""AT"",""BE"",""BG"",""CY"",""CZ"",""DE"",""DK"",""EE"",""ES"",""FI"",""FR"",""GR"",""HR"",""HU"",""IE"",""IT"",""LI"",""LT"",""LU"",""LV"",""MT"",""NL"",""NO"",""PL"",""PT"",""RO"",""SE"",""SI"",""SK""]","2024-11-23 00:00:00","The decision was taken pursuant to own-initiative investigations.",SOURCE_VOLUNTARY,,Yes,AUTOMATED_DECISION_FULLY,TikTok,7440371752984746784,"2024-11-23 07:22:29"
5de7fcf5-14d1-4f81-b3b2-bcb82b6fc1d2,"[""DECISION_VISIBILITY_CONTENT_REMOVED""]",,,,,,,,,,,DECISION_GROUND_INCOMPATIBLE_CONTENT,,,,"Community Guidelines","Your content is against our Community Guidelines. The guidelines include rules and standards for using TikTok that apply to everyone and everything on our platform.We proactively enforce our Community Guidelines through a mix of technology and human moderation. We have detected this policy violation using automated measures. We have used automated measures in making this decision.",,STATEMENT_CATEGORY_SCOPE_OF_PLATFORM_SERVICE,,,,"[""CONTENT_TYPE_VIDEO""]",,,"2024-11-23 00:00:00","[""AT"",""BE"",""BG"",""CY"",""CZ"",""DE"",""DK"",""EE"",""ES"",""FI"",""FR"",""GR"",""HR"",""HU"",""IE"",""IT"",""LI"",""LT"",""LU"",""LV"",""MT"",""NL"",""NO"",""PL"",""PT"",""RO"",""SE"",""SI"",""SK""]","2024-11-23 00:00:00","The decision was taken pursuant to own-initiative investigations.",SOURCE_VOLUNTARY,,Yes,AUTOMATED_DECISION_FULLY,TikTok,7440371752846351136,"2024-11-23 07:22:29"
4f9177ce-f4b5-4c92-a105-272632667e7d,"[""DECISION_VISIBILITY_CONTENT_REMOVED""]",,,,,,,,,,,DECISION_GROUND_INCOMPATIBLE_CONTENT,,,,"Harassment and Bullying","We welcome the respectful expression of different viewpoints, but not toxicity or trolling. We do not allow language or behavior that harasses, humiliates, threatens, or doxes anyone. This also includes responding to such acts with retaliatory harassment (but excludes non-harassing counterspeech).We proactively enforce our Community Guidelines through a mix of technology and human moderation. We have detected this policy violation using automated measures. We have used automated measures in making this decision.",,STATEMENT_CATEGORY_ILLEGAL_OR_HARMFUL_SPEECH,,,,"[""CONTENT_TYPE_TEXT""]",,,"2024-11-23 00:00:00","[""AT"",""BE"",""BG"",""CY"",""CZ"",""DE"",""DK"",""EE"",""ES"",""FI"",""FR"",""GR"",""HR"",""HU"",""IE"",""IT"",""LI"",""LT"",""LU"",""LV"",""MT"",""NL"",""NO"",""PL"",""PT"",""RO"",""SE"",""SI"",""SK""]","2024-11-23 00:00:00","The decision was taken pursuant to own-initiative investigations.",SOURCE_VOLUNTARY,,Yes,AUTOMATED_DECISION_FULLY,TikTok,7440371757069966113,"2024-11-23 07:22:31"
0b27e005-8cd7-423c-a177-62eb436fb83a,"[""DECISION_VISIBILITY_OTHER""]","LIVE not eligible for recommendation and restricted in search results for 10 minutes","2024-11-23 00:00:00",,,,,,,,,DECISION_GROUND_INCOMPATIBLE_CONTENT,,,,"Съдържание с ниско визуално качество или статични изображения","Вашият LIVE не отговаря на условията за препоръчване и е ограничен в резултатите от търсенето за следващите 10 минути, тъй като може да съдържа съдържание с ниско визуално качество или статични изображения. Това е в съответствие със стандартите за допустимост на канала За вас съгласно нашите Насоки на общността.",,STATEMENT_CATEGORY_SCOPE_OF_PLATFORM_SERVICE,,,,"[""CONTENT_TYPE_VIDEO""]",,,"2024-11-23 00:00:00","[""AT"",""BE"",""BG"",""CY"",""CZ"",""DE"",""DK"",""EE"",""ES"",""FI"",""FR"",""GR"",""HR"",""HU"",""IE"",""IS"",""IT"",""LI"",""LT"",""LU"",""LV"",""MT"",""NL"",""NO"",""PL"",""PT"",""RO"",""SE"",""SI"",""SK""]","2024-11-23 00:00:00","The decision was taken pursuant to own-initiative investigations",SOURCE_VOLUNTARY,,Yes,AUTOMATED_DECISION_FULLY,TikTok,7440371757673945888,"2024-11-23 07:22:31"
8d1556f4-28b6-4ef1-bde2-05d5cbd3a5ea,"[""DECISION_VISIBILITY_OTHER""]","Video not eligible for recommendation in the For You feed",,,,,,,,,,DECISION_GROUND_INCOMPATIBLE_CONTENT,,,,"Community Guidelines","Your content is against our Community Guidelines. The guidelines include rules and standards for using TikTok that apply to everyone and everything on our platform.We proactively enforce our Community Guidelines through a mix of technology and human moderation. We have detected this policy violation using automated measures. We have used automated measures in making this decision.",,STATEMENT_CATEGORY_SCOPE_OF_PLATFORM_SERVICE,,,,"[""CONTENT_TYPE_OTHER""]","Video Sticker",,"2024-11-23 00:00:00","[""AT"",""BE"",""BG"",""CY"",""CZ"",""DE"",""DK"",""EE"",""ES"",""FI"",""FR"",""GR"",""HR"",""HU"",""IE"",""IT"",""LI"",""LT"",""LU"",""LV"",""MT"",""NL"",""NO"",""PL"",""PT"",""RO"",""SE"",""SI"",""SK""]","2024-11-23 00:00:00","The decision was taken pursuant to own-initiative investigations.",SOURCE_VOLUNTARY,,Yes,AUTOMATED_DECISION_FULLY,TikTok,7440371757673962272,"2024-11-23 07:22:31"
1e1e09f2-f8c0-4524-88be-eb6b85239d75,"[""DECISION_VISIBILITY_CONTENT_REMOVED""]",,,,,,,,,,,DECISION_GROUND_INCOMPATIBLE_CONTENT,,,,"Spam and Deceptive Account Behaviors","To build a trusted community online, it is important that the behaviors and identities of accounts are authentic and truthful. We do not allow account behaviors that may spam or mislead our community. We will restrict the visibility of comments that contain excessive or irrelevant spam content. We proactively enforce our Community Guidelines through a mix of technology and human moderation. We have detected this policy violation using automated measures. We have used automated measures in making this decision.",,STATEMENT_CATEGORY_SCAMS_AND_FRAUD,,,,"[""CONTENT_TYPE_TEXT""]",,,"2024-11-23 00:00:00","[""AT"",""BE"",""BG"",""CY"",""CZ"",""DE"",""DK"",""EE"",""ES"",""FI"",""FR"",""GR"",""HR"",""HU"",""IE"",""IT"",""LI"",""LT"",""LU"",""LV"",""MT"",""NL"",""NO"",""PL"",""PT"",""RO"",""SE"",""SI"",""SK""]","2024-11-23 00:00:00","The decision was taken pursuant to own-initiative investigations.",SOURCE_VOLUNTARY,,Yes,AUTOMATED_DECISION_FULLY,TikTok,7440371757069982497,"2024-11-23 07:22:31"
d6fc945d-54e1-4042-afdb-1f7e9fed0799,"[""DECISION_VISIBILITY_CONTENT_REMOVED""]",,,,,,,,,,,DECISION_GROUND_INCOMPATIBLE_CONTENT,,,,"Civic and Election Integrity","Elections are important moments of community conversation and promote the values of an open society. We do not allow misinformation about civic and electoral processes, regardless of intent. This includes misinformation about how to vote, registering to vote, eligibility requirements of  candidates, the processes to count ballots and certify elections, and the final outcome of an election.We proactively enforce our Community Guidelines through a mix of technology and human moderation. We have detected this policy violation using automated measures. We have used automated measures in making this decision.",,STATEMENT_CATEGORY_NEGATIVE_EFFECTS_ON_CIVIC_DISCOURSE_OR_ELECTIONS,,,,"[""CONTENT_TYPE_IMAGE""]",,,"2024-11-23 00:00:00","[""AT"",""BE"",""BG"",""CY"",""CZ"",""DE"",""DK"",""EE"",""ES"",""FI"",""FR"",""GR"",""HR"",""HU"",""IE"",""IT"",""LI"",""LT"",""LU"",""LV"",""MT"",""NL"",""NO"",""PL"",""PT"",""RO"",""SE"",""SI"",""SK""]","2024-11-23 00:00:00","The decision was taken pursuant to own-initiative investigations.",SOURCE_VOLUNTARY,,Yes,AUTOMATED_DECISION_FULLY,TikTok,7440371757069998881,"2024-11-23 07:22:31"
2a79a616-72dc-4e94-976f-954f781d2a7c,"[""DECISION_VISIBILITY_OTHER""]","Video not eligible for recommendation in the For You feed",,,,,,,,,,DECISION_GROUND_INCOMPATIBLE_CONTENT,,,,"Community Guidelines","We maintain content eligibility standards for the For You feed (FYF) that prioritize safety and are informed by the diversity of our community and cultural norms. We make ineligible for the FYF certain content that may not be appropriate for a broad audience related to: (1) Behavioral Health, (2) Sensitive and Mature Themes, (3) Integrity and Authenticity, and (4) Regulated Goods. Content that is ineligible for the FYF can still be discovered in other ways, such as through search tools or by following an account.We proactively enforce our Community Guidelines through a mix of technology and human moderation. We have detected this policy violation using automated measures. We have used automated measures in making this decision.",,STATEMENT_CATEGORY_SCOPE_OF_PLATFORM_SERVICE,,,,"[""CONTENT_TYPE_VIDEO""]",,,"2024-11-23 00:00:00","[""AT"",""BE"",""BG"",""CY"",""CZ"",""DE"",""DK"",""EE"",""ES"",""FI"",""FR"",""GR"",""HR"",""HU"",""IE"",""IT"",""LI"",""LT"",""LU"",""LV"",""MT"",""NL"",""NO"",""PL"",""PT"",""RO"",""SE"",""SI"",""SK""]","2024-11-23 00:00:00","The decision was taken pursuant to own-initiative investigations.",SOURCE_VOLUNTARY,,Yes,AUTOMATED_DECISION_FULLY,TikTok,7440371757673978656,"2024-11-23 07:22:31"
9ea83fff-3c17-4188-a246-81eecb9397f5,"[""DECISION_VISIBILITY_OTHER""]","Photo not eligible for recommendation in the For You feed",,,,,,,,,,DECISION_GROUND_INCOMPATIBLE_CONTENT,,,,"Community Guidelines","Your content is against our Community Guidelines. The guidelines include rules and standards for using TikTok that apply to everyone and everything on our platform.",,STATEMENT_CATEGORY_NEGATIVE_EFFECTS_ON_CIVIC_DISCOURSE_OR_ELECTIONS,,,,"[""CONTENT_TYPE_IMAGE""]",,,"2024-11-23 00:00:00","[""AT"",""BE"",""BG"",""CY"",""CZ"",""DE"",""DK"",""EE"",""ES"",""FI"",""FR"",""GR"",""HR"",""HU"",""IE"",""IT"",""LI"",""LT"",""LU"",""LV"",""MT"",""NL"",""NO"",""PL"",""PT"",""RO"",""SE"",""SI"",""SK""]","2024-11-23 00:00:00","The decision was taken pursuant to own-initiative investigations.",SOURCE_VOLUNTARY,,Yes,AUTOMATED_DECISION_FULLY,TikTok,7440371757070015265,"2024-11-23 07:22:31"
21cbc0ac-ce4b-455a-8a4f-7bc91540d78b,"[""DECISION_VISIBILITY_OTHER""]","Video not eligible for recommendation in the For You feed",,,,,,,,,,DECISION_GROUND_INCOMPATIBLE_CONTENT,,,,"Community Guidelines","We maintain content eligibility standards for the For You feed (FYF) that prioritize safety and are informed by the diversity of our community and cultural norms. We make ineligible for the FYF certain content that may not be appropriate for a broad audience related to: (1) Behavioral Health, (2) Sensitive and Mature Themes, (3) Integrity and Authenticity, and (4) Regulated Goods. Content that is ineligible for the FYF can still be discovered in other ways, such as through search tools or by following an account.We proactively enforce our Community Guidelines through a mix of technology and human moderation. We have detected this policy violation using automated measures. We have used automated measures in making this decision.",,STATEMENT_CATEGORY_SCOPE_OF_PLATFORM_SERVICE,,,,"[""CONTENT_TYPE_VIDEO""]",,,"2024-11-23 00:00:00","[""AT"",""BE"",""BG"",""CY"",""CZ"",""DE"",""DK"",""EE"",""ES"",""FI"",""FR"",""GR"",""HR"",""HU"",""IE"",""IT"",""LI"",""LT"",""LU"",""LV"",""MT"",""NL"",""NO"",""PL"",""PT"",""RO"",""SE"",""SI"",""SK""]","2024-11-23 00:00:00","The decision was taken pursuant to own-initiative investigations.",SOURCE_VOLUNTARY,,Yes,AUTOMATED_DECISION_FULLY,TikTok,7440371757673995040,"2024-11-23 07:22:31"
91d71fcf-e46b-4178-893b-07e73cbe38c8,"[""DECISION_VISIBILITY_CONTENT_REMOVED""]",,,,,,,,,,,DECISION_GROUND_INCOMPATIBLE_CONTENT,,,,"Harassment and Bullying","We welcome the respectful expression of different viewpoints, but not toxicity or trolling. We do not allow language or behavior that harasses, humiliates, threatens, or doxes anyone. This also includes responding to such acts with retaliatory harassment (but excludes non-harassing counterspeech).We proactively enforce our Community Guidelines through a mix of technology and human moderation. We have detected this policy violation using automated measures. We have used automated measures in making this decision.",,STATEMENT_CATEGORY_ILLEGAL_OR_HARMFUL_SPEECH,,,,"[""CONTENT_TYPE_TEXT""]",,,"2024-11-23 00:00:00","[""AT"",""BE"",""BG"",""CY"",""CZ"",""DE"",""DK"",""EE"",""ES"",""FI"",""FR"",""GR"",""HR"",""HU"",""IE"",""IT"",""LI"",""LT"",""LU"",""LV"",""MT"",""NL"",""NO"",""PL"",""PT"",""RO"",""SE"",""SI"",""SK""]","2024-11-23 00:00:00","The decision was taken pursuant to own-initiative investigations.",SOURCE_VOLUNTARY,,Yes,AUTOMATED_DECISION_FULLY,TikTok,7440371757070031649,"2024-11-23 07:22:31"
dccda969-3d5a-47d0-9f64-2bc743e6424e,"[""DECISION_VISIBILITY_CONTENT_REMOVED""]",,,,,,,,,,,DECISION_GROUND_INCOMPATIBLE_CONTENT,,,,"Sexually Suggestive Content","We welcome performances and dances where people can creatively express themselves, celebrate their culture, or seek to entertain. We are mindful that certain behaviors related to sexual arousal or suggestiveness may be offensive to some people and may put young people at risk of exploitation. We do not allow seductive performances or allusions to sexual activity by young people, or the use of sexually explicit narratives by anyone.We proactively enforce our Community Guidelines through a mix of technology and human moderation. We have detected this policy violation using automated measures. We have used automated measures in making this decision.",,STATEMENT_CATEGORY_SCOPE_OF_PLATFORM_SERVICE,,,,"[""CONTENT_TYPE_TEXT""]",,,"2024-11-23 00:00:00","[""AT"",""BE"",""BG"",""CY"",""CZ"",""DE"",""DK"",""EE"",""ES"",""FI"",""FR"",""GR"",""HR"",""HU"",""IE"",""IT"",""LI"",""LT"",""LU"",""LV"",""MT"",""NL"",""NO"",""PL"",""PT"",""RO"",""SE"",""SI"",""SK""]","2024-11-23 00:00:00","The decision was taken pursuant to own-initiative investigations.",SOURCE_VOLUNTARY,,Yes,AUTOMATED_DECISION_FULLY,TikTok,7440371757674011424,"2024-11-23 07:22:31"
f03526c4-10dc-46fa-ac18-46c42198cac0,"[""DECISION_VISIBILITY_OTHER""]","Video not eligible for recommendation in the For You feed",,,,,,,,,,DECISION_GROUND_INCOMPATIBLE_CONTENT,,,,"Community Guidelines","We maintain content eligibility standards for the For You feed (FYF) that prioritize safety and are informed by the diversity of our community and cultural norms. We make ineligible for the FYF certain content that may not be appropriate for a broad audience related to: (1) Behavioral Health, (2) Sensitive and Mature Themes, (3) Integrity and Authenticity, and (4) Regulated Goods. Content that is ineligible for the FYF can still be discovered in other ways, such as through search tools or by following an account.We proactively enforce our Community Guidelines through a mix of technology and human moderation. We have detected this policy violation using automated measures. We have used automated measures in making this decision.",,STATEMENT_CATEGORY_SCOPE_OF_PLATFORM_SERVICE,,,,"[""CONTENT_TYPE_VIDEO""]",,,"2024-11-23 00:00:00","[""AT"",""BE"",""BG"",""CY"",""CZ"",""DE"",""DK"",""EE"",""ES"",""FI"",""FR"",""GR"",""HR"",""HU"",""IE"",""IT"",""LI"",""LT"",""LU"",""LV"",""MT"",""NL"",""NO"",""PL"",""PT"",""RO"",""SE"",""SI"",""SK""]","2024-11-23 00:00:00","The decision was taken pursuant to own-initiative investigations.",SOURCE_VOLUNTARY,,Yes,AUTOMATED_DECISION_FULLY,TikTok,7440371757070048033,"2024-11-23 07:22:31"
b900522a-3e17-403e-b108-3549b8ba41eb,"[""DECISION_VISIBILITY_CONTENT_REMOVED""]",,,,,,,,,,,DECISION_GROUND_INCOMPATIBLE_CONTENT,,,,"Harassment and Bullying","We welcome the respectful expression of different viewpoints, but not toxicity or trolling. We do not allow language or behavior that harasses, humiliates, threatens, or doxes anyone. This also includes responding to such acts with retaliatory harassment (but excludes non-harassing counterspeech).We proactively enforce our Community Guidelines through a mix of technology and human moderation. We have detected this policy violation using automated measures. We have used automated measures in making this decision.",,STATEMENT_CATEGORY_ILLEGAL_OR_HARMFUL_SPEECH,,,,"[""CONTENT_TYPE_TEXT""]",,,"2024-11-23 00:00:00","[""AT"",""BE"",""BG"",""CY"",""CZ"",""DE"",""DK"",""EE"",""ES"",""FI"",""FR"",""GR"",""HR"",""HU"",""IE"",""IT"",""LI"",""LT"",""LU"",""LV"",""MT"",""NL"",""NO"",""PL"",""PT"",""RO"",""SE"",""SI"",""SK""]","2024-11-23 00:00:00","The decision was taken pursuant to own-initiative investigations.",SOURCE_VOLUNTARY,,Yes,AUTOMATED_DECISION_FULLY,TikTok,7440371762442804001,"2024-11-23 07:22:31"
458a50e0-787d-4a92-b680-d348ff7ac362,"[""DECISION_VISIBILITY_OTHER""]","Video not eligible for recommendation in the For You feed",,,,,,,,,,DECISION_GROUND_INCOMPATIBLE_CONTENT,,,,"Community Guidelines","We maintain content eligibility standards for the For You feed (FYF) that prioritize safety and are informed by the diversity of our community and cultural norms. We make ineligible for the FYF certain content that may not be appropriate for a broad audience related to: (1) Behavioral Health, (2) Sensitive and Mature Themes, (3) Integrity and Authenticity, and (4) Regulated Goods. Content that is ineligible for the FYF can still be discovered in other ways, such as through search tools or by following an account.We proactively enforce our Community Guidelines through a mix of technology and human moderation. We have detected this policy violation using automated measures. We have used automated measures in making this decision.",,STATEMENT_CATEGORY_SCOPE_OF_PLATFORM_SERVICE,,,,"[""CONTENT_TYPE_VIDEO""]",,,"2024-11-23 00:00:00","[""AT"",""BE"",""BG"",""CY"",""CZ"",""DE"",""DK"",""EE"",""ES"",""FI"",""FR"",""GR"",""HR"",""HU"",""IE"",""IT"",""LI"",""LT"",""LU"",""LV"",""MT"",""NL"",""NO"",""PL"",""PT"",""RO"",""SE"",""SI"",""SK""]","2024-11-23 00:00:00","The decision was taken pursuant to own-initiative investigations.",SOURCE_VOLUNTARY,,Yes,AUTOMATED_DECISION_FULLY,TikTok,7440371757674027808,"2024-11-23 07:22:31"
b6fcf103-4a47-46fa-a1c3-8097b3b9c0b8,"[""DECISION_VISIBILITY_CONTENT_REMOVED""]",,,,,,,,,,,DECISION_GROUND_INCOMPATIBLE_CONTENT,,,,"Minimum Age Requirement","Users must be 13 years and older to have a TikTok account. We are deeply committed to ensuring that TikTok is a safe and positive experience for people under the age of 18. This starts by being old enough to use TikTok. If we learn someone is below the minimum age on TikTok, we will ban that account.We proactively enforce our Community Guidelines through a mix of technology and human moderation. We have detected this policy violation using automated measures. We have used automated measures in making this decision.",,STATEMENT_CATEGORY_PROTECTION_OF_MINORS,,,,"[""CONTENT_TYPE_TEXT""]",,,"2024-11-23 00:00:00","[""AT"",""BE"",""BG"",""CY"",""CZ"",""DE"",""DK"",""EE"",""ES"",""FI"",""FR"",""GR"",""HR"",""HU"",""IE"",""IT"",""LI"",""LT"",""LU"",""LV"",""MT"",""NL"",""NO"",""PL"",""PT"",""RO"",""SE"",""SI"",""SK""]","2024-11-23 00:00:00","The decision was taken pursuant to own-initiative investigations.",SOURCE_VOLUNTARY,,Yes,AUTOMATED_DECISION_FULLY,TikTok,7440371760182074145,"2024-11-23 07:22:31"
badc644b-6eef-44c9-8b17-41c906f1c9dd,"[""DECISION_VISIBILITY_OTHER""]","Photo not eligible for recommendation in the For You feed",,,,,,,,,,DECISION_GROUND_INCOMPATIBLE_CONTENT,,,,"Community Guidelines","Your content is against our Community Guidelines. The guidelines include rules and standards for using TikTok that apply to everyone and everything on our platform.",,STATEMENT_CATEGORY_NEGATIVE_EFFECTS_ON_CIVIC_DISCOURSE_OR_ELECTIONS,,,,"[""CONTENT_TYPE_IMAGE""]",,,"2024-11-23 00:00:00","[""AT"",""BE"",""BG"",""CY"",""CZ"",""DE"",""DK"",""EE"",""ES"",""FI"",""FR"",""GR"",""HR"",""HU"",""IE"",""IT"",""LI"",""LT"",""LU"",""LV"",""MT"",""NL"",""NO"",""PL"",""PT"",""RO"",""SE"",""SI"",""SK""]","2024-11-23 00:00:00","The decision was taken pursuant to own-initiative investigations.",SOURCE_VOLUNTARY,,Yes,AUTOMATED_DECISION_FULLY,TikTok,7440371762442820385,"2024-11-23 07:22:31"
4bb9a1fa-42db-4318-acad-ee058724d243,"[""DECISION_VISIBILITY_CONTENT_REMOVED""]",,,,,,,,,,,DECISION_GROUND_INCOMPATIBLE_CONTENT,,,,"Hate Speech and Hateful Behaviors","TikTok is enriched by the various backgrounds of our community members. Our differences should be respected, rather than a cause for division. We do not allow any hateful behavior, hate speech, or promotion of hateful ideologies. This includes content that attacks a person or group because of protected attributes.We proactively enforce our Community Guidelines through a mix of technology and human moderation. We have detected this policy violation using automated measures. We have used automated measures in making this decision.",,STATEMENT_CATEGORY_ILLEGAL_OR_HARMFUL_SPEECH,,,,"[""CONTENT_TYPE_TEXT""]",,,"2024-11-23 00:00:00","[""AT"",""BE"",""BG"",""CY"",""CZ"",""DE"",""DK"",""EE"",""ES"",""FI"",""FR"",""GR"",""HR"",""HU"",""IE"",""IT"",""LI"",""LT"",""LU"",""LV"",""MT"",""NL"",""NO"",""PL"",""PT"",""RO"",""SE"",""SI"",""SK""]","2024-11-23 00:00:00","The decision was taken pursuant to own-initiative investigations.",SOURCE_VOLUNTARY,,Yes,AUTOMATED_DECISION_FULLY,TikTok,7440371762442836769,"2024-11-23 07:22:31"
54e19ac3-6022-4f18-86b4-0cb276d29a14,"[""DECISION_VISIBILITY_OTHER""]","Video not eligible for recommendation in the For You feed",,,,,,,,,,DECISION_GROUND_INCOMPATIBLE_CONTENT,,,,"Alcohol, Tobacco, and Drugs","While adults make personal choices about how they engage with alcohol, drugs, and tobacco, we recognize that there are risks connected to trading and using these substances. Content is ineligible for the For You feed and harder to find in search if it shows adults consuming excessive amounts of alcohol or tobacco products.We proactively enforce our Community Guidelines through a mix of technology and human moderation. We have detected this policy violation using automated measures. We have used automated measures in making this decision.",,STATEMENT_CATEGORY_SCOPE_OF_PLATFORM_SERVICE,,,,"[""CONTENT_TYPE_VIDEO""]",,,"2024-11-23 00:00:00","[""AT"",""BE"",""BG"",""CY"",""CZ"",""DE"",""DK"",""EE"",""ES"",""FI"",""FR"",""GR"",""HR"",""HU"",""IE"",""IT"",""LI"",""LT"",""LU"",""LV"",""MT"",""NL"",""NO"",""PL"",""PT"",""RO"",""SE"",""SI"",""SK""]","2024-11-23 00:00:00","The decision was taken pursuant to own-initiative investigations.",SOURCE_VOLUNTARY,,Yes,AUTOMATED_DECISION_FULLY,TikTok,7440371762442853153,"2024-11-23 07:22:31"
1d9aa8ff-928f-4fe9-b073-60b7600e0d7e,"[""DECISION_VISIBILITY_OTHER""]","Photo not eligible for recommendation in the For You feed, and visibility restricted in search results",,,,,,,,,,DECISION_GROUND_INCOMPATIBLE_CONTENT,,,,"Civic and Election Integrity","We want to enable the informed exchange of civic ideas in a way that fosters productive dialogue. Your video didn’t meet our eligibility standards for the For You Feed. Please review our Community Guidelines for more information.We proactively enforce our Community Guidelines through a mix of technology and human moderation. We have detected this policy violation using automated measures. We have used automated measures in making this decision.",,STATEMENT_CATEGORY_NEGATIVE_EFFECTS_ON_CIVIC_DISCOURSE_OR_ELECTIONS,,,,"[""CONTENT_TYPE_IMAGE""]",,,"2024-11-23 00:00:00","[""AT"",""BE"",""BG"",""CY"",""CZ"",""DE"",""DK"",""EE"",""ES"",""FI"",""FR"",""GR"",""HR"",""HU"",""IE"",""IT"",""LI"",""LT"",""LU"",""LV"",""MT"",""NL"",""NO"",""PL"",""PT"",""RO"",""SE"",""SI"",""SK""]","2024-11-23 00:00:00","The decision was taken pursuant to own-initiative investigations.",SOURCE_VOLUNTARY,,Yes,AUTOMATED_DECISION_FULLY,TikTok,7440371760182090529,"2024-11-23 07:22:31"
f1a45c17-ee93-4160-8e5c-5904abab02d3,"[""DECISION_VISIBILITY_CONTENT_REMOVED""]",,,,,,,,,,,DECISION_GROUND_INCOMPATIBLE_CONTENT,,,,"Harassment and Bullying","We welcome the respectful expression of different viewpoints, but not toxicity or trolling. We do not allow language or behavior that harasses, humiliates, threatens, or doxes anyone. This also includes responding to such acts with retaliatory harassment (but excludes non-harassing counterspeech).We proactively enforce our Community Guidelines through a mix of technology and human moderation. We have detected this policy violation using automated measures. We have used automated measures in making this decision.",,STATEMENT_CATEGORY_ILLEGAL_OR_HARMFUL_SPEECH,,,,"[""CONTENT_TYPE_TEXT""]",,,"2024-11-23 00:00:00","[""AT"",""BE"",""BG"",""CY"",""CZ"",""DE"",""DK"",""EE"",""ES"",""FI"",""FR"",""GR"",""HR"",""HU"",""IE"",""IT"",""LI"",""LT"",""LU"",""LV"",""MT"",""NL"",""NO"",""PL"",""PT"",""RO"",""SE"",""SI"",""SK""]","2024-11-23 00:00:00","The decision was taken pursuant to own-initiative investigations.",SOURCE_VOLUNTARY,,Yes,AUTOMATED_DECISION_FULLY,TikTok,7440371762442869537,"2024-11-23 07:22:31"
034b5f76-3665-434e-876d-cb55a490fd3d,"[""DECISION_VISIBILITY_CONTENT_REMOVED""]",,,,,,,,,,,DECISION_GROUND_INCOMPATIBLE_CONTENT,,,,"Harassment and Bullying","We welcome the respectful expression of different viewpoints, but not toxicity or trolling. We do not allow language or behavior that harasses, humiliates, threatens, or doxes anyone. This also includes responding to such acts with retaliatory harassment (but excludes non-harassing counterspeech).We proactively enforce our Community Guidelines through a mix of technology and human moderation. We have detected this policy violation using automated measures. We have used automated measures in making this decision.",,STATEMENT_CATEGORY_ILLEGAL_OR_HARMFUL_SPEECH,,,,"[""CONTENT_TYPE_TEXT""]",,,"2024-11-23 00:00:00","[""AT"",""BE"",""BG"",""CY"",""CZ"",""DE"",""DK"",""EE"",""ES"",""FI"",""FR"",""GR"",""HR"",""HU"",""IE"",""IT"",""LI"",""LT"",""LU"",""LV"",""MT"",""NL"",""NO"",""PL"",""PT"",""RO"",""SE"",""SI"",""SK""]","2024-11-23 00:00:00","The decision was taken pursuant to own-initiative investigations.",SOURCE_VOLUNTARY,,Yes,AUTOMATED_DECISION_FULLY,TikTok,7440371760182106913,"2024-11-23 07:22:31"
f7cc4edd-135d-464d-880f-b9f70bb06b3f,"[""DECISION_VISIBILITY_CONTENT_REMOVED""]",,,,,,,,,,,DECISION_GROUND_INCOMPATIBLE_CONTENT,,,,"Harassment and Bullying","We welcome the respectful expression of different viewpoints, but not toxicity or trolling. We do not allow language or behavior that harasses, humiliates, threatens, or doxes anyone. This also includes responding to such acts with retaliatory harassment (but excludes non-harassing counterspeech).We proactively enforce our Community Guidelines through a mix of technology and human moderation. We have detected this policy violation using automated measures. We have used automated measures in making this decision.",,STATEMENT_CATEGORY_ILLEGAL_OR_HARMFUL_SPEECH,,,,"[""CONTENT_TYPE_TEXT""]",,,"2024-11-23 00:00:00","[""AT"",""BE"",""BG"",""CY"",""CZ"",""DE"",""DK"",""EE"",""ES"",""FI"",""FR"",""GR"",""HR"",""HU"",""IE"",""IT"",""LI"",""LT"",""LU"",""LV"",""MT"",""NL"",""NO"",""PL"",""PT"",""RO"",""SE"",""SI"",""SK""]","2024-11-23 00:00:00","The decision was taken pursuant to own-initiative investigations.",SOURCE_VOLUNTARY,,Yes,AUTOMATED_DECISION_FULLY,TikTok,7440371762442885921,"2024-11-23 07:22:31"
e575e6f5-85cf-4c87-90bf-f4b76b1c4f43,"[""DECISION_VISIBILITY_OTHER""]","Video not eligible for recommendation in the For You feed",,,,,,,,,,DECISION_GROUND_INCOMPATIBLE_CONTENT,,,,"Alcohol, Tobacco, and Drugs","While adults make personal choices about how they engage with alcohol, drugs, and tobacco, we recognize that there are risks connected to trading and using these substances. Content is ineligible for the For You feed and harder to find in search if it shows adults consuming excessive amounts of alcohol or tobacco products.We proactively enforce our Community Guidelines through a mix of technology and human moderation. We have detected this policy violation using automated measures. We have used automated measures in making this decision.",,STATEMENT_CATEGORY_SCOPE_OF_PLATFORM_SERVICE,,,,"[""CONTENT_TYPE_VIDEO""]",,,"2024-11-23 00:00:00","[""AT"",""BE"",""BG"",""CY"",""CZ"",""DE"",""DK"",""EE"",""ES"",""FI"",""FR"",""GR"",""HR"",""HU"",""IE"",""IT"",""LI"",""LT"",""LU"",""LV"",""MT"",""NL"",""NO"",""PL"",""PT"",""RO"",""SE"",""SI"",""SK""]","2024-11-23 00:00:00","The decision was taken pursuant to own-initiative investigations.",SOURCE_VOLUNTARY,,Yes,AUTOMATED_DECISION_FULLY,TikTok,7440371760182123297,"2024-11-23 07:22:31"
c30fb01f-edd5-40a2-a50b-0d9a27c54967,"[""DECISION_VISIBILITY_OTHER""]","Video not eligible for recommendation in the For You feed",,,,,,,,,,DECISION_GROUND_INCOMPATIBLE_CONTENT,,,,"Community Guidelines","We maintain content eligibility standards for the For You feed (FYF) that prioritize safety and are informed by the diversity of our community and cultural norms. We make ineligible for the FYF certain content that may not be appropriate for a broad audience related to: (1) Behavioral Health, (2) Sensitive and Mature Themes, (3) Integrity and Authenticity, and (4) Regulated Goods. Content that is ineligible for the FYF can still be discovered in other ways, such as through search tools or by following an account.We proactively enforce our Community Guidelines through a mix of technology and human moderation. We have detected this policy violation using automated measures. We have used automated measures in making this decision.",,STATEMENT_CATEGORY_SCOPE_OF_PLATFORM_SERVICE,,,,"[""CONTENT_TYPE_VIDEO""]",,,"2024-11-23 00:00:00","[""AT"",""BE"",""BG"",""CY"",""CZ"",""DE"",""DK"",""EE"",""ES"",""FI"",""FR"",""GR"",""HR"",""HU"",""IE"",""IT"",""LI"",""LT"",""LU"",""LV"",""MT"",""NL"",""NO"",""PL"",""PT"",""RO"",""SE"",""SI"",""SK""]","2024-11-23 00:00:00","The decision was taken pursuant to own-initiative investigations.",SOURCE_VOLUNTARY,,Yes,AUTOMATED_DECISION_FULLY,TikTok,7440371762442902305,"2024-11-23 07:22:31"
1e04c464-bb2e-4e36-b58e-38e8f3b52d2e,"[""DECISION_VISIBILITY_CONTENT_REMOVED""]",,,,,,,,,,,DECISION_GROUND_INCOMPATIBLE_CONTENT,,,,"Harassment and Bullying","We welcome the respectful expression of different viewpoints, but not toxicity or trolling. We do not allow language or behavior that harasses, humiliates, threatens, or doxes anyone. This also includes responding to such acts with retaliatory harassment (but excludes non-harassing counterspeech).We proactively enforce our Community Guidelines through a mix of technology and human moderation. We have detected this policy violation using automated measures. We have used automated measures in making this decision.",,STATEMENT_CATEGORY_ILLEGAL_OR_HARMFUL_SPEECH,,,,"[""CONTENT_TYPE_TEXT""]",,,"2024-11-23 00:00:00","[""AT"",""BE"",""BG"",""CY"",""CZ"",""DE"",""DK"",""EE"",""ES"",""FI"",""FR"",""GR"",""HR"",""HU"",""IE"",""IT"",""LI"",""LT"",""LU"",""LV"",""MT"",""NL"",""NO"",""PL"",""PT"",""RO"",""SE"",""SI"",""SK""]","2024-11-23 00:00:00","The decision was taken pursuant to own-initiative investigations.",SOURCE_VOLUNTARY,,Yes,AUTOMATED_DECISION_FULLY,TikTok,7440371760182139681,"2024-11-23 07:22:31"
8c4aae39-34b7-4348-8054-459acfb45196,"[""DECISION_VISIBILITY_CONTENT_REMOVED""]",,,,,,,,,,,DECISION_GROUND_INCOMPATIBLE_CONTENT,,,,"Harassment and Bullying","We welcome the respectful expression of different viewpoints, but not toxicity or trolling. We do not allow language or behavior that harasses, humiliates, threatens, or doxes anyone. This also includes responding to such acts with retaliatory harassment (but excludes non-harassing counterspeech).We proactively enforce our Community Guidelines through a mix of technology and human moderation. We have detected this policy violation using automated measures. We have used automated measures in making this decision.",,STATEMENT_CATEGORY_ILLEGAL_OR_HARMFUL_SPEECH,,,,"[""CONTENT_TYPE_TEXT""]",,,"2024-11-23 00:00:00","[""AT"",""BE"",""BG"",""CY"",""CZ"",""DE"",""DK"",""EE"",""ES"",""FI"",""FR"",""GR"",""HR"",""HU"",""IE"",""IT"",""LI"",""LT"",""LU"",""LV"",""MT"",""NL"",""NO"",""PL"",""PT"",""RO"",""SE"",""SI"",""SK""]","2024-11-23 00:00:00","The decision was taken pursuant to own-initiative investigations.",SOURCE_VOLUNTARY,,Yes,AUTOMATED_DECISION_FULLY,TikTok,7440371760182156065,"2024-11-23 07:22:31"
287f0386-4453-4849-8dfb-d40ff6d8ff57,"[""DECISION_VISIBILITY_CONTENT_REMOVED""]",,,,,,,,,,,DECISION_GROUND_INCOMPATIBLE_CONTENT,,,,"Harassment and Bullying","We welcome the respectful expression of different viewpoints, but not toxicity or trolling. We do not allow language or behavior that harasses, humiliates, threatens, or doxes anyone. This also includes responding to such acts with retaliatory harassment (but excludes non-harassing counterspeech).We proactively enforce our Community Guidelines through a mix of technology and human moderation. We have detected this policy violation using automated measures. We have used automated measures in making this decision.",,STATEMENT_CATEGORY_ILLEGAL_OR_HARMFUL_SPEECH,,,,"[""CONTENT_TYPE_TEXT""]",,,"2024-11-23 00:00:00","[""AT"",""BE"",""BG"",""CY"",""CZ"",""DE"",""DK"",""EE"",""ES"",""FI"",""FR"",""GR"",""HR"",""HU"",""IE"",""IT"",""LI"",""LT"",""LU"",""LV"",""MT"",""NL"",""NO"",""PL"",""PT"",""RO"",""SE"",""SI"",""SK""]","2024-11-23 00:00:00","The decision was taken pursuant to own-initiative investigations.",SOURCE_VOLUNTARY,,Yes,AUTOMATED_DECISION_FULLY,TikTok,7440371762442918689,"2024-11-23 07:22:31"
cf8c2903-9634-44c7-9e1a-82151cb25919,"[""DECISION_VISIBILITY_CONTENT_REMOVED""]",,,,,,,,,,,DECISION_GROUND_INCOMPATIBLE_CONTENT,,,,"Sexually Suggestive Content","We welcome performances and dances where people can creatively express themselves, celebrate their culture, or seek to entertain. We are mindful that certain behaviors related to sexual arousal or suggestiveness may be offensive to some people and may put young people at risk of exploitation. We do not allow seductive performances or allusions to sexual activity by young people, or the use of sexually explicit narratives by anyone.We proactively enforce our Community Guidelines through a mix of technology and human moderation. We have detected this policy violation using automated measures. We have used automated measures in making this decision.",,STATEMENT_CATEGORY_SCOPE_OF_PLATFORM_SERVICE,,,,"[""CONTENT_TYPE_TEXT""]",,,"2024-11-23 00:00:00","[""AT"",""BE"",""BG"",""CY"",""CZ"",""DE"",""DK"",""EE"",""ES"",""FI"",""FR"",""GR"",""HR"",""HU"",""IE"",""IT"",""LI"",""LT"",""LU"",""LV"",""MT"",""NL"",""NO"",""PL"",""PT"",""RO"",""SE"",""SI"",""SK""]","2024-11-23 00:00:00","The decision was taken pursuant to own-initiative investigations.",SOURCE_VOLUNTARY,,Yes,AUTOMATED_DECISION_FULLY,TikTok,7440371760182172449,"2024-11-23 07:22:31"
27ed2218-75d4-4981-9669-aa7b3a97a0c3,"[""DECISION_VISIBILITY_OTHER""]","Photo not eligible for recommendation in the For You feed, and visibility restricted in search results",,,,,,,,,,DECISION_GROUND_INCOMPATIBLE_CONTENT,,,,"Nudity and Body Exposure","We celebrate all shapes and sizes and want people to feel comfortable in how they present themselves and their bodies. Content is ineligible for the For You feed if it shows moderate body exposure of a young person, or significant body exposure of an adult. We allow regional exceptions for body exposure in limited situations, such as common cultural practices.We proactively enforce our Community Guidelines through a mix of technology and human moderation. We have detected this policy violation using automated measures.",,STATEMENT_CATEGORY_SCOPE_OF_PLATFORM_SERVICE,,,,"[""CONTENT_TYPE_IMAGE""]",,,"2024-11-23 00:00:00","[""AT"",""BE"",""BG"",""CY"",""CZ"",""DE"",""DK"",""EE"",""ES"",""FI"",""FR"",""GR"",""HR"",""HU"",""IE"",""IT"",""LI"",""LT"",""LU"",""LV"",""MT"",""NL"",""NO"",""PL"",""PT"",""RO"",""SE"",""SI"",""SK""]","2024-11-23 00:00:00","The decision was taken pursuant to own-initiative investigations.",SOURCE_VOLUNTARY,,Yes,AUTOMATED_DECISION_NOT_AUTOMATED,TikTok,7440371762442935073,"2024-11-23 07:22:31"
bd1e1aa0-f40e-4a88-a4ce-fd8627cee489,"[""DECISION_VISIBILITY_CONTENT_REMOVED""]",,,,,,,,,,,DECISION_GROUND_INCOMPATIBLE_CONTENT,,,,"Harassment and Bullying","We welcome the respectful expression of different viewpoints, but not toxicity or trolling. We do not allow language or behavior that harasses, humiliates, threatens, or doxes anyone. This also includes responding to such acts with retaliatory harassment (but excludes non-harassing counterspeech).We proactively enforce our Community Guidelines through a mix of technology and human moderation. We have detected this policy violation using automated measures. We have used automated measures in making this decision.",,STATEMENT_CATEGORY_ILLEGAL_OR_HARMFUL_SPEECH,,,,"[""CONTENT_TYPE_TEXT""]",,,"2024-11-23 00:00:00","[""AT"",""BE"",""BG"",""CY"",""CZ"",""DE"",""DK"",""EE"",""ES"",""FI"",""FR"",""GR"",""HR"",""HU"",""IE"",""IT"",""LI"",""LT"",""LU"",""LV"",""MT"",""NL"",""NO"",""PL"",""PT"",""RO"",""SE"",""SI"",""SK""]","2024-11-23 00:00:00","The decision was taken pursuant to own-initiative investigations.",SOURCE_VOLUNTARY,,Yes,AUTOMATED_DECISION_FULLY,TikTok,7440371767450852128,"2024-11-23 07:22:33"
2ceaa8c2-77f8-4f77-837d-e92aacd9501d,"[""DECISION_VISIBILITY_CONTENT_REMOVED""]",,,,,,,,,,,DECISION_GROUND_INCOMPATIBLE_CONTENT,,,,"Alcohol, Tobacco, and Drugs","While adults make personal choices about how they engage with alcohol, drugs, and tobacco, we recognize that there are risks connected to trading and using these substances. We do not allow showing or promoting recreational drug use, or the trade of alcohol, tobacco products, and drugs.We proactively enforce our Community Guidelines through a mix of technology and human moderation. We have detected this policy violation using automated measures.",,STATEMENT_CATEGORY_SCOPE_OF_PLATFORM_SERVICE,,,,"[""CONTENT_TYPE_IMAGE""]",,,"2024-11-23 00:00:00","[""AT"",""BE"",""BG"",""CY"",""CZ"",""DE"",""DK"",""EE"",""ES"",""FI"",""FR"",""GR"",""HR"",""HU"",""IE"",""IT"",""LI"",""LT"",""LU"",""LV"",""MT"",""NL"",""NO"",""PL"",""PT"",""RO"",""SE"",""SI"",""SK""]","2024-11-23 00:00:00","The decision was taken pursuant to own-initiative investigations.",SOURCE_VOLUNTARY,,Yes,AUTOMATED_DECISION_NOT_AUTOMATED,TikTok,7440371767450868512,"2024-11-23 07:22:33"
c92e506b-b56c-4838-841c-b5fd29418e4f,"[""DECISION_VISIBILITY_OTHER""]","Video not eligible for recommendation in the For You feed",,,,,,,,,,DECISION_GROUND_INCOMPATIBLE_CONTENT,,,,"Community Guidelines","We maintain content eligibility standards for the For You feed (FYF) that prioritize safety and are informed by the diversity of our community and cultural norms. We make ineligible for the FYF certain content that may not be appropriate for a broad audience related to: (1) Behavioral Health, (2) Sensitive and Mature Themes, (3) Integrity and Authenticity, and (4) Regulated Goods. Content that is ineligible for the FYF can still be discovered in other ways, such as through search tools or by following an account.We proactively enforce our Community Guidelines through a mix of technology and human moderation. We have detected this policy violation using automated measures. We have used automated measures in making this decision.",,STATEMENT_CATEGORY_SCOPE_OF_PLATFORM_SERVICE,,,,"[""CONTENT_TYPE_VIDEO""]",,,"2024-11-23 00:00:00","[""AT"",""BE"",""BG"",""CY"",""CZ"",""DE"",""DK"",""EE"",""ES"",""FI"",""FR"",""GR"",""HR"",""HU"",""IE"",""IT"",""LI"",""LT"",""LU"",""LV"",""MT"",""NL"",""NO"",""PL"",""PT"",""RO"",""SE"",""SI"",""SK""]","2024-11-23 00:00:00","The decision was taken pursuant to own-initiative investigations.",SOURCE_VOLUNTARY,,Yes,AUTOMATED_DECISION_FULLY,TikTok,7440371766859488032,"2024-11-23 07:22:33"
1579d5f4-c267-48f5-aebc-6dd6f6a8dda7,"[""DECISION_VISIBILITY_OTHER""]","Video not eligible for recommendation in the For You feed",,,,,,,,,,DECISION_GROUND_INCOMPATIBLE_CONTENT,,,,"Community Guidelines","We maintain content eligibility standards for the For You feed (FYF) that prioritize safety and are informed by the diversity of our community and cultural norms. We make ineligible for the FYF certain content that may not be appropriate for a broad audience related to: (1) Behavioral Health, (2) Sensitive and Mature Themes, (3) Integrity and Authenticity, and (4) Regulated Goods. Content that is ineligible for the FYF can still be discovered in other ways, such as through search tools or by following an account.We proactively enforce our Community Guidelines through a mix of technology and human moderation. We have detected this policy violation using automated measures. We have used automated measures in making this decision.",,STATEMENT_CATEGORY_SCOPE_OF_PLATFORM_SERVICE,,,,"[""CONTENT_TYPE_VIDEO""]",,,"2024-11-14 00:00:00","[""AT"",""BE"",""BG"",""CY"",""CZ"",""DE"",""DK"",""EE"",""ES"",""FI"",""FR"",""GR"",""HR"",""HU"",""IE"",""IT"",""LI"",""LT"",""LU"",""LV"",""MT"",""NL"",""NO"",""PL"",""PT"",""RO"",""SE"",""SI"",""SK""]","2024-11-23 00:00:00","The decision was taken pursuant to own-initiative investigations.",SOURCE_VOLUNTARY,,Yes,AUTOMATED_DECISION_FULLY,TikTok,7440371766859504416,"2024-11-23 07:22:33"
533152ad-0a03-47ee-9480-772186eb413f,"[""DECISION_VISIBILITY_CONTENT_REMOVED""]",,,,,,,,,,,DECISION_GROUND_INCOMPATIBLE_CONTENT,,,,"Harassment and Bullying","We welcome the respectful expression of different viewpoints, but not toxicity or trolling. We do not allow language or behavior that harasses, humiliates, threatens, or doxes anyone. This also includes responding to such acts with retaliatory harassment (but excludes non-harassing counterspeech).We proactively enforce our Community Guidelines through a mix of technology and human moderation. We have detected this policy violation using automated measures. We have used automated measures in making this decision.",,STATEMENT_CATEGORY_ILLEGAL_OR_HARMFUL_SPEECH,,,,"[""CONTENT_TYPE_TEXT""]",,,"2024-11-23 00:00:00","[""AT"",""BE"",""BG"",""CY"",""CZ"",""DE"",""DK"",""EE"",""ES"",""FI"",""FR"",""GR"",""HR"",""HU"",""IE"",""IT"",""LI"",""LT"",""LU"",""LV"",""MT"",""NL"",""NO"",""PL"",""PT"",""RO"",""SE"",""SI"",""SK""]","2024-11-23 00:00:00","The decision was taken pursuant to own-initiative investigations.",SOURCE_VOLUNTARY,,Yes,AUTOMATED_DECISION_FULLY,TikTok,7440371766859520800,"2024-11-23 07:22:33"
381bfda6-3ace-4e28-a963-de7aa889d52b,"[""DECISION_VISIBILITY_CONTENT_REMOVED""]",,,,,,,,,,,DECISION_GROUND_INCOMPATIBLE_CONTENT,,,,"Hate Speech and Hateful Behaviors","TikTok is enriched by the various backgrounds of our community members. Our differences should be respected, rather than a cause for division. We do not allow any hateful behavior, hate speech, or promotion of hateful ideologies. This includes content that attacks a person or group because of protected attributes.We proactively enforce our Community Guidelines through a mix of technology and human moderation. We have detected this policy violation using automated measures. We have used automated measures in making this decision.",,STATEMENT_CATEGORY_ILLEGAL_OR_HARMFUL_SPEECH,,,,"[""CONTENT_TYPE_TEXT""]",,,"2024-11-23 00:00:00","[""AT"",""BE"",""BG"",""CY"",""CZ"",""DE"",""DK"",""EE"",""ES"",""FI"",""FR"",""GR"",""HR"",""HU"",""IE"",""IT"",""LI"",""LT"",""LU"",""LV"",""MT"",""NL"",""NO"",""PL"",""PT"",""RO"",""SE"",""SI"",""SK""]","2024-11-23 00:00:00","The decision was taken pursuant to own-initiative investigations.",SOURCE_VOLUNTARY,,Yes,AUTOMATED_DECISION_FULLY,TikTok,7440371767450884896,"2024-11-23 07:22:33"
c9f67a48-9abc-4992-b381-99db30ac36d6,"[""DECISION_VISIBILITY_CONTENT_REMOVED""]",,,,,,,,,,,DECISION_GROUND_INCOMPATIBLE_CONTENT,,,,"Harassment and Bullying","We welcome the respectful expression of different viewpoints, but not toxicity or trolling. We do not allow language or behavior that harasses, humiliates, threatens, or doxes anyone. This also includes responding to such acts with retaliatory harassment (but excludes non-harassing counterspeech).We proactively enforce our Community Guidelines through a mix of technology and human moderation. We have detected this policy violation using automated measures. We have used automated measures in making this decision.",,STATEMENT_CATEGORY_ILLEGAL_OR_HARMFUL_SPEECH,,,,"[""CONTENT_TYPE_TEXT""]",,,"2024-11-23 00:00:00","[""AT"",""BE"",""BG"",""CY"",""CZ"",""DE"",""DK"",""EE"",""ES"",""FI"",""FR"",""GR"",""HR"",""HU"",""IE"",""IT"",""LI"",""LT"",""LU"",""LV"",""MT"",""NL"",""NO"",""PL"",""PT"",""RO"",""SE"",""SI"",""SK""]","2024-11-23 00:00:00","The decision was taken pursuant to own-initiative investigations.",SOURCE_VOLUNTARY,,Yes,AUTOMATED_DECISION_FULLY,TikTok,7440371767450901280,"2024-11-23 07:22:33"
f573081d-a352-40c9-9639-c907fb108096,"[""DECISION_VISIBILITY_CONTENT_REMOVED""]",,,,,,,,,,,DECISION_GROUND_INCOMPATIBLE_CONTENT,,,,"Harassment and Bullying","We welcome the respectful expression of different viewpoints, but not toxicity or trolling. We do not allow language or behavior that harasses, humiliates, threatens, or doxes anyone. This also includes responding to such acts with retaliatory harassment (but excludes non-harassing counterspeech).We proactively enforce our Community Guidelines through a mix of technology and human moderation. We have detected this policy violation using automated measures. We have used automated measures in making this decision.",,STATEMENT_CATEGORY_ILLEGAL_OR_HARMFUL_SPEECH,,,,"[""CONTENT_TYPE_TEXT""]",,,"2024-11-23 00:00:00","[""AT"",""BE"",""BG"",""CY"",""CZ"",""DE"",""DK"",""EE"",""ES"",""FI"",""FR"",""GR"",""HR"",""HU"",""IE"",""IT"",""LI"",""LT"",""LU"",""LV"",""MT"",""NL"",""NO"",""PL"",""PT"",""RO"",""SE"",""SI"",""SK""]","2024-11-23 00:00:00","The decision was taken pursuant to own-initiative investigations.",SOURCE_VOLUNTARY,,Yes,AUTOMATED_DECISION_FULLY,TikTok,7440371766859537184,"2024-11-23 07:22:33"
128446a3-62d3-4a78-b0ca-94407ab98c84,"[""DECISION_VISIBILITY_OTHER""]","Photo not eligible for recommendation in the For You feed",,,,,,,,,,DECISION_GROUND_INCOMPATIBLE_CONTENT,,,,"Minimum Age Requirement","Users must be 13 years and older to have a TikTok account. We are deeply committed to ensuring that TikTok is a safe and positive experience for people under the age of 18. This starts by being old enough to use TikTok. If we learn someone is below the minimum age on TikTok, we will ban that account. Content created by anyone under 16 is ineligible for the For You feed and harder to find in search.We proactively enforce our Community Guidelines through a mix of technology and human moderation. We have detected this policy violation using automated measures.",,STATEMENT_CATEGORY_PROTECTION_OF_MINORS,,,,"[""CONTENT_TYPE_IMAGE""]",,,"2024-11-23 00:00:00","[""AT"",""BE"",""BG"",""CY"",""CZ"",""DE"",""DK"",""EE"",""ES"",""FI"",""FR"",""GR"",""HR"",""HU"",""IE"",""IT"",""LI"",""LT"",""LU"",""LV"",""MT"",""NL"",""NO"",""PL"",""PT"",""RO"",""SE"",""SI"",""SK""]","2024-11-23 00:00:00","The decision was taken pursuant to own-initiative investigations.",SOURCE_VOLUNTARY,,Yes,AUTOMATED_DECISION_NOT_AUTOMATED,TikTok,7440371767450917664,"2024-11-23 07:22:33"
89e33d7e-9432-467d-8924-9cc212f1b823,"[""DECISION_VISIBILITY_CONTENT_REMOVED""]",,,,,,,,,,,DECISION_GROUND_INCOMPATIBLE_CONTENT,,,,"Harassment and Bullying","We welcome the respectful expression of different viewpoints, but not toxicity or trolling. We do not allow language or behavior that harasses, humiliates, threatens, or doxes anyone. This also includes responding to such acts with retaliatory harassment (but excludes non-harassing counterspeech).We proactively enforce our Community Guidelines through a mix of technology and human moderation. We have detected this policy violation using automated measures. We have used automated measures in making this decision.",,STATEMENT_CATEGORY_ILLEGAL_OR_HARMFUL_SPEECH,,,,"[""CONTENT_TYPE_TEXT""]",,,"2024-11-23 00:00:00","[""AT"",""BE"",""BG"",""CY"",""CZ"",""DE"",""DK"",""EE"",""ES"",""FI"",""FR"",""GR"",""HR"",""HU"",""IE"",""IT"",""LI"",""LT"",""LU"",""LV"",""MT"",""NL"",""NO"",""PL"",""PT"",""RO"",""SE"",""SI"",""SK""]","2024-11-23 00:00:00","The decision was taken pursuant to own-initiative investigations.",SOURCE_VOLUNTARY,,Yes,AUTOMATED_DECISION_FULLY,TikTok,7440371767450934048,"2024-11-23 07:22:33"
3a925656-99d8-4ba5-845a-271a3d01bf0a,"[""DECISION_VISIBILITY_CONTENT_REMOVED""]",,,,,,,,,,,DECISION_GROUND_INCOMPATIBLE_CONTENT,,,,"Hate Speech and Hateful Behaviors","TikTok is enriched by the various backgrounds of our community members. Our differences should be respected, rather than a cause for division. We do not allow any hateful behavior, hate speech, or promotion of hateful ideologies. This includes content that attacks a person or group because of protected attributes.We proactively enforce our Community Guidelines through a mix of technology and human moderation. We have detected this policy violation using automated measures. We have used automated measures in making this decision.",,STATEMENT_CATEGORY_ILLEGAL_OR_HARMFUL_SPEECH,,,,"[""CONTENT_TYPE_TEXT""]",,,"2024-11-23 00:00:00","[""AT"",""BE"",""BG"",""CY"",""CZ"",""DE"",""DK"",""EE"",""ES"",""FI"",""FR"",""GR"",""HR"",""HU"",""IE"",""IT"",""LI"",""LT"",""LU"",""LV"",""MT"",""NL"",""NO"",""PL"",""PT"",""RO"",""SE"",""SI"",""SK""]","2024-11-23 00:00:00","The decision was taken pursuant to own-initiative investigations.",SOURCE_VOLUNTARY,,Yes,AUTOMATED_DECISION_FULLY,TikTok,7440371766859553568,"2024-11-23 07:22:33"
2db20249-2fd9-49e8-b818-43e19f5b75db,"[""DECISION_VISIBILITY_OTHER""]","Video not eligible for recommendation in the For You feed",,,,,,,,,,DECISION_GROUND_INCOMPATIBLE_CONTENT,,,,"Community Guidelines","We maintain content eligibility standards for the For You feed (FYF) that prioritize safety and are informed by the diversity of our community and cultural norms. We make ineligible for the FYF certain content that may not be appropriate for a broad audience related to: (1) Behavioral Health, (2) Sensitive and Mature Themes, (3) Integrity and Authenticity, and (4) Regulated Goods. Content that is ineligible for the FYF can still be discovered in other ways, such as through search tools or by following an account.We proactively enforce our Community Guidelines through a mix of technology and human moderation. We have detected this policy violation using automated measures. We have used automated measures in making this decision.",,STATEMENT_CATEGORY_SCOPE_OF_PLATFORM_SERVICE,,,,"[""CONTENT_TYPE_VIDEO""]",,,"2024-11-22 00:00:00","[""AT"",""BE"",""BG"",""CY"",""CZ"",""DE"",""DK"",""EE"",""ES"",""FI"",""FR"",""GR"",""HR"",""HU"",""IE"",""IT"",""LI"",""LT"",""LU"",""LV"",""MT"",""NL"",""NO"",""PL"",""PT"",""RO"",""SE"",""SI"",""SK""]","2024-11-23 00:00:00","The decision was taken pursuant to own-initiative investigations.",SOURCE_VOLUNTARY,,Yes,AUTOMATED_DECISION_FULLY,TikTok,7440371767450950432,"2024-11-23 07:22:33"
a2ed479f-4552-4724-a035-0c852d23f108,"[""DECISION_VISIBILITY_OTHER""]","Video not eligible for recommendation in the For You feed",,,,,,,,,,DECISION_GROUND_INCOMPATIBLE_CONTENT,,,,"Community Guidelines","Your content is against our Community Guidelines. The guidelines include rules and standards for using TikTok that apply to everyone and everything on our platform.",,STATEMENT_CATEGORY_SCOPE_OF_PLATFORM_SERVICE,,,,"[""CONTENT_TYPE_VIDEO""]",,,"2024-11-23 00:00:00","[""AT"",""BE"",""BG"",""CY"",""CZ"",""DE"",""DK"",""EE"",""ES"",""FI"",""FR"",""GR"",""HR"",""HU"",""IE"",""IT"",""LI"",""LT"",""LU"",""LV"",""MT"",""NL"",""NO"",""PL"",""PT"",""RO"",""SE"",""SI"",""SK""]","2024-11-23 00:00:00","The decision was taken pursuant to own-initiative investigations.",SOURCE_VOLUNTARY,,Yes,AUTOMATED_DECISION_FULLY,TikTok,7440371771859016481,"2024-11-23 07:22:33"
05888ab0-a017-47b1-8170-01b334195f06,"[""DECISION_VISIBILITY_CONTENT_REMOVED""]",,,,,,,,,,,DECISION_GROUND_INCOMPATIBLE_CONTENT,,,,"Sexual Exploitation and Gender-Based Violence","We are committed to providing a space that embraces gender equity, supports healthy relationships, and respects intimate privacy. We do not allow sexual exploitation or gender-based violence, including non-consensual sexual acts, image-based sexual abuse, sextortion, physical abuse, and sexual harassment.We proactively enforce our Community Guidelines through a mix of technology and human moderation. We have detected this policy violation using automated measures. We have used automated measures in making this decision.",,STATEMENT_CATEGORY_VIOLENCE,,,,"[""CONTENT_TYPE_TEXT""]",,,"2024-11-23 00:00:00","[""AT"",""BE"",""BG"",""CY"",""CZ"",""DE"",""DK"",""EE"",""ES"",""FI"",""FR"",""GR"",""HR"",""HU"",""IE"",""IT"",""LI"",""LT"",""LU"",""LV"",""MT"",""NL"",""NO"",""PL"",""PT"",""RO"",""SE"",""SI"",""SK""]","2024-11-23 00:00:00","The decision was taken pursuant to own-initiative investigations.",SOURCE_VOLUNTARY,,Yes,AUTOMATED_DECISION_FULLY,TikTok,7440371771674467104,"2024-11-23 07:22:33"
16a6a904-ebc9-44bd-809a-1f5e8eebd1af,"[""DECISION_VISIBILITY_CONTENT_REMOVED""]",,,,,,,,,,,DECISION_GROUND_INCOMPATIBLE_CONTENT,,,,"Personal Information","We are committed to making sure that any personal information shared intentionally or accidentally on TikTok does not lead to harm. We do not allow content that includes personal information that may create a risk of stalking, violence, phishing, fraud, identity theft, or financial exploitation, including content that someone has posted themselves or that they consented to being shared by others.We proactively enforce our Community Guidelines through a mix of technology and human moderation. We have detected this policy violation using automated measures. We have used automated measures in making this decision.",,STATEMENT_CATEGORY_DATA_PROTECTION_AND_PRIVACY_VIOLATIONS,,,,"[""CONTENT_TYPE_TEXT""]",,,"2024-11-23 00:00:00","[""AT"",""BE"",""BG"",""CY"",""CZ"",""DE"",""DK"",""EE"",""ES"",""FI"",""FR"",""GR"",""HR"",""HU"",""IE"",""IT"",""LI"",""LT"",""LU"",""LV"",""MT"",""NL"",""NO"",""PL"",""PT"",""RO"",""SE"",""SI"",""SK""]","2024-11-23 00:00:00","The decision was taken pursuant to own-initiative investigations.",SOURCE_VOLUNTARY,,Yes,AUTOMATED_DECISION_FULLY,TikTok,7440371771674483488,"2024-11-23 07:22:33"
ca98e640-5fa6-4a48-a68f-3fe044430ee2,"[""DECISION_VISIBILITY_CONTENT_REMOVED""]",,,,,,,,,,,DECISION_GROUND_INCOMPATIBLE_CONTENT,,,,"Harassment and Bullying","We welcome the respectful expression of different viewpoints, but not toxicity or trolling. We do not allow language or behavior that harasses, humiliates, threatens, or doxes anyone. This also includes responding to such acts with retaliatory harassment (but excludes non-harassing counterspeech).We proactively enforce our Community Guidelines through a mix of technology and human moderation. We have detected this policy violation using automated measures. We have used automated measures in making this decision.",,STATEMENT_CATEGORY_ILLEGAL_OR_HARMFUL_SPEECH,,,,"[""CONTENT_TYPE_TEXT""]",,,"2024-11-23 00:00:00","[""AT"",""BE"",""BG"",""CY"",""CZ"",""DE"",""DK"",""EE"",""ES"",""FI"",""FR"",""GR"",""HR"",""HU"",""IE"",""IT"",""LI"",""LT"",""LU"",""LV"",""MT"",""NL"",""NO"",""PL"",""PT"",""RO"",""SE"",""SI"",""SK""]","2024-11-23 00:00:00","The decision was taken pursuant to own-initiative investigations.",SOURCE_VOLUNTARY,,Yes,AUTOMATED_DECISION_FULLY,TikTok,7440371771674499872,"2024-11-23 07:22:33"
1242056d-025b-4fd5-874a-7b4282d59da4,"[""DECISION_VISIBILITY_OTHER""]","Video not eligible for recommendation in the For You feed",,,,,,,,,,DECISION_GROUND_INCOMPATIBLE_CONTENT,,,,"Community Guidelines","We maintain content eligibility standards for the For You feed (FYF) that prioritize safety and are informed by the diversity of our community and cultural norms. We make ineligible for the FYF certain content that may not be appropriate for a broad audience related to: (1) Behavioral Health, (2) Sensitive and Mature Themes, (3) Integrity and Authenticity, and (4) Regulated Goods. Content that is ineligible for the FYF can still be discovered in other ways, such as through search tools or by following an account.We proactively enforce our Community Guidelines through a mix of technology and human moderation. We have detected this policy violation using automated measures. We have used automated measures in making this decision.",,STATEMENT_CATEGORY_SCOPE_OF_PLATFORM_SERVICE,,,,"[""CONTENT_TYPE_VIDEO""]",,,"2024-11-23 00:00:00","[""AT"",""BE"",""BG"",""CY"",""CZ"",""DE"",""DK"",""EE"",""ES"",""FI"",""FR"",""GR"",""HR"",""HU"",""IE"",""IT"",""LI"",""LT"",""LU"",""LV"",""MT"",""NL"",""NO"",""PL"",""PT"",""RO"",""SE"",""SI"",""SK""]","2024-11-23 00:00:00","The decision was taken pursuant to own-initiative investigations.",SOURCE_VOLUNTARY,,Yes,AUTOMATED_DECISION_FULLY,TikTok,7440371771859032865,"2024-11-23 07:22:33"
a461e708-aa87-4b3d-a1c9-1b4f655dd3cf,,,,,,,,,DECISION_ACCOUNT_TERMINATED,,,DECISION_GROUND_INCOMPATIBLE_CONTENT,,,,"Advertising policy violation","Reasons why your account may have been suspended: - We received a report or complaint about your account from people on TikTok or other channels. - There are problems with your ad creative, or qualifications or services provided in your ads. - We suspected malicious behavior or intent during ad creation. - You made changes to your ad's landing page after launching the campaign.",,STATEMENT_CATEGORY_SCOPE_OF_PLATFORM_SERVICE,,,,"[""CONTENT_TYPE_OTHER""]","Account Suspended",,"2024-11-22 00:00:00","[""AT"",""BE"",""BG"",""CY"",""CZ"",""DE"",""DK"",""EE"",""ES"",""FI"",""FR"",""GR"",""HR"",""HU"",""IE"",""IT"",""LI"",""LT"",""LU"",""LV"",""MT"",""NL"",""NO"",""PL"",""PT"",""RO"",""SE"",""SI"",""SK""]","2024-11-23 00:00:00","The decision was taken pursuant to own-initiative investigations.",SOURCE_VOLUNTARY,,Yes,AUTOMATED_DECISION_FULLY,TikTok,7440371771674516256,"2024-11-23 07:22:33"
2d8e1b4e-d784-4872-a7ec-1f8636883bd7,"[""DECISION_VISIBILITY_CONTENT_REMOVED""]",,,,,,,,,,,DECISION_GROUND_INCOMPATIBLE_CONTENT,,,,"Sexual Exploitation and Gender-Based Violence","We are committed to providing a space that embraces gender equity, supports healthy relationships, and respects intimate privacy. We do not allow sexual exploitation or gender-based violence, including non-consensual sexual acts, image-based sexual abuse, sextortion, physical abuse, and sexual harassment.We proactively enforce our Community Guidelines through a mix of technology and human moderation. We have detected this policy violation using automated measures. We have used automated measures in making this decision.",,STATEMENT_CATEGORY_VIOLENCE,,,,"[""CONTENT_TYPE_TEXT""]",,,"2024-11-23 00:00:00","[""AT"",""BE"",""BG"",""CY"",""CZ"",""DE"",""DK"",""EE"",""ES"",""FI"",""FR"",""GR"",""HR"",""HU"",""IE"",""IT"",""LI"",""LT"",""LU"",""LV"",""MT"",""NL"",""NO"",""PL"",""PT"",""RO"",""SE"",""SI"",""SK""]","2024-11-23 00:00:00","The decision was taken pursuant to own-initiative investigations.",SOURCE_VOLUNTARY,,Yes,AUTOMATED_DECISION_FULLY,TikTok,7440371771859049249,"2024-11-23 07:22:33"
13aec25b-9cd3-42d4-a77a-3237c64bf767,"[""DECISION_VISIBILITY_CONTENT_REMOVED""]",,,,,,,,,,,DECISION_GROUND_INCOMPATIBLE_CONTENT,,,,"Harassment and Bullying","We welcome the respectful expression of different viewpoints, but not toxicity or trolling. We do not allow language or behavior that harasses, humiliates, threatens, or doxes anyone. This also includes responding to such acts with retaliatory harassment (but excludes non-harassing counterspeech).We proactively enforce our Community Guidelines through a mix of technology and human moderation. We have detected this policy violation using automated measures. We have used automated measures in making this decision.",,STATEMENT_CATEGORY_ILLEGAL_OR_HARMFUL_SPEECH,,,,"[""CONTENT_TYPE_TEXT""]",,,"2024-11-23 00:00:00","[""AT"",""BE"",""BG"",""CY"",""CZ"",""DE"",""DK"",""EE"",""ES"",""FI"",""FR"",""GR"",""HR"",""HU"",""IE"",""IT"",""LI"",""LT"",""LU"",""LV"",""MT"",""NL"",""NO"",""PL"",""PT"",""RO"",""SE"",""SI"",""SK""]","2024-11-23 00:00:00","The decision was taken pursuant to own-initiative investigations.",SOURCE_VOLUNTARY,,Yes,AUTOMATED_DECISION_FULLY,TikTok,7440371771674532640,"2024-11-23 07:22:33"
8b5bdd9d-75b7-43e8-a086-80590d9b89de,"[""DECISION_VISIBILITY_OTHER""]","Video not eligible for recommendation in the For You feed",,,,,,,,,,DECISION_GROUND_INCOMPATIBLE_CONTENT,,,,"Community Guidelines","We maintain content eligibility standards for the For You feed (FYF) that prioritize safety and are informed by the diversity of our community and cultural norms. We make ineligible for the FYF certain content that may not be appropriate for a broad audience related to: (1) Behavioral Health, (2) Sensitive and Mature Themes, (3) Integrity and Authenticity, and (4) Regulated Goods. Content that is ineligible for the FYF can still be discovered in other ways, such as through search tools or by following an account.We proactively enforce our Community Guidelines through a mix of technology and human moderation. We have detected this policy violation using automated measures. We have used automated measures in making this decision.",,STATEMENT_CATEGORY_SCOPE_OF_PLATFORM_SERVICE,,,,"[""CONTENT_TYPE_VIDEO""]",,,"2024-11-23 00:00:00","[""AT"",""BE"",""BG"",""CY"",""CZ"",""DE"",""DK"",""EE"",""ES"",""FI"",""FR"",""GR"",""HR"",""HU"",""IE"",""IT"",""LI"",""LT"",""LU"",""LV"",""MT"",""NL"",""NO"",""PL"",""PT"",""RO"",""SE"",""SI"",""SK""]","2024-11-23 00:00:00","The decision was taken pursuant to own-initiative investigations.",SOURCE_VOLUNTARY,,Yes,AUTOMATED_DECISION_FULLY,TikTok,7440371771859065633,"2024-11-23 07:22:33"
054217de-04cf-41c5-b9f8-d7a7d4d5c3f5,"[""DECISION_VISIBILITY_CONTENT_REMOVED""]",,,,,,,,,,,DECISION_GROUND_INCOMPATIBLE_CONTENT,,,,"Harassment and Bullying","We welcome the respectful expression of different viewpoints, but not toxicity or trolling. We do not allow language or behavior that harasses, humiliates, threatens, or doxes anyone. This also includes responding to such acts with retaliatory harassment (but excludes non-harassing counterspeech).We proactively enforce our Community Guidelines through a mix of technology and human moderation. We have detected this policy violation using automated measures. We have used automated measures in making this decision.",,STATEMENT_CATEGORY_ILLEGAL_OR_HARMFUL_SPEECH,,,,"[""CONTENT_TYPE_TEXT""]",,,"2024-11-23 00:00:00","[""AT"",""BE"",""BG"",""CY"",""CZ"",""DE"",""DK"",""EE"",""ES"",""FI"",""FR"",""GR"",""HR"",""HU"",""IE"",""IT"",""LI"",""LT"",""LU"",""LV"",""MT"",""NL"",""NO"",""PL"",""PT"",""RO"",""SE"",""SI"",""SK""]","2024-11-23 00:00:00","The decision was taken pursuant to own-initiative investigations.",SOURCE_VOLUNTARY,,Yes,AUTOMATED_DECISION_FULLY,TikTok,7440371771859082017,"2024-11-23 07:22:33"
98c6d2f1-e413-4816-826f-1bd331f8a7b9,"[""DECISION_VISIBILITY_CONTENT_REMOVED""]",,,,,,,,,,,DECISION_GROUND_INCOMPATIBLE_CONTENT,,,,"Harassment and Bullying","We welcome the respectful expression of different viewpoints, but not toxicity or trolling. We do not allow language or behavior that harasses, humiliates, threatens, or doxes anyone. This also includes responding to such acts with retaliatory harassment (but excludes non-harassing counterspeech).We proactively enforce our Community Guidelines through a mix of technology and human moderation. We have detected this policy violation using automated measures. We have used automated measures in making this decision.",,STATEMENT_CATEGORY_ILLEGAL_OR_HARMFUL_SPEECH,,,,"[""CONTENT_TYPE_TEXT""]",,,"2024-11-23 00:00:00","[""AT"",""BE"",""BG"",""CY"",""CZ"",""DE"",""DK"",""EE"",""ES"",""FI"",""FR"",""GR"",""HR"",""HU"",""IE"",""IT"",""LI"",""LT"",""LU"",""LV"",""MT"",""NL"",""NO"",""PL"",""PT"",""RO"",""SE"",""SI"",""SK""]","2024-11-23 00:00:00","The decision was taken pursuant to own-initiative investigations.",SOURCE_VOLUNTARY,,Yes,AUTOMATED_DECISION_FULLY,TikTok,7440371771674549024,"2024-11-23 07:22:33"
8e8ebb8d-188e-4fb8-b331-b7b88036e897,"[""DECISION_VISIBILITY_CONTENT_REMOVED""]",,,,,,,,,,,DECISION_GROUND_INCOMPATIBLE_CONTENT,,,,"Harassment and Bullying","We welcome the respectful expression of different viewpoints, but not toxicity or trolling. We do not allow language or behavior that harasses, humiliates, threatens, or doxes anyone. This also includes responding to such acts with retaliatory harassment (but excludes non-harassing counterspeech).We proactively enforce our Community Guidelines through a mix of technology and human moderation. We have detected this policy violation using automated measures. We have used automated measures in making this decision.",,STATEMENT_CATEGORY_ILLEGAL_OR_HARMFUL_SPEECH,,,,"[""CONTENT_TYPE_TEXT""]",,,"2024-11-23 00:00:00","[""AT"",""BE"",""BG"",""CY"",""CZ"",""DE"",""DK"",""EE"",""ES"",""FI"",""FR"",""GR"",""HR"",""HU"",""IE"",""IT"",""LI"",""LT"",""LU"",""LV"",""MT"",""NL"",""NO"",""PL"",""PT"",""RO"",""SE"",""SI"",""SK""]","2024-11-23 00:00:00","The decision was taken pursuant to own-initiative investigations.",SOURCE_VOLUNTARY,,Yes,AUTOMATED_DECISION_FULLY,TikTok,7440371771859098401,"2024-11-23 07:22:33"
1fcf009d-438c-4a15-b8cb-c2d188657252,"[""DECISION_VISIBILITY_CONTENT_REMOVED""]",,,,,,,,,,,DECISION_GROUND_INCOMPATIBLE_CONTENT,,,,"Civic and Election Integrity","Elections are important moments of community conversation and promote the values of an open society. We do not allow misinformation about civic and electoral processes, regardless of intent. This includes misinformation about how to vote, registering to vote, eligibility requirements of  candidates, the processes to count ballots and certify elections, and the final outcome of an election.We proactively enforce our Community Guidelines through a mix of technology and human moderation. We have detected this policy violation using automated measures. We have used automated measures in making this decision.",,STATEMENT_CATEGORY_NEGATIVE_EFFECTS_ON_CIVIC_DISCOURSE_OR_ELECTIONS,,,,"[""CONTENT_TYPE_IMAGE""]",,,"2024-11-23 00:00:00","[""AT"",""BE"",""BG"",""CY"",""CZ"",""DE"",""DK"",""EE"",""ES"",""FI"",""FR"",""GR"",""HR"",""HU"",""IE"",""IT"",""LI"",""LT"",""LU"",""LV"",""MT"",""NL"",""NO"",""PL"",""PT"",""RO"",""SE"",""SI"",""SK""]","2024-11-23 00:00:00","The decision was taken pursuant to own-initiative investigations.",SOURCE_VOLUNTARY,,Yes,AUTOMATED_DECISION_FULLY,TikTok,7440371771859147553,"2024-11-23 07:22:35"
6065880f-2e26-4706-ad45-634eb239a738,"[""DECISION_VISIBILITY_CONTENT_REMOVED""]",,,,,,,,,,,DECISION_GROUND_INCOMPATIBLE_CONTENT,,,,"Sexual Exploitation and Gender-Based Violence","We are committed to providing a space that embraces gender equity, supports healthy relationships, and respects intimate privacy. We do not allow sexual exploitation or gender-based violence, including non-consensual sexual acts, image-based sexual abuse, sextortion, physical abuse, and sexual harassment.We proactively enforce our Community Guidelines through a mix of technology and human moderation. We have detected this policy violation using automated measures. We have used automated measures in making this decision.",,STATEMENT_CATEGORY_VIOLENCE,,,,"[""CONTENT_TYPE_TEXT""]",,,"2024-11-23 00:00:00","[""AT"",""BE"",""BG"",""CY"",""CZ"",""DE"",""DK"",""EE"",""ES"",""FI"",""FR"",""GR"",""HR"",""HU"",""IE"",""IT"",""LI"",""LT"",""LU"",""LV"",""MT"",""NL"",""NO"",""PL"",""PT"",""RO"",""SE"",""SI"",""SK""]","2024-11-23 00:00:00","The decision was taken pursuant to own-initiative investigations.",SOURCE_VOLUNTARY,,Yes,AUTOMATED_DECISION_FULLY,TikTok,7440371771674614560,"2024-11-23 07:22:35"
b0eff481-469c-40e7-acb9-c9b9db6d6bc4,"[""DECISION_VISIBILITY_CONTENT_REMOVED""]",,,,,,,,,,,DECISION_GROUND_INCOMPATIBLE_CONTENT,,,,"Harassment and Bullying","We welcome the respectful expression of different viewpoints, but not toxicity or trolling. We do not allow language or behavior that harasses, humiliates, threatens, or doxes anyone. This also includes responding to such acts with retaliatory harassment (but excludes non-harassing counterspeech).We proactively enforce our Community Guidelines through a mix of technology and human moderation. We have detected this policy violation using automated measures. We have used automated measures in making this decision.",,STATEMENT_CATEGORY_ILLEGAL_OR_HARMFUL_SPEECH,,,,"[""CONTENT_TYPE_TEXT""]",,,"2024-11-23 00:00:00","[""AT"",""BE"",""BG"",""CY"",""CZ"",""DE"",""DK"",""EE"",""ES"",""FI"",""FR"",""GR"",""HR"",""HU"",""IE"",""IT"",""LI"",""LT"",""LU"",""LV"",""MT"",""NL"",""NO"",""PL"",""PT"",""RO"",""SE"",""SI"",""SK""]","2024-11-23 00:00:00","The decision was taken pursuant to own-initiative investigations.",SOURCE_VOLUNTARY,,Yes,AUTOMATED_DECISION_FULLY,TikTok,7440371771859163937,"2024-11-23 07:22:35"
a9047ee9-5e0d-41ec-b429-c514bafab5e4,"[""DECISION_VISIBILITY_CONTENT_REMOVED""]",,,,,,,,,,,DECISION_GROUND_INCOMPATIBLE_CONTENT,,,,"Harassment and Bullying","We welcome the respectful expression of different viewpoints, but not toxicity or trolling. We do not allow language or behavior that harasses, humiliates, threatens, or doxes anyone. This also includes responding to such acts with retaliatory harassment (but excludes non-harassing counterspeech).We proactively enforce our Community Guidelines through a mix of technology and human moderation. We have detected this policy violation using automated measures. We have used automated measures in making this decision.",,STATEMENT_CATEGORY_ILLEGAL_OR_HARMFUL_SPEECH,,,,"[""CONTENT_TYPE_TEXT""]",,,"2024-11-23 00:00:00","[""AT"",""BE"",""BG"",""CY"",""CZ"",""DE"",""DK"",""EE"",""ES"",""FI"",""FR"",""GR"",""HR"",""HU"",""IE"",""IT"",""LI"",""LT"",""LU"",""LV"",""MT"",""NL"",""NO"",""PL"",""PT"",""RO"",""SE"",""SI"",""SK""]","2024-11-23 00:00:00","The decision was taken pursuant to own-initiative investigations.",SOURCE_VOLUNTARY,,Yes,AUTOMATED_DECISION_FULLY,TikTok,7440371776049126177,"2024-11-23 07:22:35"
cfe3bd23-c6ed-4629-9e0a-40f93d4a70d7,"[""DECISION_VISIBILITY_OTHER""]","Video not eligible for recommendation in the For You feed",,,,,,,,,,DECISION_GROUND_INCOMPATIBLE_CONTENT,,,,"Community Guidelines","We maintain content eligibility standards for the For You feed (FYF) that prioritize safety and are informed by the diversity of our community and cultural norms. We make ineligible for the FYF certain content that may not be appropriate for a broad audience related to: (1) Behavioral Health, (2) Sensitive and Mature Themes, (3) Integrity and Authenticity, and (4) Regulated Goods. Content that is ineligible for the FYF can still be discovered in other ways, such as through search tools or by following an account.We proactively enforce our Community Guidelines through a mix of technology and human moderation. We have detected this policy violation using automated measures. We have used automated measures in making this decision.",,STATEMENT_CATEGORY_SCOPE_OF_PLATFORM_SERVICE,,,,"[""CONTENT_TYPE_VIDEO""]",,,"2024-11-23 00:00:00","[""AT"",""BE"",""BG"",""CY"",""CZ"",""DE"",""DK"",""EE"",""ES"",""FI"",""FR"",""GR"",""HR"",""HU"",""IE"",""IT"",""LI"",""LT"",""LU"",""LV"",""MT"",""NL"",""NO"",""PL"",""PT"",""RO"",""SE"",""SI"",""SK""]","2024-11-23 00:00:00","The decision was taken pursuant to own-initiative investigations.",SOURCE_VOLUNTARY,,Yes,AUTOMATED_DECISION_FULLY,TikTok,7440371775864576800,"2024-11-23 07:22:35"
c59d21b1-bde4-4399-bae7-c2005cfcf7b3,"[""DECISION_VISIBILITY_OTHER""]","Photo not eligible for recommendation in the For You feed, and visibility restricted in search results",,,,,,,,,,DECISION_GROUND_INCOMPATIBLE_CONTENT,,,,"Civic and Election Integrity","We want to enable the informed exchange of civic ideas in a way that fosters productive dialogue. Your video didn’t meet our eligibility standards for the For You Feed. Please review our Community Guidelines for more information.We proactively enforce our Community Guidelines through a mix of technology and human moderation. We have detected this policy violation using automated measures. We have used automated measures in making this decision.",,STATEMENT_CATEGORY_NEGATIVE_EFFECTS_ON_CIVIC_DISCOURSE_OR_ELECTIONS,,,,"[""CONTENT_TYPE_IMAGE""]",,,"2024-11-23 00:00:00","[""AT"",""BE"",""BG"",""CY"",""CZ"",""DE"",""DK"",""EE"",""ES"",""FI"",""FR"",""GR"",""HR"",""HU"",""IE"",""IT"",""LI"",""LT"",""LU"",""LV"",""MT"",""NL"",""NO"",""PL"",""PT"",""RO"",""SE"",""SI"",""SK""]","2024-11-23 00:00:00","The decision was taken pursuant to own-initiative investigations.",SOURCE_VOLUNTARY,,Yes,AUTOMATED_DECISION_FULLY,TikTok,7440371776049142561,"2024-11-23 07:22:35"
89684883-8ec1-459f-b7e2-5bf0613e3c4d,"[""DECISION_VISIBILITY_OTHER""]","Video not eligible for recommendation in the For You feed",,,,,,,,,,DECISION_GROUND_INCOMPATIBLE_CONTENT,,,,"Community Guidelines","We maintain content eligibility standards for the For You feed (FYF) that prioritize safety and are informed by the diversity of our community and cultural norms. We make ineligible for the FYF certain content that may not be appropriate for a broad audience related to: (1) Behavioral Health, (2) Sensitive and Mature Themes, (3) Integrity and Authenticity, and (4) Regulated Goods. Content that is ineligible for the FYF can still be discovered in other ways, such as through search tools or by following an account.We proactively enforce our Community Guidelines through a mix of technology and human moderation. We have detected this policy violation using automated measures. We have used automated measures in making this decision.",,STATEMENT_CATEGORY_SCOPE_OF_PLATFORM_SERVICE,,,,"[""CONTENT_TYPE_VIDEO""]",,,"2024-11-23 00:00:00","[""AT"",""BE"",""BG"",""CY"",""CZ"",""DE"",""DK"",""EE"",""ES"",""FI"",""FR"",""GR"",""HR"",""HU"",""IE"",""IT"",""LI"",""LT"",""LU"",""LV"",""MT"",""NL"",""NO"",""PL"",""PT"",""RO"",""SE"",""SI"",""SK""]","2024-11-23 00:00:00","The decision was taken pursuant to own-initiative investigations.",SOURCE_VOLUNTARY,,Yes,AUTOMATED_DECISION_FULLY,TikTok,7440371775864593184,"2024-11-23 07:22:35"
dd55947e-3be0-4033-853c-d98519ab20f9,"[""DECISION_VISIBILITY_CONTENT_REMOVED""]",,,,,,,,,,,DECISION_GROUND_INCOMPATIBLE_CONTENT,,,,"Dangerous Activities and Challenges","Most activities or challenges are appropriate for everyone, but some carry a risk of significant injury. We do not allow showing or promoting dangerous activities and challenges. This includes dares, games, tricks, inappropriate use of dangerous tools, eating substances that are harmful to one’s health, or similar activities that may lead to significant physical harm.We proactively enforce our Community Guidelines through a mix of technology and human moderation. We have detected this policy violation using automated measures.",,STATEMENT_CATEGORY_SCOPE_OF_PLATFORM_SERVICE,,,,"[""CONTENT_TYPE_VIDEO""]",,,"2024-11-23 00:00:00","[""AT"",""BE"",""BG"",""CY"",""CZ"",""DE"",""DK"",""EE"",""ES"",""FI"",""FR"",""GR"",""HR"",""HU"",""IE"",""IT"",""LI"",""LT"",""LU"",""LV"",""MT"",""NL"",""NO"",""PL"",""PT"",""RO"",""SE"",""SI"",""SK""]","2024-11-23 00:00:00","The decision was taken pursuant to own-initiative investigations.",SOURCE_VOLUNTARY,,Yes,AUTOMATED_DECISION_NOT_AUTOMATED,TikTok,7440371775864609568,"2024-11-23 07:22:35"
603be3e1-eec4-492e-9c5b-97c486e5b942,"[""DECISION_VISIBILITY_CONTENT_REMOVED""]",,,,,,,,,,,DECISION_GROUND_INCOMPATIBLE_CONTENT,,,,"Harassment and Bullying","We welcome the respectful expression of different viewpoints, but not toxicity or trolling. We do not allow language or behavior that harasses, humiliates, threatens, or doxes anyone. This also includes responding to such acts with retaliatory harassment (but excludes non-harassing counterspeech).We proactively enforce our Community Guidelines through a mix of technology and human moderation. We have detected this policy violation using automated measures. We have used automated measures in making this decision.",,STATEMENT_CATEGORY_ILLEGAL_OR_HARMFUL_SPEECH,,,,"[""CONTENT_TYPE_TEXT""]",,,"2024-11-23 00:00:00","[""AT"",""BE"",""BG"",""CY"",""CZ"",""DE"",""DK"",""EE"",""ES"",""FI"",""FR"",""GR"",""HR"",""HU"",""IE"",""IT"",""LI"",""LT"",""LU"",""LV"",""MT"",""NL"",""NO"",""PL"",""PT"",""RO"",""SE"",""SI"",""SK""]","2024-11-23 00:00:00","The decision was taken pursuant to own-initiative investigations.",SOURCE_VOLUNTARY,,Yes,AUTOMATED_DECISION_FULLY,TikTok,7440371775864625952,"2024-11-23 07:22:35"
6265018f-b1f9-4da4-b537-ec23319188d3,"[""DECISION_VISIBILITY_OTHER""]","Video not eligible for recommendation in the For You feed",,,,,,,,,,DECISION_GROUND_INCOMPATIBLE_CONTENT,,,,"Community Guidelines","We maintain content eligibility standards for the For You feed (FYF) that prioritize safety and are informed by the diversity of our community and cultural norms. We make ineligible for the FYF certain content that may not be appropriate for a broad audience related to: (1) Behavioral Health, (2) Sensitive and Mature Themes, (3) Integrity and Authenticity, and (4) Regulated Goods. Content that is ineligible for the FYF can still be discovered in other ways, such as through search tools or by following an account.We proactively enforce our Community Guidelines through a mix of technology and human moderation. We have detected this policy violation using automated measures. We have used automated measures in making this decision.",,STATEMENT_CATEGORY_SCOPE_OF_PLATFORM_SERVICE,,,,"[""CONTENT_TYPE_VIDEO""]",,,"2024-11-23 00:00:00","[""AT"",""BE"",""BG"",""CY"",""CZ"",""DE"",""DK"",""EE"",""ES"",""FI"",""FR"",""GR"",""HR"",""HU"",""IE"",""IT"",""LI"",""LT"",""LU"",""LV"",""MT"",""NL"",""NO"",""PL"",""PT"",""RO"",""SE"",""SI"",""SK""]","2024-11-23 00:00:00","The decision was taken pursuant to own-initiative investigations.",SOURCE_VOLUNTARY,,Yes,AUTOMATED_DECISION_FULLY,TikTok,7440371776049158945,"2024-11-23 07:22:35"
dbf0dff5-c3ed-4d5c-917e-a30a46585f9e,"[""DECISION_VISIBILITY_CONTENT_REMOVED""]",,,,,,,,,,,DECISION_GROUND_INCOMPATIBLE_CONTENT,,,,"Harassment and Bullying","We welcome the respectful expression of different viewpoints, but not toxicity or trolling. We do not allow language or behavior that harasses, humiliates, threatens, or doxes anyone. This also includes responding to such acts with retaliatory harassment (but excludes non-harassing counterspeech).We proactively enforce our Community Guidelines through a mix of technology and human moderation. We have detected this policy violation using automated measures. We have used automated measures in making this decision.",,STATEMENT_CATEGORY_ILLEGAL_OR_HARMFUL_SPEECH,,,,"[""CONTENT_TYPE_TEXT""]",,,"2024-11-23 00:00:00","[""AT"",""BE"",""BG"",""CY"",""CZ"",""DE"",""DK"",""EE"",""ES"",""FI"",""FR"",""GR"",""HR"",""HU"",""IE"",""IT"",""LI"",""LT"",""LU"",""LV"",""MT"",""NL"",""NO"",""PL"",""PT"",""RO"",""SE"",""SI"",""SK""]","2024-11-23 00:00:00","The decision was taken pursuant to own-initiative investigations.",SOURCE_VOLUNTARY,,Yes,AUTOMATED_DECISION_FULLY,TikTok,7440371775864642336,"2024-11-23 07:22:35"
b3cef514-f04b-4494-83fe-4e3956d21b51,"[""DECISION_VISIBILITY_CONTENT_REMOVED""]",,,,,,,,,,,DECISION_GROUND_INCOMPATIBLE_CONTENT,,,,"Hate Speech and Hateful Behaviors","TikTok is enriched by the various backgrounds of our community members. Our differences should be respected, rather than a cause for division. We do not allow any hateful behavior, hate speech, or promotion of hateful ideologies. This includes content that attacks a person or group because of protected attributes.We proactively enforce our Community Guidelines through a mix of technology and human moderation. We have detected this policy violation using automated measures. We have used automated measures in making this decision.",,STATEMENT_CATEGORY_ILLEGAL_OR_HARMFUL_SPEECH,,,,"[""CONTENT_TYPE_TEXT""]",,,"2024-11-23 00:00:00","[""AT"",""BE"",""BG"",""CY"",""CZ"",""DE"",""DK"",""EE"",""ES"",""FI"",""FR"",""GR"",""HR"",""HU"",""IE"",""IT"",""LI"",""LT"",""LU"",""LV"",""MT"",""NL"",""NO"",""PL"",""PT"",""RO"",""SE"",""SI"",""SK""]","2024-11-23 00:00:00","The decision was taken pursuant to own-initiative investigations.",SOURCE_VOLUNTARY,,Yes,AUTOMATED_DECISION_FULLY,TikTok,7440371776049175329,"2024-11-23 07:22:35"
72696331-e073-4503-8a5d-69362aac722c,"[""DECISION_VISIBILITY_OTHER""]","Photo not eligible for recommendation in the For You feed, and visibility restricted in search results",,,,,,,,,,DECISION_GROUND_INCOMPATIBLE_CONTENT,,,,"Dangerous Activities and Challenges","Most activities or challenges are appropriate for everyone, but some may carry a risk of significant injury. Content is ineligible for the For You feed if it involves activities likely to lead to moderate physical harm or includes professionals performing extreme sports and stunts that may endanger others.We proactively enforce our Community Guidelines through a mix of technology and human moderation. We have detected this policy violation using automated measures. We have used automated measures in making this decision.",,STATEMENT_CATEGORY_SCOPE_OF_PLATFORM_SERVICE,,,,"[""CONTENT_TYPE_IMAGE""]",,,"2024-11-23 00:00:00","[""AT"",""BE"",""BG"",""CY"",""CZ"",""DE"",""DK"",""EE"",""ES"",""FI"",""FR"",""GR"",""HR"",""HU"",""IE"",""IT"",""LI"",""LT"",""LU"",""LV"",""MT"",""NL"",""NO"",""PL"",""PT"",""RO"",""SE"",""SI"",""SK""]","2024-11-23 00:00:00","The decision was taken pursuant to own-initiative investigations.",SOURCE_VOLUNTARY,,Yes,AUTOMATED_DECISION_FULLY,TikTok,7440371776049191713,"2024-11-23 07:22:35"
490c0e0d-5f1a-4b7b-bdd6-c656450d2c36,"[""DECISION_VISIBILITY_OTHER""]","Photo not eligible for recommendation in the For You feed, and visibility restricted in search results",,,,,,,,,,DECISION_GROUND_INCOMPATIBLE_CONTENT,,,,"Civic and Election Integrity","We want to enable the informed exchange of civic ideas in a way that fosters productive dialogue. Your video didn’t meet our eligibility standards for the For You Feed. Please review our Community Guidelines for more information.We proactively enforce our Community Guidelines through a mix of technology and human moderation. We have detected this policy violation using automated measures. We have used automated measures in making this decision.",,STATEMENT_CATEGORY_NEGATIVE_EFFECTS_ON_CIVIC_DISCOURSE_OR_ELECTIONS,,,,"[""CONTENT_TYPE_IMAGE""]",,,"2024-11-23 00:00:00","[""AT"",""BE"",""BG"",""CY"",""CZ"",""DE"",""DK"",""EE"",""ES"",""FI"",""FR"",""GR"",""HR"",""HU"",""IE"",""IT"",""LI"",""LT"",""LU"",""LV"",""MT"",""NL"",""NO"",""PL"",""PT"",""RO"",""SE"",""SI"",""SK""]","2024-11-23 00:00:00","The decision was taken pursuant to own-initiative investigations.",SOURCE_VOLUNTARY,,Yes,AUTOMATED_DECISION_FULLY,TikTok,7440371775864658720,"2024-11-23 07:22:35"
43d4ac07-abb0-4030-b14f-5b931bd99d91,"[""DECISION_VISIBILITY_CONTENT_REMOVED""]",,,,,,,,,,,DECISION_GROUND_INCOMPATIBLE_CONTENT,,,,"Sexual Exploitation and Gender-Based Violence","We are committed to providing a space that embraces gender equity, supports healthy relationships, and respects intimate privacy. We do not allow sexual exploitation or gender-based violence, including non-consensual sexual acts, image-based sexual abuse, sextortion, physical abuse, and sexual harassment.We proactively enforce our Community Guidelines through a mix of technology and human moderation. We have detected this policy violation using automated measures. We have used automated measures in making this decision.",,STATEMENT_CATEGORY_VIOLENCE,,,,"[""CONTENT_TYPE_TEXT""]",,,"2024-11-23 00:00:00","[""AT"",""BE"",""BG"",""CY"",""CZ"",""DE"",""DK"",""EE"",""ES"",""FI"",""FR"",""GR"",""HR"",""HU"",""IE"",""IT"",""LI"",""LT"",""LU"",""LV"",""MT"",""NL"",""NO"",""PL"",""PT"",""RO"",""SE"",""SI"",""SK""]","2024-11-23 00:00:00","The decision was taken pursuant to own-initiative investigations.",SOURCE_VOLUNTARY,,Yes,AUTOMATED_DECISION_FULLY,TikTok,7440371775864675104,"2024-11-23 07:22:35"
1f5d6cb0-5efb-4b5b-ae7b-9f729881517d,"[""DECISION_VISIBILITY_CONTENT_REMOVED""]",,,,,,,,,,,DECISION_GROUND_INCOMPATIBLE_CONTENT,,,,"Minimum Age Requirement","Users must be 13 years and older to have a TikTok account. We are deeply committed to ensuring that TikTok is a safe and positive experience for people under the age of 18. This starts by being old enough to use TikTok. If we learn someone is below the minimum age on TikTok, we will ban that account.We proactively enforce our Community Guidelines through a mix of technology and human moderation. We have detected this policy violation using automated measures. We have used automated measures in making this decision.",,STATEMENT_CATEGORY_PROTECTION_OF_MINORS,,,,"[""CONTENT_TYPE_TEXT""]",,,"2024-11-23 00:00:00","[""AT"",""BE"",""BG"",""CY"",""CZ"",""DE"",""DK"",""EE"",""ES"",""FI"",""FR"",""GR"",""HR"",""HU"",""IE"",""IT"",""LI"",""LT"",""LU"",""LV"",""MT"",""NL"",""NO"",""PL"",""PT"",""RO"",""SE"",""SI"",""SK""]","2024-11-23 00:00:00","The decision was taken pursuant to own-initiative investigations.",SOURCE_VOLUNTARY,,Yes,AUTOMATED_DECISION_FULLY,TikTok,7440371776049208097,"2024-11-23 07:22:35"
c28d194b-a06f-454a-beab-4a74a33d229e,"[""DECISION_VISIBILITY_CONTENT_REMOVED""]",,,,,,,,,,,DECISION_GROUND_INCOMPATIBLE_CONTENT,,,,"Harassment and Bullying","We welcome the respectful expression of different viewpoints, but not toxicity or trolling. We do not allow language or behavior that harasses, humiliates, threatens, or doxes anyone. This also includes responding to such acts with retaliatory harassment (but excludes non-harassing counterspeech).We proactively enforce our Community Guidelines through a mix of technology and human moderation. We have detected this policy violation using automated measures. We have used automated measures in making this decision.",,STATEMENT_CATEGORY_ILLEGAL_OR_HARMFUL_SPEECH,,,,"[""CONTENT_TYPE_TEXT""]",,,"2024-11-23 00:00:00","[""AT"",""BE"",""BG"",""CY"",""CZ"",""DE"",""DK"",""EE"",""ES"",""FI"",""FR"",""GR"",""HR"",""HU"",""IE"",""IT"",""LI"",""LT"",""LU"",""LV"",""MT"",""NL"",""NO"",""PL"",""PT"",""RO"",""SE"",""SI"",""SK""]","2024-11-23 00:00:00","The decision was taken pursuant to own-initiative investigations.",SOURCE_VOLUNTARY,,Yes,AUTOMATED_DECISION_FULLY,TikTok,7440371775864691488,"2024-11-23 07:22:35"
f79d2b30-b565-4bb7-95d2-a8018f668b57,"[""DECISION_VISIBILITY_CONTENT_AGE_RESTRICTED""]",,,,,,,,,,,DECISION_GROUND_INCOMPATIBLE_CONTENT,,,,"Sexually Suggestive Content","We are mindful that certain behaviors related to sexual arousal or suggestiveness may be offensive to some people and may put young people at risk of exploitation. Content is ineligible for the For You feed and harder to find in search if it shows sex products or intends to sexually arouse (such as intimate kissing, sexualized posing, and seductive performances or allusions to sexual activity by adults). We proactively enforce our Community Guidelines through a mix of technology and human moderation. We have detected this policy violation using automated measures.",,STATEMENT_CATEGORY_SCOPE_OF_PLATFORM_SERVICE,,,,"[""CONTENT_TYPE_VIDEO""]",,,"2024-11-23 00:00:00","[""AT"",""BE"",""BG"",""CY"",""CZ"",""DE"",""DK"",""EE"",""ES"",""FI"",""FR"",""GR"",""HR"",""HU"",""IE"",""IT"",""LI"",""LT"",""LU"",""LV"",""MT"",""NL"",""NO"",""PL"",""PT"",""RO"",""SE"",""SI"",""SK""]","2024-11-23 00:00:00","The decision was taken pursuant to own-initiative investigations.",SOURCE_VOLUNTARY,,Yes,AUTOMATED_DECISION_NOT_AUTOMATED,TikTok,7440371775864707872,"2024-11-23 07:22:35"
1be0568a-0bbb-40fe-89d4-a790569edc05,"[""DECISION_VISIBILITY_OTHER""]","Photo not eligible for recommendation in the For You feed",,,,,,,,,,DECISION_GROUND_INCOMPATIBLE_CONTENT,,,,"Community Guidelines","Your content is against our Community Guidelines. The guidelines include rules and standards for using TikTok that apply to everyone and everything on our platform.",,STATEMENT_CATEGORY_NEGATIVE_EFFECTS_ON_CIVIC_DISCOURSE_OR_ELECTIONS,,,,"[""CONTENT_TYPE_IMAGE""]",,,"2024-11-23 00:00:00","[""AT"",""BE"",""BG"",""CY"",""CZ"",""DE"",""DK"",""EE"",""ES"",""FI"",""FR"",""GR"",""HR"",""HU"",""IE"",""IT"",""LI"",""LT"",""LU"",""LV"",""MT"",""NL"",""NO"",""PL"",""PT"",""RO"",""SE"",""SI"",""SK""]","2024-11-23 00:00:00","The decision was taken pursuant to own-initiative investigations.",SOURCE_VOLUNTARY,,Yes,AUTOMATED_DECISION_FULLY,TikTok,7440371775864724256,"2024-11-23 07:22:35"
0ba6271c-038d-4493-b6a5-fcca657f37e1,"[""DECISION_VISIBILITY_CONTENT_REMOVED""]",,,,,,,,,,,DECISION_GROUND_INCOMPATIBLE_CONTENT,,,,"Harassment and Bullying","We welcome the respectful expression of different viewpoints, but not toxicity or trolling. We do not allow language or behavior that harasses, humiliates, threatens, or doxes anyone. This also includes responding to such acts with retaliatory harassment (but excludes non-harassing counterspeech).We proactively enforce our Community Guidelines through a mix of technology and human moderation. We have detected this policy violation using automated measures. We have used automated measures in making this decision.",,STATEMENT_CATEGORY_ILLEGAL_OR_HARMFUL_SPEECH,,,,"[""CONTENT_TYPE_TEXT""]",,,"2024-11-23 00:00:00","[""AT"",""BE"",""BG"",""CY"",""CZ"",""DE"",""DK"",""EE"",""ES"",""FI"",""FR"",""GR"",""HR"",""HU"",""IE"",""IT"",""LI"",""LT"",""LU"",""LV"",""MT"",""NL"",""NO"",""PL"",""PT"",""RO"",""SE"",""SI"",""SK""]","2024-11-23 00:00:00","The decision was taken pursuant to own-initiative investigations.",SOURCE_VOLUNTARY,,Yes,AUTOMATED_DECISION_FULLY,TikTok,7440371776049224481,"2024-11-23 07:22:35"
64b75da9-5be2-49f9-8d98-7f4b751bd1d5,"[""DECISION_VISIBILITY_CONTENT_REMOVED""]",,,,,,,,,,,DECISION_GROUND_INCOMPATIBLE_CONTENT,,,,"Sexual Activity and Services","TikTok is a place where people can come to discuss or learn about sexuality, sex or reproductive health. We are mindful that certain content involving sexuality, sex or reproductive health may not be appropriate for young people, be considered offensive by some, or create the potential for exploitation. We do not allow sexual activity or services, including sex, sexual arousal, fetish and kink behavior, and seeking or offering sexual services.We proactively enforce our Community Guidelines through a mix of technology and human moderation. We have detected this policy violation using automated measures. We have used automated measures in making this decision.",,STATEMENT_CATEGORY_PORNOGRAPHY_OR_SEXUALIZED_CONTENT,,,,"[""CONTENT_TYPE_TEXT""]",,,"2024-11-23 00:00:00","[""AT"",""BE"",""BG"",""CY"",""CZ"",""DE"",""DK"",""EE"",""ES"",""FI"",""FR"",""GR"",""HR"",""HU"",""IE"",""IT"",""LI"",""LT"",""LU"",""LV"",""MT"",""NL"",""NO"",""PL"",""PT"",""RO"",""SE"",""SI"",""SK""]","2024-11-23 00:00:00","The decision was taken pursuant to own-initiative investigations.",SOURCE_VOLUNTARY,,Yes,AUTOMATED_DECISION_FULLY,TikTok,7440371779907885857,"2024-11-23 07:22:35"
099391e7-5957-4acf-a947-a1a23f335ade,"[""DECISION_VISIBILITY_CONTENT_REMOVED""]",,,,,,,,,,,DECISION_GROUND_INCOMPATIBLE_CONTENT,,,,"Harassment and Bullying","We welcome the respectful expression of different viewpoints, but not toxicity or trolling. We do not allow language or behavior that harasses, humiliates, threatens, or doxes anyone. This also includes responding to such acts with retaliatory harassment (but excludes non-harassing counterspeech).We proactively enforce our Community Guidelines through a mix of technology and human moderation. We have detected this policy violation using automated measures. We have used automated measures in making this decision.",,STATEMENT_CATEGORY_ILLEGAL_OR_HARMFUL_SPEECH,,,,"[""CONTENT_TYPE_TEXT""]",,,"2024-11-23 00:00:00","[""AT"",""BE"",""BG"",""CY"",""CZ"",""DE"",""DK"",""EE"",""ES"",""FI"",""FR"",""GR"",""HR"",""HU"",""IE"",""IT"",""LI"",""LT"",""LU"",""LV"",""MT"",""NL"",""NO"",""PL"",""PT"",""RO"",""SE"",""SI"",""SK""]","2024-11-23 00:00:00","The decision was taken pursuant to own-initiative investigations.",SOURCE_VOLUNTARY,,Yes,AUTOMATED_DECISION_FULLY,TikTok,7440371779907902241,"2024-11-23 07:22:35"
cdaf9524-df0e-44a0-b712-9f9ad33df34b,"[""DECISION_VISIBILITY_OTHER""]","Video not eligible for recommendation in the For You feed",,,,,,,,,,DECISION_GROUND_INCOMPATIBLE_CONTENT,,,,"Nudity and Body Exposure","We celebrate all shapes and sizes and want people to feel comfortable in how they present themselves and their bodies. Content is ineligible for the For You feed and harder to find in search if it shows moderate body exposure of a young person, or significant body exposure of an adult. We allow regional exceptions for body exposure in limited situations, such as common cultural practices.We proactively enforce our Community Guidelines through a mix of technology and human moderation. We have detected this policy violation using automated measures. We have used automated measures in making this decision.",,STATEMENT_CATEGORY_SCOPE_OF_PLATFORM_SERVICE,,,,"[""CONTENT_TYPE_VIDEO""]",,,"2024-11-23 00:00:00","[""AT"",""BE"",""BG"",""CY"",""CZ"",""DE"",""DK"",""EE"",""ES"",""FI"",""FR"",""GR"",""HR"",""HU"",""IE"",""IT"",""LI"",""LT"",""LU"",""LV"",""MT"",""NL"",""NO"",""PL"",""PT"",""RO"",""SE"",""SI"",""SK""]","2024-11-23 00:00:00","The decision was taken pursuant to own-initiative investigations.",SOURCE_VOLUNTARY,,Yes,AUTOMATED_DECISION_FULLY,TikTok,7440371776049240865,"2024-11-23 07:22:35"
107b81e4-cefc-4241-8082-3cf74ad71a9b,"[""DECISION_VISIBILITY_CONTENT_REMOVED""]",,,,,,,,,,,DECISION_GROUND_INCOMPATIBLE_CONTENT,,,,"Harassment and Bullying","We welcome the respectful expression of different viewpoints, but not toxicity or trolling. We do not allow language or behavior that harasses, humiliates, threatens, or doxes anyone. This also includes responding to such acts with retaliatory harassment (but excludes non-harassing counterspeech).We proactively enforce our Community Guidelines through a mix of technology and human moderation. We have detected this policy violation using automated measures. We have used automated measures in making this decision.",,STATEMENT_CATEGORY_ILLEGAL_OR_HARMFUL_SPEECH,,,,"[""CONTENT_TYPE_TEXT""]",,,"2024-11-23 00:00:00","[""AT"",""BE"",""BG"",""CY"",""CZ"",""DE"",""DK"",""EE"",""ES"",""FI"",""FR"",""GR"",""HR"",""HU"",""IE"",""IT"",""LI"",""LT"",""LU"",""LV"",""MT"",""NL"",""NO"",""PL"",""PT"",""RO"",""SE"",""SI"",""SK""]","2024-11-23 00:00:00","The decision was taken pursuant to own-initiative investigations.",SOURCE_VOLUNTARY,,Yes,AUTOMATED_DECISION_FULLY,TikTok,7440371776049257249,"2024-11-23 07:22:35"
e75a1e83-1198-4021-b513-45a50f415d0f,"[""DECISION_VISIBILITY_CONTENT_REMOVED""]",,,,,,,,,,,DECISION_GROUND_INCOMPATIBLE_CONTENT,,,,"Harassment and Bullying","We welcome the respectful expression of different viewpoints, but not toxicity or trolling. We do not allow language or behavior that harasses, humiliates, threatens, or doxes anyone. This also includes responding to such acts with retaliatory harassment (but excludes non-harassing counterspeech).We proactively enforce our Community Guidelines through a mix of technology and human moderation. We have detected this policy violation using automated measures. We have used automated measures in making this decision.",,STATEMENT_CATEGORY_ILLEGAL_OR_HARMFUL_SPEECH,,,,"[""CONTENT_TYPE_TEXT""]",,,"2024-11-23 00:00:00","[""AT"",""BE"",""BG"",""CY"",""CZ"",""DE"",""DK"",""EE"",""ES"",""FI"",""FR"",""GR"",""HR"",""HU"",""IE"",""IT"",""LI"",""LT"",""LU"",""LV"",""MT"",""NL"",""NO"",""PL"",""PT"",""RO"",""SE"",""SI"",""SK""]","2024-11-23 00:00:00","The decision was taken pursuant to own-initiative investigations.",SOURCE_VOLUNTARY,,Yes,AUTOMATED_DECISION_FULLY,TikTok,7440371776049273633,"2024-11-23 07:22:35"
e6012843-2eac-413d-bba7-9d96f00b1786,"[""DECISION_VISIBILITY_CONTENT_REMOVED""]",,,,,,,,,,,DECISION_GROUND_INCOMPATIBLE_CONTENT,,,,"Civic and Election Integrity","Elections are important moments of community conversation and promote the values of an open society. We do not allow misinformation about civic and electoral processes, regardless of intent. This includes misinformation about how to vote, registering to vote, eligibility requirements of  candidates, the processes to count ballots and certify elections, and the final outcome of an election.We proactively enforce our Community Guidelines through a mix of technology and human moderation. We have detected this policy violation using automated measures. We have used automated measures in making this decision.",,STATEMENT_CATEGORY_NEGATIVE_EFFECTS_ON_CIVIC_DISCOURSE_OR_ELECTIONS,,,,"[""CONTENT_TYPE_IMAGE""]",,,"2024-11-23 00:00:00","[""AT"",""BE"",""BG"",""CY"",""CZ"",""DE"",""DK"",""EE"",""ES"",""FI"",""FR"",""GR"",""HR"",""HU"",""IE"",""IT"",""LI"",""LT"",""LU"",""LV"",""MT"",""NL"",""NO"",""PL"",""PT"",""RO"",""SE"",""SI"",""SK""]","2024-11-23 00:00:00","The decision was taken pursuant to own-initiative investigations.",SOURCE_VOLUNTARY,,Yes,AUTOMATED_DECISION_FULLY,TikTok,7440371779907918625,"2024-11-23 07:22:35"
d2d6e9c4-6eb4-440d-bd34-021122ec4fb6,"[""DECISION_VISIBILITY_CONTENT_REMOVED""]",,,,,,,,,,,DECISION_GROUND_INCOMPATIBLE_CONTENT,,,,"Nudity and Body Exposure","We celebrate all shapes and sizes and want people to feel comfortable in how they present themselves and their bodies. We do not allow nudity, including uncovered genitals and buttocks, as well as nipples and areolas of women and girls. Sheer and partially see-through clothing is not considered covered.We proactively enforce our Community Guidelines through a mix of technology and human moderation. We have detected this policy violation using automated measures.",,STATEMENT_CATEGORY_SCOPE_OF_PLATFORM_SERVICE,,,,"[""CONTENT_TYPE_VIDEO""]",,,"2024-11-22 00:00:00","[""AT"",""BE"",""BG"",""CY"",""CZ"",""DE"",""DK"",""EE"",""ES"",""FI"",""FR"",""GR"",""HR"",""HU"",""IE"",""IT"",""LI"",""LT"",""LU"",""LV"",""MT"",""NL"",""NO"",""PL"",""PT"",""RO"",""SE"",""SI"",""SK""]","2024-11-23 00:00:00","The decision was taken pursuant to own-initiative investigations.",SOURCE_VOLUNTARY,,Yes,AUTOMATED_DECISION_NOT_AUTOMATED,TikTok,7440371780448951072,"2024-11-23 07:22:35"
52490cb2-6bf4-43c1-98b6-8a0901422e85,"[""DECISION_VISIBILITY_CONTENT_REMOVED""]",,,,,,,,,,,DECISION_GROUND_INCOMPATIBLE_CONTENT,,,,"Dangerous Activities and Challenges","Most activities or challenges are appropriate for everyone, but some carry a risk of significant injury. We do not allow showing or promoting dangerous activities and challenges. This includes dares, games, tricks, inappropriate use of dangerous tools, eating substances that are harmful to one’s health, or similar activities that may lead to significant physical harm.We proactively enforce our Community Guidelines through a mix of technology and human moderation. We have detected this policy violation using automated measures. We have used automated measures in making this decision.",,STATEMENT_CATEGORY_SCOPE_OF_PLATFORM_SERVICE,,,,"[""CONTENT_TYPE_VIDEO""]",,,"2024-11-23 00:00:00","[""AT"",""BE"",""BG"",""CY"",""CZ"",""DE"",""DK"",""EE"",""ES"",""FI"",""FR"",""GR"",""HR"",""HU"",""IE"",""IT"",""LI"",""LT"",""LU"",""LV"",""MT"",""NL"",""NO"",""PL"",""PT"",""RO"",""SE"",""SI"",""SK""]","2024-11-23 00:00:00","The decision was taken pursuant to own-initiative investigations.",SOURCE_VOLUNTARY,,Yes,AUTOMATED_DECISION_FULLY,TikTok,7440371779907935009,"2024-11-23 07:22:35"
ecfc1231-e3ce-49e4-b13f-c161958cb562,"[""DECISION_VISIBILITY_CONTENT_REMOVED""]",,,,,,,,,,,DECISION_GROUND_INCOMPATIBLE_CONTENT,,,,"Harassment and Bullying","We welcome the respectful expression of different viewpoints, but not toxicity or trolling. We do not allow language or behavior that harasses, humiliates, threatens, or doxes anyone. This also includes responding to such acts with retaliatory harassment (but excludes non-harassing counterspeech).We proactively enforce our Community Guidelines through a mix of technology and human moderation. We have detected this policy violation using automated measures. We have used automated measures in making this decision.",,STATEMENT_CATEGORY_ILLEGAL_OR_HARMFUL_SPEECH,,,,"[""CONTENT_TYPE_TEXT""]",,,"2024-11-23 00:00:00","[""AT"",""BE"",""BG"",""CY"",""CZ"",""DE"",""DK"",""EE"",""ES"",""FI"",""FR"",""GR"",""HR"",""HU"",""IE"",""IT"",""LI"",""LT"",""LU"",""LV"",""MT"",""NL"",""NO"",""PL"",""PT"",""RO"",""SE"",""SI"",""SK""]","2024-11-23 00:00:00","The decision was taken pursuant to own-initiative investigations.",SOURCE_VOLUNTARY,,Yes,AUTOMATED_DECISION_FULLY,TikTok,7440371779908033313,"2024-11-23 07:22:37"
ad48537a-dc3c-4c26-9e3a-0bc6ce80e5bb,"[""DECISION_VISIBILITY_CONTENT_REMOVED""]",,,,,,,,,,,DECISION_GROUND_INCOMPATIBLE_CONTENT,,,,"Sexual Exploitation and Gender-Based Violence","We are committed to providing a space that embraces gender equity, supports healthy relationships, and respects intimate privacy. We do not allow sexual exploitation or gender-based violence, including non-consensual sexual acts, image-based sexual abuse, sextortion, physical abuse, and sexual harassment.We proactively enforce our Community Guidelines through a mix of technology and human moderation. We have detected this policy violation using automated measures. We have used automated measures in making this decision.",,STATEMENT_CATEGORY_VIOLENCE,,,,"[""CONTENT_TYPE_TEXT""]",,,"2024-11-23 00:00:00","[""AT"",""BE"",""BG"",""CY"",""CZ"",""DE"",""DK"",""EE"",""ES"",""FI"",""FR"",""GR"",""HR"",""HU"",""IE"",""IT"",""LI"",""LT"",""LU"",""LV"",""MT"",""NL"",""NO"",""PL"",""PT"",""RO"",""SE"",""SI"",""SK""]","2024-11-23 00:00:00","The decision was taken pursuant to own-initiative investigations.",SOURCE_VOLUNTARY,,Yes,AUTOMATED_DECISION_FULLY,TikTok,7440371780449065760,"2024-11-23 07:22:37"
1a87d8ac-eb5f-4a24-bc17-095f270a3f12,"[""DECISION_VISIBILITY_OTHER""]","Photo not eligible for recommendation in the For You feed",,,,,,,,,,DECISION_GROUND_INCOMPATIBLE_CONTENT,,,,"Community Guidelines","Your content is against our Community Guidelines. The guidelines include rules and standards for using TikTok that apply to everyone and everything on our platform.",,STATEMENT_CATEGORY_NEGATIVE_EFFECTS_ON_CIVIC_DISCOURSE_OR_ELECTIONS,,,,"[""CONTENT_TYPE_IMAGE""]",,,"2024-11-23 00:00:00","[""AT"",""BE"",""BG"",""CY"",""CZ"",""DE"",""DK"",""EE"",""ES"",""FI"",""FR"",""GR"",""HR"",""HU"",""IE"",""IT"",""LI"",""LT"",""LU"",""LV"",""MT"",""NL"",""NO"",""PL"",""PT"",""RO"",""SE"",""SI"",""SK""]","2024-11-23 00:00:00","The decision was taken pursuant to own-initiative investigations.",SOURCE_VOLUNTARY,,Yes,AUTOMATED_DECISION_FULLY,TikTok,7440371780449082144,"2024-11-23 07:22:37"
471349ca-ac73-424f-9c3d-a01a21c98c2e,"[""DECISION_VISIBILITY_CONTENT_REMOVED""]",,,,,,,,,,,DECISION_GROUND_INCOMPATIBLE_CONTENT,,,,"Harassment and Bullying","We welcome the respectful expression of different viewpoints, but not toxicity or trolling. We do not allow language or behavior that harasses, humiliates, threatens, or doxes anyone. This also includes responding to such acts with retaliatory harassment (but excludes non-harassing counterspeech).We proactively enforce our Community Guidelines through a mix of technology and human moderation. We have detected this policy violation using automated measures. We have used automated measures in making this decision.",,STATEMENT_CATEGORY_ILLEGAL_OR_HARMFUL_SPEECH,,,,"[""CONTENT_TYPE_TEXT""]",,,"2024-11-23 00:00:00","[""AT"",""BE"",""BG"",""CY"",""CZ"",""DE"",""DK"",""EE"",""ES"",""FI"",""FR"",""GR"",""HR"",""HU"",""IE"",""IT"",""LI"",""LT"",""LU"",""LV"",""MT"",""NL"",""NO"",""PL"",""PT"",""RO"",""SE"",""SI"",""SK""]","2024-11-23 00:00:00","The decision was taken pursuant to own-initiative investigations.",SOURCE_VOLUNTARY,,Yes,AUTOMATED_DECISION_FULLY,TikTok,7440371785041713953,"2024-11-23 07:22:37"
01926bcb-2286-4e68-8cb5-d376775ebb9e,"[""DECISION_VISIBILITY_CONTENT_REMOVED""]",,,,,,,,,,,DECISION_GROUND_INCOMPATIBLE_CONTENT,,,,"Harassment and Bullying","We welcome the respectful expression of different viewpoints, but not toxicity or trolling. We do not allow language or behavior that harasses, humiliates, threatens, or doxes anyone. This also includes responding to such acts with retaliatory harassment (but excludes non-harassing counterspeech).We proactively enforce our Community Guidelines through a mix of technology and human moderation. We have detected this policy violation using automated measures. We have used automated measures in making this decision.",,STATEMENT_CATEGORY_ILLEGAL_OR_HARMFUL_SPEECH,,,,"[""CONTENT_TYPE_TEXT""]",,,"2024-11-23 00:00:00","[""AT"",""BE"",""BG"",""CY"",""CZ"",""DE"",""DK"",""EE"",""ES"",""FI"",""FR"",""GR"",""HR"",""HU"",""IE"",""IT"",""LI"",""LT"",""LU"",""LV"",""MT"",""NL"",""NO"",""PL"",""PT"",""RO"",""SE"",""SI"",""SK""]","2024-11-23 00:00:00","The decision was taken pursuant to own-initiative investigations.",SOURCE_VOLUNTARY,,Yes,AUTOMATED_DECISION_FULLY,TikTok,7440371780449098528,"2024-11-23 07:22:37"
fd27c683-e0c7-43a0-8d58-7121badde3b4,"[""DECISION_VISIBILITY_CONTENT_REMOVED""]",,,,,,,,,,,DECISION_GROUND_INCOMPATIBLE_CONTENT,,,,"Harassment and Bullying","We welcome the respectful expression of different viewpoints, but not toxicity or trolling. We do not allow language or behavior that harasses, humiliates, threatens, or doxes anyone. This also includes responding to such acts with retaliatory harassment (but excludes non-harassing counterspeech).We proactively enforce our Community Guidelines through a mix of technology and human moderation. We have detected this policy violation using automated measures. We have used automated measures in making this decision.",,STATEMENT_CATEGORY_ILLEGAL_OR_HARMFUL_SPEECH,,,,"[""CONTENT_TYPE_TEXT""]",,,"2024-11-23 00:00:00","[""AT"",""BE"",""BG"",""CY"",""CZ"",""DE"",""DK"",""EE"",""ES"",""FI"",""FR"",""GR"",""HR"",""HU"",""IE"",""IT"",""LI"",""LT"",""LU"",""LV"",""MT"",""NL"",""NO"",""PL"",""PT"",""RO"",""SE"",""SI"",""SK""]","2024-11-23 00:00:00","The decision was taken pursuant to own-initiative investigations.",SOURCE_VOLUNTARY,,Yes,AUTOMATED_DECISION_FULLY,TikTok,7440371784743918368,"2024-11-23 07:22:37"
b3b01857-21dc-4917-9e2c-41d483dc554a,"[""DECISION_VISIBILITY_CONTENT_REMOVED""]",,,,,,,,,,,DECISION_GROUND_INCOMPATIBLE_CONTENT,,,,"Harassment and Bullying","We welcome the respectful expression of different viewpoints, but not toxicity or trolling. We do not allow language or behavior that harasses, humiliates, threatens, or doxes anyone. This also includes responding to such acts with retaliatory harassment (but excludes non-harassing counterspeech).We proactively enforce our Community Guidelines through a mix of technology and human moderation. We have detected this policy violation using automated measures. We have used automated measures in making this decision.",,STATEMENT_CATEGORY_ILLEGAL_OR_HARMFUL_SPEECH,,,,"[""CONTENT_TYPE_TEXT""]",,,"2024-11-23 00:00:00","[""AT"",""BE"",""BG"",""CY"",""CZ"",""DE"",""DK"",""EE"",""ES"",""FI"",""FR"",""GR"",""HR"",""HU"",""IE"",""IT"",""LI"",""LT"",""LU"",""LV"",""MT"",""NL"",""NO"",""PL"",""PT"",""RO"",""SE"",""SI"",""SK""]","2024-11-23 00:00:00","The decision was taken pursuant to own-initiative investigations.",SOURCE_VOLUNTARY,,Yes,AUTOMATED_DECISION_FULLY,TikTok,7440371785041730337,"2024-11-23 07:22:37"
5fa8bd42-1a3e-4ccc-a363-2f2f6ed655d9,"[""DECISION_VISIBILITY_CONTENT_REMOVED""]",,,,,,,,,,,DECISION_GROUND_INCOMPATIBLE_CONTENT,,,,"Harassment and Bullying","We welcome the respectful expression of different viewpoints but not toxicity or trolling. We do not allow language or behavior that harasses, humiliates, threatens, or doxxes anyone. This also includes responding to such acts with retaliatory harassment (but excludes non-harassing counter speech).Users and 3rd-parties can report policy violations to us. We have detected this policy violation based on a report that the content violated our Community Guidelines.",,STATEMENT_CATEGORY_ILLEGAL_OR_HARMFUL_SPEECH,,,,"[""CONTENT_TYPE_VIDEO""]",,,"2024-11-10 00:00:00","[""AT"",""BE"",""BG"",""CY"",""CZ"",""DE"",""DK"",""EE"",""ES"",""FI"",""FR"",""GR"",""HR"",""HU"",""IE"",""IT"",""LI"",""LT"",""LU"",""LV"",""MT"",""NL"",""NO"",""PL"",""PT"",""RO"",""SE"",""SI"",""SK""]","2024-11-23 00:00:00","The decision was taken in response to a report alleging a violation of our Community Guidelines.",SOURCE_VOLUNTARY,,No,AUTOMATED_DECISION_NOT_AUTOMATED,TikTok,7440371785041746721,"2024-11-23 07:22:37"
19c0f1d8-88e1-4840-ba85-eb68c0301ecb,"[""DECISION_VISIBILITY_CONTENT_REMOVED""]",,,,,,,,,,,DECISION_GROUND_INCOMPATIBLE_CONTENT,,,,"Harassment and Bullying","We welcome the respectful expression of different viewpoints, but not toxicity or trolling. We do not allow language or behavior that harasses, humiliates, threatens, or doxes anyone. This also includes responding to such acts with retaliatory harassment (but excludes non-harassing counterspeech).We proactively enforce our Community Guidelines through a mix of technology and human moderation. We have detected this policy violation using automated measures. We have used automated measures in making this decision.",,STATEMENT_CATEGORY_ILLEGAL_OR_HARMFUL_SPEECH,,,,"[""CONTENT_TYPE_TEXT""]",,,"2024-11-23 00:00:00","[""AT"",""BE"",""BG"",""CY"",""CZ"",""DE"",""DK"",""EE"",""ES"",""FI"",""FR"",""GR"",""HR"",""HU"",""IE"",""IT"",""LI"",""LT"",""LU"",""LV"",""MT"",""NL"",""NO"",""PL"",""PT"",""RO"",""SE"",""SI"",""SK""]","2024-11-23 00:00:00","The decision was taken pursuant to own-initiative investigations.",SOURCE_VOLUNTARY,,Yes,AUTOMATED_DECISION_FULLY,TikTok,7440371784743934752,"2024-11-23 07:22:37"
e0253c64-8b1b-4b85-8072-b5ac82f1b11b,"[""DECISION_VISIBILITY_CONTENT_REMOVED""]",,,,,,,,,,,DECISION_GROUND_INCOMPATIBLE_CONTENT,,,,"Dangerous Activities and Challenges","Most activities or challenges are appropriate for everyone, but some carry a risk of significant injury. We do not allow showing or promoting dangerous activities and challenges. This includes dares, games, tricks, inappropriate use of dangerous tools, eating substances that are harmful to one’s health, or similar activities that may lead to significant physical harm.We proactively enforce our Community Guidelines through a mix of technology and human moderation. We have detected this policy violation using automated measures. We have used automated measures in making this decision.",,STATEMENT_CATEGORY_SCOPE_OF_PLATFORM_SERVICE,,,,"[""CONTENT_TYPE_VIDEO""]",,,"2024-11-23 00:00:00","[""AT"",""BE"",""BG"",""CY"",""CZ"",""DE"",""DK"",""EE"",""ES"",""FI"",""FR"",""GR"",""HR"",""HU"",""IE"",""IT"",""LI"",""LT"",""LU"",""LV"",""MT"",""NL"",""NO"",""PL"",""PT"",""RO"",""SE"",""SI"",""SK""]","2024-11-23 00:00:00","The decision was taken pursuant to own-initiative investigations.",SOURCE_VOLUNTARY,,Yes,AUTOMATED_DECISION_FULLY,TikTok,7440371784743951136,"2024-11-23 07:22:37"
27a41257-ac9d-42ff-95b5-7ea88441c8f0,"[""DECISION_VISIBILITY_CONTENT_REMOVED""]",,,,,,,,,,,DECISION_GROUND_INCOMPATIBLE_CONTENT,,,,"Harassment and Bullying","We welcome the respectful expression of different viewpoints, but not toxicity or trolling. We do not allow language or behavior that harasses, humiliates, threatens, or doxes anyone. This also includes responding to such acts with retaliatory harassment (but excludes non-harassing counterspeech).We proactively enforce our Community Guidelines through a mix of technology and human moderation. We have detected this policy violation using automated measures. We have used automated measures in making this decision.",,STATEMENT_CATEGORY_ILLEGAL_OR_HARMFUL_SPEECH,,,,"[""CONTENT_TYPE_TEXT""]",,,"2024-11-23 00:00:00","[""AT"",""BE"",""BG"",""CY"",""CZ"",""DE"",""DK"",""EE"",""ES"",""FI"",""FR"",""GR"",""HR"",""HU"",""IE"",""IT"",""LI"",""LT"",""LU"",""LV"",""MT"",""NL"",""NO"",""PL"",""PT"",""RO"",""SE"",""SI"",""SK""]","2024-11-23 00:00:00","The decision was taken pursuant to own-initiative investigations.",SOURCE_VOLUNTARY,,Yes,AUTOMATED_DECISION_FULLY,TikTok,7440371784743967520,"2024-11-23 07:22:37"
ea6b7bfc-1754-4a10-89cb-62e249631ef3,"[""DECISION_VISIBILITY_CONTENT_REMOVED""]",,,,,,,,,,,DECISION_GROUND_INCOMPATIBLE_CONTENT,,,,"Harassment and Bullying","We welcome the respectful expression of different viewpoints, but not toxicity or trolling. We do not allow language or behavior that harasses, humiliates, threatens, or doxes anyone. This also includes responding to such acts with retaliatory harassment (but excludes non-harassing counterspeech).We proactively enforce our Community Guidelines through a mix of technology and human moderation. We have detected this policy violation using automated measures. We have used automated measures in making this decision.",,STATEMENT_CATEGORY_ILLEGAL_OR_HARMFUL_SPEECH,,,,"[""CONTENT_TYPE_TEXT""]",,,"2024-11-23 00:00:00","[""AT"",""BE"",""BG"",""CY"",""CZ"",""DE"",""DK"",""EE"",""ES"",""FI"",""FR"",""GR"",""HR"",""HU"",""IE"",""IT"",""LI"",""LT"",""LU"",""LV"",""MT"",""NL"",""NO"",""PL"",""PT"",""RO"",""SE"",""SI"",""SK""]","2024-11-23 00:00:00","The decision was taken pursuant to own-initiative investigations.",SOURCE_VOLUNTARY,,Yes,AUTOMATED_DECISION_FULLY,TikTok,7440371785041763105,"2024-11-23 07:22:37"
ce802b2b-e539-4820-b69d-5f0c85a5024a,"[""DECISION_VISIBILITY_CONTENT_REMOVED""]",,,,,,,,,,,DECISION_GROUND_INCOMPATIBLE_CONTENT,,,,"Harassment and Bullying","We welcome the respectful expression of different viewpoints, but not toxicity or trolling. We do not allow language or behavior that harasses, humiliates, threatens, or doxes anyone. This also includes responding to such acts with retaliatory harassment (but excludes non-harassing counterspeech).We proactively enforce our Community Guidelines through a mix of technology and human moderation. We have detected this policy violation using automated measures. We have used automated measures in making this decision.",,STATEMENT_CATEGORY_ILLEGAL_OR_HARMFUL_SPEECH,,,,"[""CONTENT_TYPE_TEXT""]",,,"2024-11-23 00:00:00","[""AT"",""BE"",""BG"",""CY"",""CZ"",""DE"",""DK"",""EE"",""ES"",""FI"",""FR"",""GR"",""HR"",""HU"",""IE"",""IT"",""LI"",""LT"",""LU"",""LV"",""MT"",""NL"",""NO"",""PL"",""PT"",""RO"",""SE"",""SI"",""SK""]","2024-11-23 00:00:00","The decision was taken pursuant to own-initiative investigations.",SOURCE_VOLUNTARY,,Yes,AUTOMATED_DECISION_FULLY,TikTok,7440371785041779489,"2024-11-23 07:22:37"
c86283da-4cc0-4202-8829-e7bc60d93b45,"[""DECISION_VISIBILITY_CONTENT_REMOVED""]",,,,,,,,,,,DECISION_GROUND_INCOMPATIBLE_CONTENT,,,,"Hate Speech and Hateful Behaviors","TikTok is enriched by the various backgrounds of our community members. Our differences should be respected, rather than a cause for division. We do not allow any hateful behavior, hate speech, or promotion of hateful ideologies. This includes content that attacks a person or group because of protected attributes.We proactively enforce our Community Guidelines through a mix of technology and human moderation. We have detected this policy violation using automated measures. We have used automated measures in making this decision.",,STATEMENT_CATEGORY_ILLEGAL_OR_HARMFUL_SPEECH,,,,"[""CONTENT_TYPE_TEXT""]",,,"2024-11-23 00:00:00","[""AT"",""BE"",""BG"",""CY"",""CZ"",""DE"",""DK"",""EE"",""ES"",""FI"",""FR"",""GR"",""HR"",""HU"",""IE"",""IT"",""LI"",""LT"",""LU"",""LV"",""MT"",""NL"",""NO"",""PL"",""PT"",""RO"",""SE"",""SI"",""SK""]","2024-11-23 00:00:00","The decision was taken pursuant to own-initiative investigations.",SOURCE_VOLUNTARY,,Yes,AUTOMATED_DECISION_FULLY,TikTok,7440371785041795873,"2024-11-23 07:22:37"
39874764-31eb-4ec3-935b-96356a9ba32d,"[""DECISION_VISIBILITY_OTHER""]","Video not eligible for recommendation in the For You feed",,,,,,,,,,DECISION_GROUND_INCOMPATIBLE_CONTENT,,,,"Community Guidelines","We maintain content eligibility standards for the For You feed (FYF) that prioritize safety and are informed by the diversity of our community and cultural norms. We make ineligible for the FYF certain content that may not be appropriate for a broad audience related to: (1) Behavioral Health, (2) Sensitive and Mature Themes, (3) Integrity and Authenticity, and (4) Regulated Goods. Content that is ineligible for the FYF can still be discovered in other ways, such as through search tools or by following an account.We proactively enforce our Community Guidelines through a mix of technology and human moderation. We have detected this policy violation using automated measures. We have used automated measures in making this decision.",,STATEMENT_CATEGORY_SCOPE_OF_PLATFORM_SERVICE,,,,"[""CONTENT_TYPE_VIDEO""]",,,"2024-11-23 00:00:00","[""AT"",""BE"",""BG"",""CY"",""CZ"",""DE"",""DK"",""EE"",""ES"",""FI"",""FR"",""GR"",""HR"",""HU"",""IE"",""IT"",""LI"",""LT"",""LU"",""LV"",""MT"",""NL"",""NO"",""PL"",""PT"",""RO"",""SE"",""SI"",""SK""]","2024-11-23 00:00:00","The decision was taken pursuant to own-initiative investigations.",SOURCE_VOLUNTARY,,Yes,AUTOMATED_DECISION_FULLY,TikTok,7440371785041812257,"2024-11-23 07:22:37"
ae34c941-435f-4667-9588-5f74fa376aa8,"[""DECISION_VISIBILITY_OTHER""]","Video not eligible for recommendation in the For You feed",,,,,,,,,,DECISION_GROUND_INCOMPATIBLE_CONTENT,,,,"Community Guidelines","We maintain content eligibility standards for the For You feed (FYF) that prioritize safety and are informed by the diversity of our community and cultural norms. We make ineligible for the FYF certain content that may not be appropriate for a broad audience related to: (1) Behavioral Health, (2) Sensitive and Mature Themes, (3) Integrity and Authenticity, and (4) Regulated Goods. Content that is ineligible for the FYF can still be discovered in other ways, such as through search tools or by following an account.We proactively enforce our Community Guidelines through a mix of technology and human moderation. We have detected this policy violation using automated measures. We have used automated measures in making this decision.",,STATEMENT_CATEGORY_SCOPE_OF_PLATFORM_SERVICE,,,,"[""CONTENT_TYPE_VIDEO""]",,,"2024-11-23 00:00:00","[""AT"",""BE"",""BG"",""CY"",""CZ"",""DE"",""DK"",""EE"",""ES"",""FI"",""FR"",""GR"",""HR"",""HU"",""IE"",""IT"",""LI"",""LT"",""LU"",""LV"",""MT"",""NL"",""NO"",""PL"",""PT"",""RO"",""SE"",""SI"",""SK""]","2024-11-23 00:00:00","The decision was taken pursuant to own-initiative investigations.",SOURCE_VOLUNTARY,,Yes,AUTOMATED_DECISION_FULLY,TikTok,7440371785041828641,"2024-11-23 07:22:37"
d5f2a125-e757-479d-a509-0c05cfe12356,"[""DECISION_VISIBILITY_OTHER""]","Photo not eligible for recommendation in the For You feed, and visibility restricted in search results",,,,,,,,,,DECISION_GROUND_INCOMPATIBLE_CONTENT,,,,"Dangerous Activities and Challenges","Most activities or challenges are appropriate for everyone, but some may carry a risk of significant injury. Content is ineligible for the For You feed if it involves activities likely to lead to moderate physical harm or includes professionals performing extreme sports and stunts that may endanger others.We proactively enforce our Community Guidelines through a mix of technology and human moderation. We have detected this policy violation using automated measures. We have used automated measures in making this decision.",,STATEMENT_CATEGORY_SCOPE_OF_PLATFORM_SERVICE,,,,"[""CONTENT_TYPE_IMAGE""]",,,"2024-11-23 00:00:00","[""AT"",""BE"",""BG"",""CY"",""CZ"",""DE"",""DK"",""EE"",""ES"",""FI"",""FR"",""GR"",""HR"",""HU"",""IE"",""IT"",""LI"",""LT"",""LU"",""LV"",""MT"",""NL"",""NO"",""PL"",""PT"",""RO"",""SE"",""SI"",""SK""]","2024-11-23 00:00:00","The decision was taken pursuant to own-initiative investigations.",SOURCE_VOLUNTARY,,Yes,AUTOMATED_DECISION_FULLY,TikTok,7440371784743983904,"2024-11-23 07:22:37"
e94e17ab-1327-478f-89d2-594e2e4e063e,"[""DECISION_VISIBILITY_OTHER""]","Video not eligible for recommendation in the For You feed",,,,,,,,,,DECISION_GROUND_INCOMPATIBLE_CONTENT,,,,"Alcohol, Tobacco, and Drugs","While adults make personal choices about how they engage with alcohol, drugs, and tobacco, we recognize that there are risks connected to trading and using these substances. Content is ineligible for the For You feed and harder to find in search if it shows adults consuming excessive amounts of alcohol or tobacco products.We proactively enforce our Community Guidelines through a mix of technology and human moderation. We have detected this policy violation using automated measures. We have used automated measures in making this decision.",,STATEMENT_CATEGORY_SCOPE_OF_PLATFORM_SERVICE,,,,"[""CONTENT_TYPE_VIDEO""]",,,"2024-11-23 00:00:00","[""AT"",""BE"",""BG"",""CY"",""CZ"",""DE"",""DK"",""EE"",""ES"",""FI"",""FR"",""GR"",""HR"",""HU"",""IE"",""IT"",""LI"",""LT"",""LU"",""LV"",""MT"",""NL"",""NO"",""PL"",""PT"",""RO"",""SE"",""SI"",""SK""]","2024-11-23 00:00:00","The decision was taken pursuant to own-initiative investigations.",SOURCE_VOLUNTARY,,Yes,AUTOMATED_DECISION_FULLY,TikTok,7440371784744000288,"2024-11-23 07:22:37"
57691109-788c-49d9-93ef-faa3c45b5c56,"[""DECISION_VISIBILITY_CONTENT_REMOVED""]",,,,,,,,,,,DECISION_GROUND_INCOMPATIBLE_CONTENT,,,,"Harassment and Bullying","We welcome the respectful expression of different viewpoints, but not toxicity or trolling. We do not allow language or behavior that harasses, humiliates, threatens, or doxes anyone. This also includes responding to such acts with retaliatory harassment (but excludes non-harassing counterspeech).We proactively enforce our Community Guidelines through a mix of technology and human moderation. We have detected this policy violation using automated measures. We have used automated measures in making this decision.",,STATEMENT_CATEGORY_ILLEGAL_OR_HARMFUL_SPEECH,,,,"[""CONTENT_TYPE_TEXT""]",,,"2024-11-23 00:00:00","[""AT"",""BE"",""BG"",""CY"",""CZ"",""DE"",""DK"",""EE"",""ES"",""FI"",""FR"",""GR"",""HR"",""HU"",""IE"",""IT"",""LI"",""LT"",""LU"",""LV"",""MT"",""NL"",""NO"",""PL"",""PT"",""RO"",""SE"",""SI"",""SK""]","2024-11-23 00:00:00","The decision was taken pursuant to own-initiative investigations.",SOURCE_VOLUNTARY,,Yes,AUTOMATED_DECISION_FULLY,TikTok,7440371784744016672,"2024-11-23 07:22:37"
de9c3bd9-ad3a-4de5-acd9-191dbebf8656,"[""DECISION_VISIBILITY_OTHER""]","Video not eligible for recommendation in the For You feed",,,,,,,,,,DECISION_GROUND_INCOMPATIBLE_CONTENT,,,,"Community Guidelines","We maintain content eligibility standards for the For You feed (FYF) that prioritize safety and are informed by the diversity of our community and cultural norms. We make ineligible for the FYF certain content that may not be appropriate for a broad audience related to: (1) Behavioral Health, (2) Sensitive and Mature Themes, (3) Integrity and Authenticity, and (4) Regulated Goods. Content that is ineligible for the FYF can still be discovered in other ways, such as through search tools or by following an account.We proactively enforce our Community Guidelines through a mix of technology and human moderation. We have detected this policy violation using automated measures. We have used automated measures in making this decision.",,STATEMENT_CATEGORY_SCOPE_OF_PLATFORM_SERVICE,,,,"[""CONTENT_TYPE_VIDEO""]",,,"2024-11-23 00:00:00","[""AT"",""BE"",""BG"",""CY"",""CZ"",""DE"",""DK"",""EE"",""ES"",""FI"",""FR"",""GR"",""HR"",""HU"",""IE"",""IT"",""LI"",""LT"",""LU"",""LV"",""MT"",""NL"",""NO"",""PL"",""PT"",""RO"",""SE"",""SI"",""SK""]","2024-11-23 00:00:00","The decision was taken pursuant to own-initiative investigations.",SOURCE_VOLUNTARY,,Yes,AUTOMATED_DECISION_FULLY,TikTok,7440371784744033056,"2024-11-23 07:22:37"
198c111b-0222-474f-b8f3-2dafc641c8ec,"[""DECISION_VISIBILITY_OTHER""]","Video not eligible for recommendation in the For You feed",,,,,,,,,,DECISION_GROUND_INCOMPATIBLE_CONTENT,,,,"Community Guidelines","We maintain content eligibility standards for the For You feed (FYF) that prioritize safety and are informed by the diversity of our community and cultural norms. We make ineligible for the FYF certain content that may not be appropriate for a broad audience related to: (1) Behavioral Health, (2) Sensitive and Mature Themes, (3) Integrity and Authenticity, and (4) Regulated Goods. Content that is ineligible for the FYF can still be discovered in other ways, such as through search tools or by following an account.We proactively enforce our Community Guidelines through a mix of technology and human moderation. We have detected this policy violation using automated measures. We have used automated measures in making this decision.",,STATEMENT_CATEGORY_SCOPE_OF_PLATFORM_SERVICE,,,,"[""CONTENT_TYPE_VIDEO""]",,,"2024-11-23 00:00:00","[""AT"",""BE"",""BG"",""CY"",""CZ"",""DE"",""DK"",""EE"",""ES"",""FI"",""FR"",""GR"",""HR"",""HU"",""IE"",""IT"",""LI"",""LT"",""LU"",""LV"",""MT"",""NL"",""NO"",""PL"",""PT"",""RO"",""SE"",""SI"",""SK""]","2024-11-23 00:00:00","The decision was taken pursuant to own-initiative investigations.",SOURCE_VOLUNTARY,,Yes,AUTOMATED_DECISION_FULLY,TikTok,7440371785041845025,"2024-11-23 07:22:37"
ceb97ef1-a217-40a5-a59a-9e243d6d1d46,"[""DECISION_VISIBILITY_CONTENT_REMOVED""]",,,,,,,,,,,DECISION_GROUND_INCOMPATIBLE_CONTENT,,,,"Harassment and Bullying","We welcome the respectful expression of different viewpoints, but not toxicity or trolling. We do not allow language or behavior that harasses, humiliates, threatens, or doxes anyone. This also includes responding to such acts with retaliatory harassment (but excludes non-harassing counterspeech).We proactively enforce our Community Guidelines through a mix of technology and human moderation. We have detected this policy violation using automated measures. We have used automated measures in making this decision.",,STATEMENT_CATEGORY_ILLEGAL_OR_HARMFUL_SPEECH,,,,"[""CONTENT_TYPE_TEXT""]",,,"2024-11-23 00:00:00","[""AT"",""BE"",""BG"",""CY"",""CZ"",""DE"",""DK"",""EE"",""ES"",""FI"",""FR"",""GR"",""HR"",""HU"",""IE"",""IT"",""LI"",""LT"",""LU"",""LV"",""MT"",""NL"",""NO"",""PL"",""PT"",""RO"",""SE"",""SI"",""SK""]","2024-11-23 00:00:00","The decision was taken pursuant to own-initiative investigations.",SOURCE_VOLUNTARY,,Yes,AUTOMATED_DECISION_FULLY,TikTok,7440371784744049440,"2024-11-23 07:22:37"
0ca80d9b-3034-4a53-b755-9b13281b9ae4,"[""DECISION_VISIBILITY_CONTENT_REMOVED""]",,,,,,,,,,,DECISION_GROUND_INCOMPATIBLE_CONTENT,,,,"Spam and Deceptive Account Behaviors","To build a trusted community online, it is important that the behaviors and identities of accounts are authentic and truthful. We do not allow account behaviors that may spam or mislead our community. We will restrict the visibility of comments that contain excessive or irrelevant spam content. We proactively enforce our Community Guidelines through a mix of technology and human moderation. We have detected this policy violation using automated measures. We have used automated measures in making this decision.",,STATEMENT_CATEGORY_SCAMS_AND_FRAUD,,,,"[""CONTENT_TYPE_TEXT""]",,,"2024-11-23 00:00:00","[""AT"",""BE"",""BG"",""CY"",""CZ"",""DE"",""DK"",""EE"",""ES"",""FI"",""FR"",""GR"",""HR"",""HU"",""IE"",""IT"",""LI"",""LT"",""LU"",""LV"",""MT"",""NL"",""NO"",""PL"",""PT"",""RO"",""SE"",""SI"",""SK""]","2024-11-23 00:00:00","The decision was taken pursuant to own-initiative investigations.",SOURCE_VOLUNTARY,,Yes,AUTOMATED_DECISION_FULLY,TikTok,7440371785041861409,"2024-11-23 07:22:37"
b6a2e535-e56b-470e-98e5-457f9dbc3b0c,"[""DECISION_VISIBILITY_CONTENT_REMOVED""]",,,,,,,,,,,DECISION_GROUND_INCOMPATIBLE_CONTENT,,,,"Harassment and Bullying","We welcome the respectful expression of different viewpoints, but not toxicity or trolling. We do not allow language or behavior that harasses, humiliates, threatens, or doxes anyone. This also includes responding to such acts with retaliatory harassment (but excludes non-harassing counterspeech).We proactively enforce our Community Guidelines through a mix of technology and human moderation. We have detected this policy violation using automated measures. We have used automated measures in making this decision.",,STATEMENT_CATEGORY_ILLEGAL_OR_HARMFUL_SPEECH,,,,"[""CONTENT_TYPE_TEXT""]",,,"2024-11-23 00:00:00","[""AT"",""BE"",""BG"",""CY"",""CZ"",""DE"",""DK"",""EE"",""ES"",""FI"",""FR"",""GR"",""HR"",""HU"",""IE"",""IT"",""LI"",""LT"",""LU"",""LV"",""MT"",""NL"",""NO"",""PL"",""PT"",""RO"",""SE"",""SI"",""SK""]","2024-11-23 00:00:00","The decision was taken pursuant to own-initiative investigations.",SOURCE_VOLUNTARY,,Yes,AUTOMATED_DECISION_FULLY,TikTok,7440371791815514912,"2024-11-23 07:22:37"
1b899045-3954-4403-b1b8-ac4f983d6b9a,"[""DECISION_VISIBILITY_CONTENT_REMOVED""]",,,,,,,,,,,DECISION_GROUND_INCOMPATIBLE_CONTENT,,,,"Hate Speech and Hateful Behaviors","TikTok is enriched by the various backgrounds of our community members. Our differences should be respected, rather than a cause for division. We do not allow any hateful behavior, hate speech, or promotion of hateful ideologies. This includes content that attacks a person or group because of protected attributes.We proactively enforce our Community Guidelines through a mix of technology and human moderation. We have detected this policy violation using automated measures. We have used automated measures in making this decision.",,STATEMENT_CATEGORY_ILLEGAL_OR_HARMFUL_SPEECH,,,,"[""CONTENT_TYPE_TEXT""]",,,"2024-11-23 00:00:00","[""AT"",""BE"",""BG"",""CY"",""CZ"",""DE"",""DK"",""EE"",""ES"",""FI"",""FR"",""GR"",""HR"",""HU"",""IE"",""IT"",""LI"",""LT"",""LU"",""LV"",""MT"",""NL"",""NO"",""PL"",""PT"",""RO"",""SE"",""SI"",""SK""]","2024-11-23 00:00:00","The decision was taken pursuant to own-initiative investigations.",SOURCE_VOLUNTARY,,Yes,AUTOMATED_DECISION_FULLY,TikTok,7440371791815531296,"2024-11-23 07:22:37"
26ab62c7-b781-4641-a611-4c18d24ff1d4,"[""DECISION_VISIBILITY_CONTENT_REMOVED""]",,,,,,,,,,,DECISION_GROUND_INCOMPATIBLE_CONTENT,,,,"Harassment and Bullying","We welcome the respectful expression of different viewpoints, but not toxicity or trolling. We do not allow language or behavior that harasses, humiliates, threatens, or doxes anyone. This also includes responding to such acts with retaliatory harassment (but excludes non-harassing counterspeech).We proactively enforce our Community Guidelines through a mix of technology and human moderation. We have detected this policy violation using automated measures. We have used automated measures in making this decision.",,STATEMENT_CATEGORY_ILLEGAL_OR_HARMFUL_SPEECH,,,,"[""CONTENT_TYPE_TEXT""]",,,"2024-11-23 00:00:00","[""AT"",""BE"",""BG"",""CY"",""CZ"",""DE"",""DK"",""EE"",""ES"",""FI"",""FR"",""GR"",""HR"",""HU"",""IE"",""IT"",""LI"",""LT"",""LU"",""LV"",""MT"",""NL"",""NO"",""PL"",""PT"",""RO"",""SE"",""SI"",""SK""]","2024-11-23 00:00:00","The decision was taken pursuant to own-initiative investigations.",SOURCE_VOLUNTARY,,Yes,AUTOMATED_DECISION_FULLY,TikTok,7440371791815547680,"2024-11-23 07:22:37"
e87ed5ee-2b84-4b61-9405-7645215beee2,"[""DECISION_VISIBILITY_CONTENT_REMOVED""]",,,,,,,,,,,DECISION_GROUND_INCOMPATIBLE_CONTENT,,,,"Harassment and Bullying","We welcome the respectful expression of different viewpoints, but not toxicity or trolling. We do not allow language or behavior that harasses, humiliates, threatens, or doxes anyone. This also includes responding to such acts with retaliatory harassment (but excludes non-harassing counterspeech).We proactively enforce our Community Guidelines through a mix of technology and human moderation. We have detected this policy violation using automated measures. We have used automated measures in making this decision.",,STATEMENT_CATEGORY_ILLEGAL_OR_HARMFUL_SPEECH,,,,"[""CONTENT_TYPE_TEXT""]",,,"2024-11-23 00:00:00","[""AT"",""BE"",""BG"",""CY"",""CZ"",""DE"",""DK"",""EE"",""ES"",""FI"",""FR"",""GR"",""HR"",""HU"",""IE"",""IT"",""LI"",""LT"",""LU"",""LV"",""MT"",""NL"",""NO"",""PL"",""PT"",""RO"",""SE"",""SI"",""SK""]","2024-11-23 00:00:00","The decision was taken pursuant to own-initiative investigations.",SOURCE_VOLUNTARY,,Yes,AUTOMATED_DECISION_FULLY,TikTok,7440371784744065824,"2024-11-23 07:22:37"
94d13ed3-171c-4baf-81a9-4cad1e720606,"[""DECISION_VISIBILITY_OTHER""]","Video not eligible for recommendation in the For You feed",,,,,,,,,,DECISION_GROUND_INCOMPATIBLE_CONTENT,,,,"Community Guidelines","We maintain content eligibility standards for the For You feed (FYF) that prioritize safety and are informed by the diversity of our community and cultural norms. We make ineligible for the FYF certain content that may not be appropriate for a broad audience related to: (1) Behavioral Health, (2) Sensitive and Mature Themes, (3) Integrity and Authenticity, and (4) Regulated Goods. Content that is ineligible for the FYF can still be discovered in other ways, such as through search tools or by following an account.We proactively enforce our Community Guidelines through a mix of technology and human moderation. We have detected this policy violation using automated measures. We have used automated measures in making this decision.",,STATEMENT_CATEGORY_SCOPE_OF_PLATFORM_SERVICE,,,,"[""CONTENT_TYPE_VIDEO""]",,,"2024-11-23 00:00:00","[""AT"",""BE"",""BG"",""CY"",""CZ"",""DE"",""DK"",""EE"",""ES"",""FI"",""FR"",""GR"",""HR"",""HU"",""IE"",""IT"",""LI"",""LT"",""LU"",""LV"",""MT"",""NL"",""NO"",""PL"",""PT"",""RO"",""SE"",""SI"",""SK""]","2024-11-23 00:00:00","The decision was taken pursuant to own-initiative investigations.",SOURCE_VOLUNTARY,,Yes,AUTOMATED_DECISION_FULLY,TikTok,7440371791328975648,"2024-11-23 07:22:37"
1580ba7f-8478-423e-98f2-2a5a767844ec,"[""DECISION_VISIBILITY_CONTENT_REMOVED""]",,,,,,,,,,,DECISION_GROUND_INCOMPATIBLE_CONTENT,,,,"Harassment and Bullying","We welcome the respectful expression of different viewpoints, but not toxicity or trolling. We do not allow language or behavior that harasses, humiliates, threatens, or doxes anyone. This also includes responding to such acts with retaliatory harassment (but excludes non-harassing counterspeech).We proactively enforce our Community Guidelines through a mix of technology and human moderation. We have detected this policy violation using automated measures. We have used automated measures in making this decision.",,STATEMENT_CATEGORY_ILLEGAL_OR_HARMFUL_SPEECH,,,,"[""CONTENT_TYPE_TEXT""]",,,"2024-11-23 00:00:00","[""AT"",""BE"",""BG"",""CY"",""CZ"",""DE"",""DK"",""EE"",""ES"",""FI"",""FR"",""GR"",""HR"",""HU"",""IE"",""IT"",""LI"",""LT"",""LU"",""LV"",""MT"",""NL"",""NO"",""PL"",""PT"",""RO"",""SE"",""SI"",""SK""]","2024-11-23 00:00:00","The decision was taken pursuant to own-initiative investigations.",SOURCE_VOLUNTARY,,Yes,AUTOMATED_DECISION_FULLY,TikTok,7440371791328992032,"2024-11-23 07:22:37"
3ab58cb0-d255-412b-b0d1-cf8eea31814a,"[""DECISION_VISIBILITY_OTHER""]","Video not eligible for recommendation in the For You feed",,,,,,,,,,DECISION_GROUND_INCOMPATIBLE_CONTENT,,,,"Community Guidelines","We maintain content eligibility standards for the For You feed (FYF) that prioritize safety and are informed by the diversity of our community and cultural norms. We make ineligible for the FYF certain content that may not be appropriate for a broad audience related to: (1) Behavioral Health, (2) Sensitive and Mature Themes, (3) Integrity and Authenticity, and (4) Regulated Goods. Content that is ineligible for the FYF can still be discovered in other ways, such as through search tools or by following an account.We proactively enforce our Community Guidelines through a mix of technology and human moderation. We have detected this policy violation using automated measures. We have used automated measures in making this decision.",,STATEMENT_CATEGORY_SCOPE_OF_PLATFORM_SERVICE,,,,"[""CONTENT_TYPE_VIDEO""]",,,"2024-11-23 00:00:00","[""AT"",""BE"",""BG"",""CY"",""CZ"",""DE"",""DK"",""EE"",""ES"",""FI"",""FR"",""GR"",""HR"",""HU"",""IE"",""IT"",""LI"",""LT"",""LU"",""LV"",""MT"",""NL"",""NO"",""PL"",""PT"",""RO"",""SE"",""SI"",""SK""]","2024-11-23 00:00:00","The decision was taken pursuant to own-initiative investigations.",SOURCE_VOLUNTARY,,Yes,AUTOMATED_DECISION_FULLY,TikTok,7440371791329008416,"2024-11-23 07:22:37"
a3642ecb-5afa-4e8b-b369-05c8d5b3969e,"[""DECISION_VISIBILITY_CONTENT_REMOVED""]",,,,,,,,,,,DECISION_GROUND_INCOMPATIBLE_CONTENT,,,,"Harassment and Bullying","We welcome the respectful expression of different viewpoints, but not toxicity or trolling. We do not allow language or behavior that harasses, humiliates, threatens, or doxes anyone. This also includes responding to such acts with retaliatory harassment (but excludes non-harassing counterspeech).We proactively enforce our Community Guidelines through a mix of technology and human moderation. We have detected this policy violation using automated measures. We have used automated measures in making this decision.",,STATEMENT_CATEGORY_ILLEGAL_OR_HARMFUL_SPEECH,,,,"[""CONTENT_TYPE_TEXT""]",,,"2024-11-23 00:00:00","[""AT"",""BE"",""BG"",""CY"",""CZ"",""DE"",""DK"",""EE"",""ES"",""FI"",""FR"",""GR"",""HR"",""HU"",""IE"",""IT"",""LI"",""LT"",""LU"",""LV"",""MT"",""NL"",""NO"",""PL"",""PT"",""RO"",""SE"",""SI"",""SK""]","2024-11-23 00:00:00","The decision was taken pursuant to own-initiative investigations.",SOURCE_VOLUNTARY,,Yes,AUTOMATED_DECISION_FULLY,TikTok,7440371791815564064,"2024-11-23 07:22:37"
13fa6bd6-b716-4737-92ea-d17395a5a3bc,"[""DECISION_VISIBILITY_CONTENT_REMOVED""]",,,,,,,,,,,DECISION_GROUND_INCOMPATIBLE_CONTENT,,,,"Sexual Exploitation and Gender-Based Violence","We are committed to providing a space that embraces gender equity, supports healthy relationships, and respects intimate privacy. We do not allow sexual exploitation or gender-based violence, including non-consensual sexual acts, image-based sexual abuse, sextortion, physical abuse, and sexual harassment.We proactively enforce our Community Guidelines through a mix of technology and human moderation. We have detected this policy violation using automated measures. We have used automated measures in making this decision.",,STATEMENT_CATEGORY_VIOLENCE,,,,"[""CONTENT_TYPE_TEXT""]",,,"2024-11-23 00:00:00","[""AT"",""BE"",""BG"",""CY"",""CZ"",""DE"",""DK"",""EE"",""ES"",""FI"",""FR"",""GR"",""HR"",""HU"",""IE"",""IT"",""LI"",""LT"",""LU"",""LV"",""MT"",""NL"",""NO"",""PL"",""PT"",""RO"",""SE"",""SI"",""SK""]","2024-11-23 00:00:00","The decision was taken pursuant to own-initiative investigations.",SOURCE_VOLUNTARY,,Yes,AUTOMATED_DECISION_FULLY,TikTok,7440371791329024800,"2024-11-23 07:22:37"
209761c3-49a6-43db-8859-47829af4582d,"[""DECISION_VISIBILITY_CONTENT_REMOVED""]",,,,,,,,,,,DECISION_GROUND_INCOMPATIBLE_CONTENT,,,,"Personal Information","We are committed to making sure that any personal information shared intentionally or accidentally on TikTok does not lead to harm. We do not allow content that includes personal information that may create a risk of stalking, violence, phishing, fraud, identity theft, or financial exploitation, including content that someone has posted themselves or that they consented to being shared by others.We proactively enforce our Community Guidelines through a mix of technology and human moderation. We have detected this policy violation using automated measures. We have used automated measures in making this decision.",,STATEMENT_CATEGORY_DATA_PROTECTION_AND_PRIVACY_VIOLATIONS,,,,"[""CONTENT_TYPE_IMAGE""]",,,"2024-11-23 00:00:00","[""AT"",""BE"",""BG"",""CY"",""CZ"",""DE"",""DK"",""EE"",""ES"",""FI"",""FR"",""GR"",""HR"",""HU"",""IE"",""IT"",""LI"",""LT"",""LU"",""LV"",""MT"",""NL"",""NO"",""PL"",""PT"",""RO"",""SE"",""SI"",""SK""]","2024-11-23 00:00:00","The decision was taken pursuant to own-initiative investigations.",SOURCE_VOLUNTARY,,Yes,AUTOMATED_DECISION_FULLY,TikTok,7440371791815580448,"2024-11-23 07:22:37"
05bba13e-70ed-485f-a0a0-8f3d37e70d5d,"[""DECISION_VISIBILITY_CONTENT_REMOVED""]",,,,,,,,,,,DECISION_GROUND_INCOMPATIBLE_CONTENT,,,,"Harassment and Bullying","We welcome the respectful expression of different viewpoints, but not toxicity or trolling. We do not allow language or behavior that harasses, humiliates, threatens, or doxes anyone. This also includes responding to such acts with retaliatory harassment (but excludes non-harassing counterspeech).We proactively enforce our Community Guidelines through a mix of technology and human moderation. We have detected this policy violation using automated measures. We have used automated measures in making this decision.",,STATEMENT_CATEGORY_ILLEGAL_OR_HARMFUL_SPEECH,,,,"[""CONTENT_TYPE_TEXT""]",,,"2024-11-23 00:00:00","[""AT"",""BE"",""BG"",""CY"",""CZ"",""DE"",""DK"",""EE"",""ES"",""FI"",""FR"",""GR"",""HR"",""HU"",""IE"",""IT"",""LI"",""LT"",""LU"",""LV"",""MT"",""NL"",""NO"",""PL"",""PT"",""RO"",""SE"",""SI"",""SK""]","2024-11-23 00:00:00","The decision was taken pursuant to own-initiative investigations.",SOURCE_VOLUNTARY,,Yes,AUTOMATED_DECISION_FULLY,TikTok,7440371791815596832,"2024-11-23 07:22:37"
ec3ad998-cbd4-4168-8d6d-1b5945d8459b,"[""DECISION_VISIBILITY_OTHER""]","Video not eligible for recommendation in the For You feed",,,,,,,,,,DECISION_GROUND_INCOMPATIBLE_CONTENT,,,,"Community Guidelines","Your content is against our Community Guidelines. The guidelines include rules and standards for using TikTok that apply to everyone and everything on our platform.",,STATEMENT_CATEGORY_SCOPE_OF_PLATFORM_SERVICE,,,,"[""CONTENT_TYPE_VIDEO""]",,,"2024-11-23 00:00:00","[""AT"",""BE"",""BG"",""CY"",""CZ"",""DE"",""DK"",""EE"",""ES"",""FI"",""FR"",""GR"",""HR"",""HU"",""IE"",""IT"",""LI"",""LT"",""LU"",""LV"",""MT"",""NL"",""NO"",""PL"",""PT"",""RO"",""SE"",""SI"",""SK""]","2024-11-23 00:00:00","The decision was taken pursuant to own-initiative investigations.",SOURCE_VOLUNTARY,,Yes,AUTOMATED_DECISION_FULLY,TikTok,7440371791815662368,"2024-11-23 07:22:39"
538787fa-dd0f-48cc-964d-faa9aa9b7375,"[""DECISION_VISIBILITY_CONTENT_REMOVED""]",,,,,,,,,,,DECISION_GROUND_INCOMPATIBLE_CONTENT,,,,"Harassment and Bullying","We welcome the respectful expression of different viewpoints, but not toxicity or trolling. We do not allow language or behavior that harasses, humiliates, threatens, or doxes anyone. This also includes responding to such acts with retaliatory harassment (but excludes non-harassing counterspeech).We proactively enforce our Community Guidelines through a mix of technology and human moderation. We have detected this policy violation using automated measures. We have used automated measures in making this decision.",,STATEMENT_CATEGORY_ILLEGAL_OR_HARMFUL_SPEECH,,,,"[""CONTENT_TYPE_TEXT""]",,,"2024-11-23 00:00:00","[""AT"",""BE"",""BG"",""CY"",""CZ"",""DE"",""DK"",""EE"",""ES"",""FI"",""FR"",""GR"",""HR"",""HU"",""IE"",""IT"",""LI"",""LT"",""LU"",""LV"",""MT"",""NL"",""NO"",""PL"",""PT"",""RO"",""SE"",""SI"",""SK""]","2024-11-23 00:00:00","The decision was taken pursuant to own-initiative investigations.",SOURCE_VOLUNTARY,,Yes,AUTOMATED_DECISION_FULLY,TikTok,7440371791329123104,"2024-11-23 07:22:39"
9f0984d4-e4ba-43e3-8bd3-d4e1aafdf5f4,"[""DECISION_VISIBILITY_CONTENT_REMOVED""]",,,,,,,,,,,DECISION_GROUND_INCOMPATIBLE_CONTENT,,,,"Harassment and Bullying","We welcome the respectful expression of different viewpoints, but not toxicity or trolling. We do not allow language or behavior that harasses, humiliates, threatens, or doxes anyone. This also includes responding to such acts with retaliatory harassment (but excludes non-harassing counterspeech).We proactively enforce our Community Guidelines through a mix of technology and human moderation. We have detected this policy violation using automated measures. We have used automated measures in making this decision.",,STATEMENT_CATEGORY_ILLEGAL_OR_HARMFUL_SPEECH,,,,"[""CONTENT_TYPE_TEXT""]",,,"2024-11-23 00:00:00","[""AT"",""BE"",""BG"",""CY"",""CZ"",""DE"",""DK"",""EE"",""ES"",""FI"",""FR"",""GR"",""HR"",""HU"",""IE"",""IT"",""LI"",""LT"",""LU"",""LV"",""MT"",""NL"",""NO"",""PL"",""PT"",""RO"",""SE"",""SI"",""SK""]","2024-11-23 00:00:00","The decision was taken pursuant to own-initiative investigations.",SOURCE_VOLUNTARY,,Yes,AUTOMATED_DECISION_FULLY,TikTok,7440371796655741728,"2024-11-23 07:22:39"
c8d5d0a2-17ee-4409-8a2b-4710976c5b9f,"[""DECISION_VISIBILITY_CONTENT_REMOVED""]",,,,,,,,,,,DECISION_GROUND_INCOMPATIBLE_CONTENT,,,,"Harassment and Bullying","We welcome the respectful expression of different viewpoints, but not toxicity or trolling. We do not allow language or behavior that harasses, humiliates, threatens, or doxes anyone. This also includes responding to such acts with retaliatory harassment (but excludes non-harassing counterspeech).We proactively enforce our Community Guidelines through a mix of technology and human moderation. We have detected this policy violation using automated measures. We have used automated measures in making this decision.",,STATEMENT_CATEGORY_ILLEGAL_OR_HARMFUL_SPEECH,,,,"[""CONTENT_TYPE_TEXT""]",,,"2024-11-23 00:00:00","[""AT"",""BE"",""BG"",""CY"",""CZ"",""DE"",""DK"",""EE"",""ES"",""FI"",""FR"",""GR"",""HR"",""HU"",""IE"",""IT"",""LI"",""LT"",""LU"",""LV"",""MT"",""NL"",""NO"",""PL"",""PT"",""RO"",""SE"",""SI"",""SK""]","2024-11-23 00:00:00","The decision was taken pursuant to own-initiative investigations.",SOURCE_VOLUNTARY,,Yes,AUTOMATED_DECISION_FULLY,TikTok,7440371795170958113,"2024-11-23 07:22:39"
444942cd-c20c-4d81-a59e-f5005a8bc9ad,"[""DECISION_VISIBILITY_OTHER""]","Photo not eligible for recommendation in the For You feed, and visibility restricted in search results",,,,,,,,,,DECISION_GROUND_INCOMPATIBLE_CONTENT,,,,"Civic and Election Integrity","We want to enable the informed exchange of civic ideas in a way that fosters productive dialogue. Your video didn’t meet our eligibility standards for the For You Feed. Please review our Community Guidelines for more information.We proactively enforce our Community Guidelines through a mix of technology and human moderation. We have detected this policy violation using automated measures. We have used automated measures in making this decision.",,STATEMENT_CATEGORY_NEGATIVE_EFFECTS_ON_CIVIC_DISCOURSE_OR_ELECTIONS,,,,"[""CONTENT_TYPE_IMAGE""]",,,"2024-11-23 00:00:00","[""AT"",""BE"",""BG"",""CY"",""CZ"",""DE"",""DK"",""EE"",""ES"",""FI"",""FR"",""GR"",""HR"",""HU"",""IE"",""IT"",""LI"",""LT"",""LU"",""LV"",""MT"",""NL"",""NO"",""PL"",""PT"",""RO"",""SE"",""SI"",""SK""]","2024-11-23 00:00:00","The decision was taken pursuant to own-initiative investigations.",SOURCE_VOLUNTARY,,Yes,AUTOMATED_DECISION_FULLY,TikTok,7440371795170974497,"2024-11-23 07:22:39"
283e2f91-dc50-4d0f-ae9e-f9c35093875f,"[""DECISION_VISIBILITY_OTHER""]","Video not eligible for recommendation in the For You feed",,,,,,,,,,DECISION_GROUND_INCOMPATIBLE_CONTENT,,,,"Community Guidelines","We maintain content eligibility standards for the For You feed (FYF) that prioritize safety and are informed by the diversity of our community and cultural norms. We make ineligible for the FYF certain content that may not be appropriate for a broad audience related to: (1) Behavioral Health, (2) Sensitive and Mature Themes, (3) Integrity and Authenticity, and (4) Regulated Goods. Content that is ineligible for the FYF can still be discovered in other ways, such as through search tools or by following an account.We proactively enforce our Community Guidelines through a mix of technology and human moderation. We have detected this policy violation using automated measures. We have used automated measures in making this decision.",,STATEMENT_CATEGORY_SCOPE_OF_PLATFORM_SERVICE,,,,"[""CONTENT_TYPE_VIDEO""]",,,"2024-11-23 00:00:00","[""AT"",""BE"",""BG"",""CY"",""CZ"",""DE"",""DK"",""EE"",""ES"",""FI"",""FR"",""GR"",""HR"",""HU"",""IE"",""IT"",""LI"",""LT"",""LU"",""LV"",""MT"",""NL"",""NO"",""PL"",""PT"",""RO"",""SE"",""SI"",""SK""]","2024-11-23 00:00:00","The decision was taken pursuant to own-initiative investigations.",SOURCE_VOLUNTARY,,Yes,AUTOMATED_DECISION_FULLY,TikTok,7440371796655758112,"2024-11-23 07:22:39"
dcb1a94b-8c95-44ea-bce7-62fb6d2a8e6c,"[""DECISION_VISIBILITY_OTHER""]","Video not eligible for recommendation in the For You feed",,,,,,,,,,DECISION_GROUND_INCOMPATIBLE_CONTENT,,,,"Alcohol, Tobacco, and Drugs","While adults make personal choices about how they engage with alcohol, drugs, and tobacco, we recognize that there are risks connected to trading and using these substances. Content is ineligible for the For You feed and harder to find in search if it shows adults consuming excessive amounts of alcohol or tobacco products.We proactively enforce our Community Guidelines through a mix of technology and human moderation. We have detected this policy violation using automated measures. We have used automated measures in making this decision.",,STATEMENT_CATEGORY_SCOPE_OF_PLATFORM_SERVICE,,,,"[""CONTENT_TYPE_VIDEO""]",,,"2024-11-23 00:00:00","[""AT"",""BE"",""BG"",""CY"",""CZ"",""DE"",""DK"",""EE"",""ES"",""FI"",""FR"",""GR"",""HR"",""HU"",""IE"",""IT"",""LI"",""LT"",""LU"",""LV"",""MT"",""NL"",""NO"",""PL"",""PT"",""RO"",""SE"",""SI"",""SK""]","2024-11-23 00:00:00","The decision was taken pursuant to own-initiative investigations.",SOURCE_VOLUNTARY,,Yes,AUTOMATED_DECISION_FULLY,TikTok,7440371796655774496,"2024-11-23 07:22:39"
b3d84539-e27b-4262-a508-5e8a1b06a906,"[""DECISION_VISIBILITY_CONTENT_REMOVED""]",,,,,,,,,,,DECISION_GROUND_INCOMPATIBLE_CONTENT,,,,"Harassment and Bullying","We welcome the respectful expression of different viewpoints, but not toxicity or trolling. We do not allow language or behavior that harasses, humiliates, threatens, or doxes anyone. This also includes responding to such acts with retaliatory harassment (but excludes non-harassing counterspeech).We proactively enforce our Community Guidelines through a mix of technology and human moderation. We have detected this policy violation using automated measures. We have used automated measures in making this decision.",,STATEMENT_CATEGORY_ILLEGAL_OR_HARMFUL_SPEECH,,,,"[""CONTENT_TYPE_TEXT""]",,,"2024-11-23 00:00:00","[""AT"",""BE"",""BG"",""CY"",""CZ"",""DE"",""DK"",""EE"",""ES"",""FI"",""FR"",""GR"",""HR"",""HU"",""IE"",""IT"",""LI"",""LT"",""LU"",""LV"",""MT"",""NL"",""NO"",""PL"",""PT"",""RO"",""SE"",""SI"",""SK""]","2024-11-23 00:00:00","The decision was taken pursuant to own-initiative investigations.",SOURCE_VOLUNTARY,,Yes,AUTOMATED_DECISION_FULLY,TikTok,7440371795170990881,"2024-11-23 07:22:39"
a804d392-1e97-4dbf-81e1-2442f2e00fac,"[""DECISION_VISIBILITY_CONTENT_REMOVED""]",,,,,,,,,,,DECISION_GROUND_INCOMPATIBLE_CONTENT,,,,"Harassment and Bullying","We welcome the respectful expression of different viewpoints, but not toxicity or trolling. We do not allow language or behavior that harasses, humiliates, threatens, or doxes anyone. This also includes responding to such acts with retaliatory harassment (but excludes non-harassing counterspeech).We proactively enforce our Community Guidelines through a mix of technology and human moderation. We have detected this policy violation using automated measures. We have used automated measures in making this decision.",,STATEMENT_CATEGORY_ILLEGAL_OR_HARMFUL_SPEECH,,,,"[""CONTENT_TYPE_TEXT""]",,,"2024-11-23 00:00:00","[""AT"",""BE"",""BG"",""CY"",""CZ"",""DE"",""DK"",""EE"",""ES"",""FI"",""FR"",""GR"",""HR"",""HU"",""IE"",""IT"",""LI"",""LT"",""LU"",""LV"",""MT"",""NL"",""NO"",""PL"",""PT"",""RO"",""SE"",""SI"",""SK""]","2024-11-23 00:00:00","The decision was taken pursuant to own-initiative investigations.",SOURCE_VOLUNTARY,,Yes,AUTOMATED_DECISION_FULLY,TikTok,7440371796655790880,"2024-11-23 07:22:39"
762bcab2-8419-4744-b957-1279ba6d50cf,"[""DECISION_VISIBILITY_CONTENT_REMOVED""]",,,,,,,,,,,DECISION_GROUND_INCOMPATIBLE_CONTENT,,,,"Harassment and Bullying","We welcome the respectful expression of different viewpoints, but not toxicity or trolling. We do not allow language or behavior that harasses, humiliates, threatens, or doxes anyone. This also includes responding to such acts with retaliatory harassment (but excludes non-harassing counterspeech).We proactively enforce our Community Guidelines through a mix of technology and human moderation. We have detected this policy violation using automated measures. We have used automated measures in making this decision.",,STATEMENT_CATEGORY_ILLEGAL_OR_HARMFUL_SPEECH,,,,"[""CONTENT_TYPE_TEXT""]",,,"2024-11-23 00:00:00","[""AT"",""BE"",""BG"",""CY"",""CZ"",""DE"",""DK"",""EE"",""ES"",""FI"",""FR"",""GR"",""HR"",""HU"",""IE"",""IT"",""LI"",""LT"",""LU"",""LV"",""MT"",""NL"",""NO"",""PL"",""PT"",""RO"",""SE"",""SI"",""SK""]","2024-11-23 00:00:00","The decision was taken pursuant to own-initiative investigations.",SOURCE_VOLUNTARY,,Yes,AUTOMATED_DECISION_FULLY,TikTok,7440371796655807264,"2024-11-23 07:22:39"
38084ffe-2bc5-4fe6-9d0d-f65ff84448da,"[""DECISION_VISIBILITY_OTHER""]","Video not eligible for recommendation in the For You feed",,,,,,,,,,DECISION_GROUND_INCOMPATIBLE_CONTENT,,,,"Community Guidelines","We maintain content eligibility standards for the For You feed (FYF) that prioritize safety and are informed by the diversity of our community and cultural norms. We make ineligible for the FYF certain content that may not be appropriate for a broad audience related to: (1) Behavioral Health, (2) Sensitive and Mature Themes, (3) Integrity and Authenticity, and (4) Regulated Goods. Content that is ineligible for the FYF can still be discovered in other ways, such as through search tools or by following an account.We proactively enforce our Community Guidelines through a mix of technology and human moderation. We have detected this policy violation using automated measures. We have used automated measures in making this decision.",,STATEMENT_CATEGORY_SCOPE_OF_PLATFORM_SERVICE,,,,"[""CONTENT_TYPE_VIDEO""]",,,"2024-11-23 00:00:00","[""AT"",""BE"",""BG"",""CY"",""CZ"",""DE"",""DK"",""EE"",""ES"",""FI"",""FR"",""GR"",""HR"",""HU"",""IE"",""IT"",""LI"",""LT"",""LU"",""LV"",""MT"",""NL"",""NO"",""PL"",""PT"",""RO"",""SE"",""SI"",""SK""]","2024-11-23 00:00:00","The decision was taken pursuant to own-initiative investigations.",SOURCE_VOLUNTARY,,Yes,AUTOMATED_DECISION_FULLY,TikTok,7440371796655823648,"2024-11-23 07:22:39"
62d6c27e-a9f0-466c-9259-4b71325cfbe0,"[""DECISION_VISIBILITY_CONTENT_REMOVED""]",,,,,,,,,,,DECISION_GROUND_INCOMPATIBLE_CONTENT,,,,"Hate Speech and Hateful Behaviors","TikTok is enriched by the various backgrounds of our community members. Our differences should be respected, rather than a cause for division. We do not allow any hateful behavior, hate speech, or promotion of hateful ideologies. This includes content that attacks a person or group because of protected attributes.We proactively enforce our Community Guidelines through a mix of technology and human moderation. We have detected this policy violation using automated measures. We have used automated measures in making this decision.",,STATEMENT_CATEGORY_ILLEGAL_OR_HARMFUL_SPEECH,,,,"[""CONTENT_TYPE_TEXT""]",,,"2024-11-23 00:00:00","[""AT"",""BE"",""BG"",""CY"",""CZ"",""DE"",""DK"",""EE"",""ES"",""FI"",""FR"",""GR"",""HR"",""HU"",""IE"",""IT"",""LI"",""LT"",""LU"",""LV"",""MT"",""NL"",""NO"",""PL"",""PT"",""RO"",""SE"",""SI"",""SK""]","2024-11-23 00:00:00","The decision was taken pursuant to own-initiative investigations.",SOURCE_VOLUNTARY,,Yes,AUTOMATED_DECISION_FULLY,TikTok,7440371795171007265,"2024-11-23 07:22:39"
975cef79-eafa-4591-881c-175dac930b74,"[""DECISION_VISIBILITY_CONTENT_REMOVED""]",,,,,,,,,,,DECISION_GROUND_INCOMPATIBLE_CONTENT,,,,"Harassment and Bullying","We welcome the respectful expression of different viewpoints, but not toxicity or trolling. We do not allow language or behavior that harasses, humiliates, threatens, or doxes anyone. This also includes responding to such acts with retaliatory harassment (but excludes non-harassing counterspeech).We proactively enforce our Community Guidelines through a mix of technology and human moderation. We have detected this policy violation using automated measures. We have used automated measures in making this decision.",,STATEMENT_CATEGORY_ILLEGAL_OR_HARMFUL_SPEECH,,,,"[""CONTENT_TYPE_TEXT""]",,,"2024-11-23 00:00:00","[""AT"",""BE"",""BG"",""CY"",""CZ"",""DE"",""DK"",""EE"",""ES"",""FI"",""FR"",""GR"",""HR"",""HU"",""IE"",""IT"",""LI"",""LT"",""LU"",""LV"",""MT"",""NL"",""NO"",""PL"",""PT"",""RO"",""SE"",""SI"",""SK""]","2024-11-23 00:00:00","The decision was taken pursuant to own-initiative investigations.",SOURCE_VOLUNTARY,,Yes,AUTOMATED_DECISION_FULLY,TikTok,7440371795171023649,"2024-11-23 07:22:39"
6f903b41-ece9-4ce5-b63f-20d47ae162d6,"[""DECISION_VISIBILITY_CONTENT_REMOVED""]",,,,,,,,,,,DECISION_GROUND_INCOMPATIBLE_CONTENT,,,,"Harassment and Bullying","We welcome the respectful expression of different viewpoints, but not toxicity or trolling. We do not allow language or behavior that harasses, humiliates, threatens, or doxes anyone. This also includes responding to such acts with retaliatory harassment (but excludes non-harassing counterspeech).We proactively enforce our Community Guidelines through a mix of technology and human moderation. We have detected this policy violation using automated measures. We have used automated measures in making this decision.",,STATEMENT_CATEGORY_ILLEGAL_OR_HARMFUL_SPEECH,,,,"[""CONTENT_TYPE_TEXT""]",,,"2024-11-23 00:00:00","[""AT"",""BE"",""BG"",""CY"",""CZ"",""DE"",""DK"",""EE"",""ES"",""FI"",""FR"",""GR"",""HR"",""HU"",""IE"",""IT"",""LI"",""LT"",""LU"",""LV"",""MT"",""NL"",""NO"",""PL"",""PT"",""RO"",""SE"",""SI"",""SK""]","2024-11-23 00:00:00","The decision was taken pursuant to own-initiative investigations.",SOURCE_VOLUNTARY,,Yes,AUTOMATED_DECISION_FULLY,TikTok,7440371795171040033,"2024-11-23 07:22:39"
d60eb37b-7d0c-41fc-999b-b6310c52a6c2,"[""DECISION_VISIBILITY_OTHER""]","Video not eligible for recommendation in the For You feed",,,,,,,,,,DECISION_GROUND_INCOMPATIBLE_CONTENT,,,,"Sexually Suggestive Content","We are mindful that certain behaviors related to sexual arousal or suggestiveness may be offensive to some people and may put young people at risk of exploitation. Content is ineligible for the For You feed and harder to find in search if it shows sex products or intends to sexually arouse (such as intimate kissing, sexualized posing, and seductive performances or allusions to sexual activity by adults). We proactively enforce our Community Guidelines through a mix of technology and human moderation. We have detected this policy violation using automated measures. We have used automated measures in making this decision.",,STATEMENT_CATEGORY_SCOPE_OF_PLATFORM_SERVICE,,,,"[""CONTENT_TYPE_VIDEO""]",,,"2024-11-23 00:00:00","[""AT"",""BE"",""BG"",""CY"",""CZ"",""DE"",""DK"",""EE"",""ES"",""FI"",""FR"",""GR"",""HR"",""HU"",""IE"",""IT"",""LI"",""LT"",""LU"",""LV"",""MT"",""NL"",""NO"",""PL"",""PT"",""RO"",""SE"",""SI"",""SK""]","2024-11-23 00:00:00","The decision was taken pursuant to own-initiative investigations.",SOURCE_VOLUNTARY,,Yes,AUTOMATED_DECISION_FULLY,TikTok,7440371796655840032,"2024-11-23 07:22:39"
bae03517-a164-4766-a943-2adbbbe1b67d,"[""DECISION_VISIBILITY_CONTENT_REMOVED""]",,,,,,,,,,,DECISION_GROUND_INCOMPATIBLE_CONTENT,,,,"Sexual Exploitation and Gender-Based Violence","We are committed to providing a space that embraces gender equity, supports healthy relationships, and respects intimate privacy. We do not allow sexual exploitation or gender-based violence, including non-consensual sexual acts, image-based sexual abuse, sextortion, physical abuse, and sexual harassment.We proactively enforce our Community Guidelines through a mix of technology and human moderation. We have detected this policy violation using automated measures. We have used automated measures in making this decision.",,STATEMENT_CATEGORY_VIOLENCE,,,,"[""CONTENT_TYPE_TEXT""]",,,"2024-11-23 00:00:00","[""AT"",""BE"",""BG"",""CY"",""CZ"",""DE"",""DK"",""EE"",""ES"",""FI"",""FR"",""GR"",""HR"",""HU"",""IE"",""IT"",""LI"",""LT"",""LU"",""LV"",""MT"",""NL"",""NO"",""PL"",""PT"",""RO"",""SE"",""SI"",""SK""]","2024-11-23 00:00:00","The decision was taken pursuant to own-initiative investigations.",SOURCE_VOLUNTARY,,Yes,AUTOMATED_DECISION_FULLY,TikTok,7440371796655856416,"2024-11-23 07:22:39"
82a56bf0-0c01-4a69-9b4b-b508a10714a7,"[""DECISION_VISIBILITY_CONTENT_REMOVED""]",,,,,,,,,,,DECISION_GROUND_INCOMPATIBLE_CONTENT,,,,"Harassment and Bullying","We welcome the respectful expression of different viewpoints, but not toxicity or trolling. We do not allow language or behavior that harasses, humiliates, threatens, or doxes anyone. This also includes responding to such acts with retaliatory harassment (but excludes non-harassing counterspeech).We proactively enforce our Community Guidelines through a mix of technology and human moderation. We have detected this policy violation using automated measures. We have used automated measures in making this decision.",,STATEMENT_CATEGORY_ILLEGAL_OR_HARMFUL_SPEECH,,,,"[""CONTENT_TYPE_TEXT""]",,,"2024-11-23 00:00:00","[""AT"",""BE"",""BG"",""CY"",""CZ"",""DE"",""DK"",""EE"",""ES"",""FI"",""FR"",""GR"",""HR"",""HU"",""IE"",""IT"",""LI"",""LT"",""LU"",""LV"",""MT"",""NL"",""NO"",""PL"",""PT"",""RO"",""SE"",""SI"",""SK""]","2024-11-23 00:00:00","The decision was taken pursuant to own-initiative investigations.",SOURCE_VOLUNTARY,,Yes,AUTOMATED_DECISION_FULLY,TikTok,7440371796655872800,"2024-11-23 07:22:39"
c0d4dbe9-cf35-4ee2-a84b-041c36390958,"[""DECISION_VISIBILITY_OTHER""]","Video not eligible for recommendation in the For You feed",,,,,,,,,,DECISION_GROUND_INCOMPATIBLE_CONTENT,,,,"Community Guidelines","We maintain content eligibility standards for the For You feed (FYF) that prioritize safety and are informed by the diversity of our community and cultural norms. We make ineligible for the FYF certain content that may not be appropriate for a broad audience related to: (1) Behavioral Health, (2) Sensitive and Mature Themes, (3) Integrity and Authenticity, and (4) Regulated Goods. Content that is ineligible for the FYF can still be discovered in other ways, such as through search tools or by following an account.We proactively enforce our Community Guidelines through a mix of technology and human moderation. We have detected this policy violation using automated measures. We have used automated measures in making this decision.",,STATEMENT_CATEGORY_SCOPE_OF_PLATFORM_SERVICE,,,,"[""CONTENT_TYPE_VIDEO""]",,,"2024-11-23 00:00:00","[""AT"",""BE"",""BG"",""CY"",""CZ"",""DE"",""DK"",""EE"",""ES"",""FI"",""FR"",""GR"",""HR"",""HU"",""IE"",""IT"",""LI"",""LT"",""LU"",""LV"",""MT"",""NL"",""NO"",""PL"",""PT"",""RO"",""SE"",""SI"",""SK""]","2024-11-23 00:00:00","The decision was taken pursuant to own-initiative investigations.",SOURCE_VOLUNTARY,,Yes,AUTOMATED_DECISION_FULLY,TikTok,7440371795171056417,"2024-11-23 07:22:39"
2641415a-55a1-45ce-953e-9183e22845a5,"[""DECISION_VISIBILITY_OTHER""]","Video not eligible for recommendation in the For You feed",,,,,,,,,,DECISION_GROUND_INCOMPATIBLE_CONTENT,,,,"Community Guidelines","We maintain content eligibility standards for the For You feed (FYF) that prioritize safety and are informed by the diversity of our community and cultural norms. We make ineligible for the FYF certain content that may not be appropriate for a broad audience related to: (1) Behavioral Health, (2) Sensitive and Mature Themes, (3) Integrity and Authenticity, and (4) Regulated Goods. Content that is ineligible for the FYF can still be discovered in other ways, such as through search tools or by following an account.We proactively enforce our Community Guidelines through a mix of technology and human moderation. We have detected this policy violation using automated measures. We have used automated measures in making this decision.",,STATEMENT_CATEGORY_SCOPE_OF_PLATFORM_SERVICE,,,,"[""CONTENT_TYPE_VIDEO""]",,,"2024-11-23 00:00:00","[""AT"",""BE"",""BG"",""CY"",""CZ"",""DE"",""DK"",""EE"",""ES"",""FI"",""FR"",""GR"",""HR"",""HU"",""IE"",""IT"",""LI"",""LT"",""LU"",""LV"",""MT"",""NL"",""NO"",""PL"",""PT"",""RO"",""SE"",""SI"",""SK""]","2024-11-23 00:00:00","The decision was taken pursuant to own-initiative investigations.",SOURCE_VOLUNTARY,,Yes,AUTOMATED_DECISION_FULLY,TikTok,7440371795171072801,"2024-11-23 07:22:39"
ee755ac9-b076-458a-9d3b-ff7355538e74,"[""DECISION_VISIBILITY_OTHER""]","Photo not eligible for recommendation in the For You feed",,,,,,,,,,DECISION_GROUND_INCOMPATIBLE_CONTENT,,,,"Community Guidelines","Your content is against our Community Guidelines. The guidelines include rules and standards for using TikTok that apply to everyone and everything on our platform.",,STATEMENT_CATEGORY_NEGATIVE_EFFECTS_ON_CIVIC_DISCOURSE_OR_ELECTIONS,,,,"[""CONTENT_TYPE_IMAGE""]",,,"2024-11-23 00:00:00","[""AT"",""BE"",""BG"",""CY"",""CZ"",""DE"",""DK"",""EE"",""ES"",""FI"",""FR"",""GR"",""HR"",""HU"",""IE"",""IT"",""LI"",""LT"",""LU"",""LV"",""MT"",""NL"",""NO"",""PL"",""PT"",""RO"",""SE"",""SI"",""SK""]","2024-11-23 00:00:00","The decision was taken pursuant to own-initiative investigations.",SOURCE_VOLUNTARY,,Yes,AUTOMATED_DECISION_FULLY,TikTok,7440371796655889184,"2024-11-23 07:22:39"
37d132c2-b9a4-4cd9-ac29-cce36b0d2883,"[""DECISION_VISIBILITY_CONTENT_REMOVED""]",,,,,,,,,,,DECISION_GROUND_INCOMPATIBLE_CONTENT,,,,"Harassment and Bullying","We welcome the respectful expression of different viewpoints, but not toxicity or trolling. We do not allow language or behavior that harasses, humiliates, threatens, or doxes anyone. This also includes responding to such acts with retaliatory harassment (but excludes non-harassing counterspeech).We proactively enforce our Community Guidelines through a mix of technology and human moderation. We have detected this policy violation using automated measures. We have used automated measures in making this decision.",,STATEMENT_CATEGORY_ILLEGAL_OR_HARMFUL_SPEECH,,,,"[""CONTENT_TYPE_TEXT""]",,,"2024-11-23 00:00:00","[""AT"",""BE"",""BG"",""CY"",""CZ"",""DE"",""DK"",""EE"",""ES"",""FI"",""FR"",""GR"",""HR"",""HU"",""IE"",""IT"",""LI"",""LT"",""LU"",""LV"",""MT"",""NL"",""NO"",""PL"",""PT"",""RO"",""SE"",""SI"",""SK""]","2024-11-23 00:00:00","The decision was taken pursuant to own-initiative investigations.",SOURCE_VOLUNTARY,,Yes,AUTOMATED_DECISION_FULLY,TikTok,7440371800241871648,"2024-11-23 07:22:39"
0a6bb36c-89e3-4aa8-9db9-51ba773b4560,"[""DECISION_VISIBILITY_OTHER""]","Video not eligible for recommendation in the For You feed",,,,,,,,,,DECISION_GROUND_INCOMPATIBLE_CONTENT,,,,"Community Guidelines","We maintain content eligibility standards for the For You feed (FYF) that prioritize safety and are informed by the diversity of our community and cultural norms. We make ineligible for the FYF certain content that may not be appropriate for a broad audience related to: (1) Behavioral Health, (2) Sensitive and Mature Themes, (3) Integrity and Authenticity, and (4) Regulated Goods. Content that is ineligible for the FYF can still be discovered in other ways, such as through search tools or by following an account.We proactively enforce our Community Guidelines through a mix of technology and human moderation. We have detected this policy violation using automated measures. We have used automated measures in making this decision.",,STATEMENT_CATEGORY_SCOPE_OF_PLATFORM_SERVICE,,,,"[""CONTENT_TYPE_VIDEO""]",,,"2024-11-23 00:00:00","[""AT"",""BE"",""BG"",""CY"",""CZ"",""DE"",""DK"",""EE"",""ES"",""FI"",""FR"",""GR"",""HR"",""HU"",""IE"",""IT"",""LI"",""LT"",""LU"",""LV"",""MT"",""NL"",""NO"",""PL"",""PT"",""RO"",""SE"",""SI"",""SK""]","2024-11-23 00:00:00","The decision was taken pursuant to own-initiative investigations.",SOURCE_VOLUNTARY,,Yes,AUTOMATED_DECISION_FULLY,TikTok,7440371800241937184,"2024-11-23 07:22:41"
e8920a88-d285-4ec8-9e67-aa27d560d66b,"[""DECISION_VISIBILITY_CONTENT_REMOVED""]",,,,,,,,,,,DECISION_GROUND_INCOMPATIBLE_CONTENT,,,,"Harassment and Bullying","We welcome the respectful expression of different viewpoints, but not toxicity or trolling. We do not allow language or behavior that harasses, humiliates, threatens, or doxes anyone. This also includes responding to such acts with retaliatory harassment (but excludes non-harassing counterspeech).We proactively enforce our Community Guidelines through a mix of technology and human moderation. We have detected this policy violation using automated measures. We have used automated measures in making this decision.",,STATEMENT_CATEGORY_ILLEGAL_OR_HARMFUL_SPEECH,,,,"[""CONTENT_TYPE_TEXT""]",,,"2024-11-23 00:00:00","[""AT"",""BE"",""BG"",""CY"",""CZ"",""DE"",""DK"",""EE"",""ES"",""FI"",""FR"",""GR"",""HR"",""HU"",""IE"",""IT"",""LI"",""LT"",""LU"",""LV"",""MT"",""NL"",""NO"",""PL"",""PT"",""RO"",""SE"",""SI"",""SK""]","2024-11-23 00:00:00","The decision was taken pursuant to own-initiative investigations.",SOURCE_VOLUNTARY,,Yes,AUTOMATED_DECISION_FULLY,TikTok,7440371799134591776,"2024-11-23 07:22:41"
e045d8ce-af54-45af-b170-b218bd60f6d2,"[""DECISION_VISIBILITY_CONTENT_REMOVED""]",,,,,,,,,,,DECISION_GROUND_INCOMPATIBLE_CONTENT,,,,"Minimum Age Requirement","Users must be 13 years and older to have a TikTok account. We are deeply committed to ensuring that TikTok is a safe and positive experience for people under the age of 18. This starts by being old enough to use TikTok. If we learn someone is below the minimum age on TikTok, we will ban that account.We proactively enforce our Community Guidelines through a mix of technology and human moderation. We have detected this policy violation using automated measures. We have used automated measures in making this decision.",,STATEMENT_CATEGORY_PROTECTION_OF_MINORS,,,,"[""CONTENT_TYPE_TEXT""]",,,"2024-11-23 00:00:00","[""AT"",""BE"",""BG"",""CY"",""CZ"",""DE"",""DK"",""EE"",""ES"",""FI"",""FR"",""GR"",""HR"",""HU"",""IE"",""IT"",""LI"",""LT"",""LU"",""LV"",""MT"",""NL"",""NO"",""PL"",""PT"",""RO"",""SE"",""SI"",""SK""]","2024-11-23 00:00:00","The decision was taken pursuant to own-initiative investigations.",SOURCE_VOLUNTARY,,Yes,AUTOMATED_DECISION_FULLY,TikTok,7440371800241953568,"2024-11-23 07:22:41"
3f9ac8db-5555-4f95-b344-e92927a35da8,"[""DECISION_VISIBILITY_CONTENT_REMOVED""]",,,,,,,,,,,DECISION_GROUND_INCOMPATIBLE_CONTENT,,,,"Harassment and Bullying","We welcome the respectful expression of different viewpoints, but not toxicity or trolling. We do not allow language or behavior that harasses, humiliates, threatens, or doxes anyone. This also includes responding to such acts with retaliatory harassment (but excludes non-harassing counterspeech).We proactively enforce our Community Guidelines through a mix of technology and human moderation. We have detected this policy violation using automated measures. We have used automated measures in making this decision.",,STATEMENT_CATEGORY_ILLEGAL_OR_HARMFUL_SPEECH,,,,"[""CONTENT_TYPE_TEXT""]",,,"2024-11-23 00:00:00","[""AT"",""BE"",""BG"",""CY"",""CZ"",""DE"",""DK"",""EE"",""ES"",""FI"",""FR"",""GR"",""HR"",""HU"",""IE"",""IT"",""LI"",""LT"",""LU"",""LV"",""MT"",""NL"",""NO"",""PL"",""PT"",""RO"",""SE"",""SI"",""SK""]","2024-11-23 00:00:00","The decision was taken pursuant to own-initiative investigations.",SOURCE_VOLUNTARY,,Yes,AUTOMATED_DECISION_FULLY,TikTok,7440371799134608160,"2024-11-23 07:22:41"
b39d7567-6b0e-4f6c-9620-fee337d365bc,"[""DECISION_VISIBILITY_OTHER""]","Video not eligible for recommendation in the For You feed",,,,,,,,,,DECISION_GROUND_INCOMPATIBLE_CONTENT,,,,"Community Guidelines","We maintain content eligibility standards for the For You feed (FYF) that prioritize safety and are informed by the diversity of our community and cultural norms. We make ineligible for the FYF certain content that may not be appropriate for a broad audience related to: (1) Behavioral Health, (2) Sensitive and Mature Themes, (3) Integrity and Authenticity, and (4) Regulated Goods. Content that is ineligible for the FYF can still be discovered in other ways, such as through search tools or by following an account.We proactively enforce our Community Guidelines through a mix of technology and human moderation. We have detected this policy violation using automated measures. We have used automated measures in making this decision.",,STATEMENT_CATEGORY_SCOPE_OF_PLATFORM_SERVICE,,,,"[""CONTENT_TYPE_VIDEO""]",,,"2024-11-23 00:00:00","[""AT"",""BE"",""BG"",""CY"",""CZ"",""DE"",""DK"",""EE"",""ES"",""FI"",""FR"",""GR"",""HR"",""HU"",""IE"",""IT"",""LI"",""LT"",""LU"",""LV"",""MT"",""NL"",""NO"",""PL"",""PT"",""RO"",""SE"",""SI"",""SK""]","2024-11-23 00:00:00","The decision was taken pursuant to own-initiative investigations.",SOURCE_VOLUNTARY,,Yes,AUTOMATED_DECISION_FULLY,TikTok,7440371800241969952,"2024-11-23 07:22:41"
b019b6c4-d8cf-4352-a98e-21a7a2ff8eaf,"[""DECISION_VISIBILITY_OTHER""]","Video not eligible for recommendation in the For You feed",,,,,,,,,,DECISION_GROUND_INCOMPATIBLE_CONTENT,,,,"Community Guidelines","We maintain content eligibility standards for the For You feed (FYF) that prioritize safety and are informed by the diversity of our community and cultural norms. We make ineligible for the FYF certain content that may not be appropriate for a broad audience related to: (1) Behavioral Health, (2) Sensitive and Mature Themes, (3) Integrity and Authenticity, and (4) Regulated Goods. Content that is ineligible for the FYF can still be discovered in other ways, such as through search tools or by following an account.We proactively enforce our Community Guidelines through a mix of technology and human moderation. We have detected this policy violation using automated measures. We have used automated measures in making this decision.",,STATEMENT_CATEGORY_SCOPE_OF_PLATFORM_SERVICE,,,,"[""CONTENT_TYPE_VIDEO""]",,,"2024-11-23 00:00:00","[""AT"",""BE"",""BG"",""CY"",""CZ"",""DE"",""DK"",""EE"",""ES"",""FI"",""FR"",""GR"",""HR"",""HU"",""IE"",""IT"",""LI"",""LT"",""LU"",""LV"",""MT"",""NL"",""NO"",""PL"",""PT"",""RO"",""SE"",""SI"",""SK""]","2024-11-23 00:00:00","The decision was taken pursuant to own-initiative investigations.",SOURCE_VOLUNTARY,,Yes,AUTOMATED_DECISION_FULLY,TikTok,7440371799134624544,"2024-11-23 07:22:41"
5188126c-3660-4b5a-ae4b-08c1014c2fd8,"[""DECISION_VISIBILITY_CONTENT_REMOVED""]",,,,,,,,,,,DECISION_GROUND_INCOMPATIBLE_CONTENT,,,,"Trade of Regulated Goods and Services","Regulated goods and services often play an important and essential role in people’s lives. However, these items are regulated for a reason. TikTok is not a place for illegal traffic or trade, or an unofficial market. We do not allow facilitating the trade of regulated, prohibited, or high-risk goods and services, such as alcohol, tobacco products, regulated substances, firearms and other dangerous weapons, sexual services, animals, or counterfeit goods.We proactively enforce our Community Guidelines through a mix of technology and human moderation. We have detected this policy violation using automated measures. We have used automated measures in making this decision.",,STATEMENT_CATEGORY_SCOPE_OF_PLATFORM_SERVICE,,,,"[""CONTENT_TYPE_IMAGE""]",,,"2024-11-23 00:00:00","[""AT"",""BE"",""BG"",""CY"",""CZ"",""DE"",""DK"",""EE"",""ES"",""FI"",""FR"",""GR"",""HR"",""HU"",""IE"",""IT"",""LI"",""LT"",""LU"",""LV"",""MT"",""NL"",""NO"",""PL"",""PT"",""RO"",""SE"",""SI"",""SK""]","2024-11-23 00:00:00","The decision was taken pursuant to own-initiative investigations.",SOURCE_VOLUNTARY,,Yes,AUTOMATED_DECISION_FULLY,TikTok,7440371799134640928,"2024-11-23 07:22:41"
f65083f8-610c-4a92-8bbd-c1b226e41ea8,"[""DECISION_VISIBILITY_OTHER""]","Video not eligible for recommendation in the For You feed",,,,,,,,,,DECISION_GROUND_INCOMPATIBLE_CONTENT,,,,"Alcohol, Tobacco, and Drugs","While adults make personal choices about how they engage with alcohol, drugs, and tobacco, we recognize that there are risks connected to trading and using these substances. Content is ineligible for the For You feed and harder to find in search if it shows adults consuming excessive amounts of alcohol or tobacco products.We proactively enforce our Community Guidelines through a mix of technology and human moderation. We have detected this policy violation using automated measures. We have used automated measures in making this decision.",,STATEMENT_CATEGORY_SCOPE_OF_PLATFORM_SERVICE,,,,"[""CONTENT_TYPE_VIDEO""]",,,"2024-11-23 00:00:00","[""AT"",""BE"",""BG"",""CY"",""CZ"",""DE"",""DK"",""EE"",""ES"",""FI"",""FR"",""GR"",""HR"",""HU"",""IE"",""IT"",""LI"",""LT"",""LU"",""LV"",""MT"",""NL"",""NO"",""PL"",""PT"",""RO"",""SE"",""SI"",""SK""]","2024-11-23 00:00:00","The decision was taken pursuant to own-initiative investigations.",SOURCE_VOLUNTARY,,Yes,AUTOMATED_DECISION_FULLY,TikTok,7440371800241986336,"2024-11-23 07:22:41"
d168247b-06fe-4d4b-b6a0-bf345534994c,"[""DECISION_VISIBILITY_CONTENT_REMOVED""]",,,,,,,,,,,DECISION_GROUND_INCOMPATIBLE_CONTENT,,,,"Harassment and Bullying","We welcome the respectful expression of different viewpoints, but not toxicity or trolling. We do not allow language or behavior that harasses, humiliates, threatens, or doxes anyone. This also includes responding to such acts with retaliatory harassment (but excludes non-harassing counterspeech).We proactively enforce our Community Guidelines through a mix of technology and human moderation. We have detected this policy violation using automated measures. We have used automated measures in making this decision.",,STATEMENT_CATEGORY_ILLEGAL_OR_HARMFUL_SPEECH,,,,"[""CONTENT_TYPE_TEXT""]",,,"2024-11-23 00:00:00","[""AT"",""BE"",""BG"",""CY"",""CZ"",""DE"",""DK"",""EE"",""ES"",""FI"",""FR"",""GR"",""HR"",""HU"",""IE"",""IT"",""LI"",""LT"",""LU"",""LV"",""MT"",""NL"",""NO"",""PL"",""PT"",""RO"",""SE"",""SI"",""SK""]","2024-11-23 00:00:00","The decision was taken pursuant to own-initiative investigations.",SOURCE_VOLUNTARY,,Yes,AUTOMATED_DECISION_FULLY,TikTok,7440371799134657312,"2024-11-23 07:22:41"
8aa33042-6951-4f30-bef2-4513cb293a11,"[""DECISION_VISIBILITY_CONTENT_REMOVED""]",,,,,,,,,,,DECISION_GROUND_INCOMPATIBLE_CONTENT,,,,"Harassment and Bullying","We welcome the respectful expression of different viewpoints, but not toxicity or trolling. We do not allow language or behavior that harasses, humiliates, threatens, or doxes anyone. This also includes responding to such acts with retaliatory harassment (but excludes non-harassing counterspeech).We proactively enforce our Community Guidelines through a mix of technology and human moderation. We have detected this policy violation using automated measures. We have used automated measures in making this decision.",,STATEMENT_CATEGORY_ILLEGAL_OR_HARMFUL_SPEECH,,,,"[""CONTENT_TYPE_TEXT""]",,,"2024-11-23 00:00:00","[""AT"",""BE"",""BG"",""CY"",""CZ"",""DE"",""DK"",""EE"",""ES"",""FI"",""FR"",""GR"",""HR"",""HU"",""IE"",""IT"",""LI"",""LT"",""LU"",""LV"",""MT"",""NL"",""NO"",""PL"",""PT"",""RO"",""SE"",""SI"",""SK""]","2024-11-23 00:00:00","The decision was taken pursuant to own-initiative investigations.",SOURCE_VOLUNTARY,,Yes,AUTOMATED_DECISION_FULLY,TikTok,7440371799134673696,"2024-11-23 07:22:41"
cabf8aa6-a652-4113-8c5b-209bb1287b58,"[""DECISION_VISIBILITY_OTHER""]","Photo not eligible for recommendation in the For You feed, and visibility restricted in search results",,,,,,,,,,DECISION_GROUND_INCOMPATIBLE_CONTENT,,,,"Civic and Election Integrity","We want to enable the informed exchange of civic ideas in a way that fosters productive dialogue. Your video didn’t meet our eligibility standards for the For You Feed. Please review our Community Guidelines for more information.We proactively enforce our Community Guidelines through a mix of technology and human moderation. We have detected this policy violation using automated measures. We have used automated measures in making this decision.",,STATEMENT_CATEGORY_NEGATIVE_EFFECTS_ON_CIVIC_DISCOURSE_OR_ELECTIONS,,,,"[""CONTENT_TYPE_IMAGE""]",,,"2024-11-23 00:00:00","[""AT"",""BE"",""BG"",""CY"",""CZ"",""DE"",""DK"",""EE"",""ES"",""FI"",""FR"",""GR"",""HR"",""HU"",""IE"",""IT"",""LI"",""LT"",""LU"",""LV"",""MT"",""NL"",""NO"",""PL"",""PT"",""RO"",""SE"",""SI"",""SK""]","2024-11-23 00:00:00","The decision was taken pursuant to own-initiative investigations.",SOURCE_VOLUNTARY,,Yes,AUTOMATED_DECISION_FULLY,TikTok,7440371800242002720,"2024-11-23 07:22:41"
85b414f6-2eef-4614-a9fb-a08363857605,"[""DECISION_VISIBILITY_CONTENT_REMOVED""]",,,,,,,,,,,DECISION_GROUND_INCOMPATIBLE_CONTENT,,,,"Harassment and Bullying","We welcome the respectful expression of different viewpoints, but not toxicity or trolling. We do not allow language or behavior that harasses, humiliates, threatens, or doxes anyone. This also includes responding to such acts with retaliatory harassment (but excludes non-harassing counterspeech).We proactively enforce our Community Guidelines through a mix of technology and human moderation. We have detected this policy violation using automated measures. We have used automated measures in making this decision.",,STATEMENT_CATEGORY_ILLEGAL_OR_HARMFUL_SPEECH,,,,"[""CONTENT_TYPE_TEXT""]",,,"2024-11-23 00:00:00","[""AT"",""BE"",""BG"",""CY"",""CZ"",""DE"",""DK"",""EE"",""ES"",""FI"",""FR"",""GR"",""HR"",""HU"",""IE"",""IT"",""LI"",""LT"",""LU"",""LV"",""MT"",""NL"",""NO"",""PL"",""PT"",""RO"",""SE"",""SI"",""SK""]","2024-11-23 00:00:00","The decision was taken pursuant to own-initiative investigations.",SOURCE_VOLUNTARY,,Yes,AUTOMATED_DECISION_FULLY,TikTok,7440371799134690080,"2024-11-23 07:22:41"
b1a543e0-9915-4db5-8d53-da05a92d31c2,"[""DECISION_VISIBILITY_OTHER""]","Video not eligible for recommendation in the For You feed",,,,,,,,,,DECISION_GROUND_INCOMPATIBLE_CONTENT,,,,"Community Guidelines","We maintain content eligibility standards for the For You feed (FYF) that prioritize safety and are informed by the diversity of our community and cultural norms. We make ineligible for the FYF certain content that may not be appropriate for a broad audience related to: (1) Behavioral Health, (2) Sensitive and Mature Themes, (3) Integrity and Authenticity, and (4) Regulated Goods. Content that is ineligible for the FYF can still be discovered in other ways, such as through search tools or by following an account.We proactively enforce our Community Guidelines through a mix of technology and human moderation. We have detected this policy violation using automated measures. We have used automated measures in making this decision.",,STATEMENT_CATEGORY_SCOPE_OF_PLATFORM_SERVICE,,,,"[""CONTENT_TYPE_VIDEO""]",,,"2024-11-23 00:00:00","[""AT"",""BE"",""BG"",""CY"",""CZ"",""DE"",""DK"",""EE"",""ES"",""FI"",""FR"",""GR"",""HR"",""HU"",""IE"",""IT"",""LI"",""LT"",""LU"",""LV"",""MT"",""NL"",""NO"",""PL"",""PT"",""RO"",""SE"",""SI"",""SK""]","2024-11-23 00:00:00","The decision was taken pursuant to own-initiative investigations.",SOURCE_VOLUNTARY,,Yes,AUTOMATED_DECISION_FULLY,TikTok,7440371800242019104,"2024-11-23 07:22:41"
5eaf224e-724e-4392-99c0-d33ee6184499,"[""DECISION_VISIBILITY_CONTENT_REMOVED""]",,,,,,,,,,,DECISION_GROUND_INCOMPATIBLE_CONTENT,,,,"Harassment and Bullying","We welcome the respectful expression of different viewpoints, but not toxicity or trolling. We do not allow language or behavior that harasses, humiliates, threatens, or doxes anyone. This also includes responding to such acts with retaliatory harassment (but excludes non-harassing counterspeech).We proactively enforce our Community Guidelines through a mix of technology and human moderation. We have detected this policy violation using automated measures. We have used automated measures in making this decision.",,STATEMENT_CATEGORY_ILLEGAL_OR_HARMFUL_SPEECH,,,,"[""CONTENT_TYPE_TEXT""]",,,"2024-11-23 00:00:00","[""AT"",""BE"",""BG"",""CY"",""CZ"",""DE"",""DK"",""EE"",""ES"",""FI"",""FR"",""GR"",""HR"",""HU"",""IE"",""IT"",""LI"",""LT"",""LU"",""LV"",""MT"",""NL"",""NO"",""PL"",""PT"",""RO"",""SE"",""SI"",""SK""]","2024-11-23 00:00:00","The decision was taken pursuant to own-initiative investigations.",SOURCE_VOLUNTARY,,Yes,AUTOMATED_DECISION_FULLY,TikTok,7440371802808785697,"2024-11-23 07:22:41"
cce39735-1510-48e9-aef6-f01889feeeb7,"[""DECISION_VISIBILITY_CONTENT_AGE_RESTRICTED""]",,,,,,,,,,,DECISION_GROUND_INCOMPATIBLE_CONTENT,,,,"Minimum Age Requirement","Users must be 13 years and older to have a TikTok account. We are deeply committed to ensuring that TikTok is a safe and positive experience for people under the age of 18. This starts by being old enough to use TikTok. If we learn someone is below the minimum age on TikTok, we will ban that account. Content created by anyone under 16 is ineligible for the For You feed and harder to find in search.We proactively enforce our Community Guidelines through a mix of technology and human moderation. We have detected this policy violation using automated measures.",,STATEMENT_CATEGORY_PROTECTION_OF_MINORS,,,,"[""CONTENT_TYPE_VIDEO""]",,,"2024-05-13 00:00:00","[""AT"",""BE"",""BG"",""CY"",""CZ"",""DE"",""DK"",""EE"",""ES"",""FI"",""FR"",""GR"",""HR"",""HU"",""IE"",""IT"",""LI"",""LT"",""LU"",""LV"",""MT"",""NL"",""NO"",""PL"",""PT"",""RO"",""SE"",""SI"",""SK""]","2024-11-23 00:00:00","The decision was taken pursuant to own-initiative investigations.",SOURCE_VOLUNTARY,,Yes,AUTOMATED_DECISION_NOT_AUTOMATED,TikTok,7440371802808802081,"2024-11-23 07:22:41"
772b0c88-50d6-4a3b-b796-e34f065c4286,"[""DECISION_VISIBILITY_CONTENT_REMOVED""]",,,,,,,,,,,DECISION_GROUND_INCOMPATIBLE_CONTENT,,,,"Harassment and Bullying","We welcome the respectful expression of different viewpoints, but not toxicity or trolling. We do not allow language or behavior that harasses, humiliates, threatens, or doxes anyone. This also includes responding to such acts with retaliatory harassment (but excludes non-harassing counterspeech).We proactively enforce our Community Guidelines through a mix of technology and human moderation. We have detected this policy violation using automated measures. We have used automated measures in making this decision.",,STATEMENT_CATEGORY_ILLEGAL_OR_HARMFUL_SPEECH,,,,"[""CONTENT_TYPE_TEXT""]",,,"2024-11-23 00:00:00","[""AT"",""BE"",""BG"",""CY"",""CZ"",""DE"",""DK"",""EE"",""ES"",""FI"",""FR"",""GR"",""HR"",""HU"",""IE"",""IT"",""LI"",""LT"",""LU"",""LV"",""MT"",""NL"",""NO"",""PL"",""PT"",""RO"",""SE"",""SI"",""SK""]","2024-11-23 00:00:00","The decision was taken pursuant to own-initiative investigations.",SOURCE_VOLUNTARY,,Yes,AUTOMATED_DECISION_FULLY,TikTok,7440371802808818465,"2024-11-23 07:22:41"
57a2c0e4-f045-4f0b-b4f4-5e642d4bd1d3,"[""DECISION_VISIBILITY_OTHER""]","Video not eligible for recommendation in the For You feed",,,,,,,,,,DECISION_GROUND_INCOMPATIBLE_CONTENT,,,,"Community Guidelines","Your content is against our Community Guidelines. The guidelines include rules and standards for using TikTok that apply to everyone and everything on our platform.We proactively enforce our Community Guidelines through a mix of technology and human moderation. We have detected this policy violation using automated measures. We have used automated measures in making this decision.",,STATEMENT_CATEGORY_SCOPE_OF_PLATFORM_SERVICE,,,,"[""CONTENT_TYPE_OTHER""]","Video Sticker",,"2024-11-23 00:00:00","[""AT"",""BE"",""BG"",""CY"",""CZ"",""DE"",""DK"",""EE"",""ES"",""FI"",""FR"",""GR"",""HR"",""HU"",""IE"",""IT"",""LI"",""LT"",""LU"",""LV"",""MT"",""NL"",""NO"",""PL"",""PT"",""RO"",""SE"",""SI"",""SK""]","2024-11-23 00:00:00","The decision was taken pursuant to own-initiative investigations.",SOURCE_VOLUNTARY,,Yes,AUTOMATED_DECISION_FULLY,TikTok,7440371799134706464,"2024-11-23 07:22:41"
e29f245d-ce22-46b1-8f7d-99d15b2637dc,"[""DECISION_VISIBILITY_CONTENT_REMOVED""]",,,,,,,,,,,DECISION_GROUND_INCOMPATIBLE_CONTENT,,,,"Community Guidelines","Your content is against our Community Guidelines. The guidelines include rules and standards for using TikTok that apply to everyone and everything on our platform.We proactively enforce our Community Guidelines through a mix of technology and human moderation. We have detected this policy violation using automated measures. We have used automated measures in making this decision.",,STATEMENT_CATEGORY_SCOPE_OF_PLATFORM_SERVICE,,,,"[""CONTENT_TYPE_IMAGE""]",,,"2024-10-23 00:00:00","[""AT"",""BE"",""BG"",""CY"",""CZ"",""DE"",""DK"",""EE"",""ES"",""FI"",""FR"",""GR"",""HR"",""HU"",""IE"",""IT"",""LI"",""LT"",""LU"",""LV"",""MT"",""NL"",""NO"",""PL"",""PT"",""RO"",""SE"",""SI"",""SK""]","2024-11-23 00:00:00","The decision was taken pursuant to own-initiative investigations.",SOURCE_VOLUNTARY,,Yes,AUTOMATED_DECISION_FULLY,TikTok,7440371799134722848,"2024-11-23 07:22:41"
2bc02cd5-2e8e-4fdf-8632-6e09a96c588b,"[""DECISION_VISIBILITY_CONTENT_REMOVED""]",,,,,,,,,,,DECISION_GROUND_INCOMPATIBLE_CONTENT,,,,"Community Guidelines","Your content is against our Community Guidelines. The guidelines include rules and standards for using TikTok that apply to everyone and everything on our platform.We proactively enforce our Community Guidelines through a mix of technology and human moderation. We have detected this policy violation using automated measures. We have used automated measures in making this decision.",,STATEMENT_CATEGORY_SCOPE_OF_PLATFORM_SERVICE,,,,"[""CONTENT_TYPE_IMAGE""]",,,"2024-10-26 00:00:00","[""AT"",""BE"",""BG"",""CY"",""CZ"",""DE"",""DK"",""EE"",""ES"",""FI"",""FR"",""GR"",""HR"",""HU"",""IE"",""IT"",""LI"",""LT"",""LU"",""LV"",""MT"",""NL"",""NO"",""PL"",""PT"",""RO"",""SE"",""SI"",""SK""]","2024-11-23 00:00:00","The decision was taken pursuant to own-initiative investigations.",SOURCE_VOLUNTARY,,Yes,AUTOMATED_DECISION_FULLY,TikTok,7440371802078976800,"2024-11-23 07:22:41"
782c5e67-42fd-4894-aef4-d2b09e51d37a,"[""DECISION_VISIBILITY_CONTENT_REMOVED""]",,,,,,,,,,,DECISION_GROUND_INCOMPATIBLE_CONTENT,,,,"Community Guidelines","Your content is against our Community Guidelines. The guidelines include rules and standards for using TikTok that apply to everyone and everything on our platform.We proactively enforce our Community Guidelines through a mix of technology and human moderation. We have detected this policy violation using automated measures. We have used automated measures in making this decision.",,STATEMENT_CATEGORY_SCOPE_OF_PLATFORM_SERVICE,,,,"[""CONTENT_TYPE_IMAGE""]",,,"2024-11-03 00:00:00","[""AT"",""BE"",""BG"",""CY"",""CZ"",""DE"",""DK"",""EE"",""ES"",""FI"",""FR"",""GR"",""HR"",""HU"",""IE"",""IT"",""LI"",""LT"",""LU"",""LV"",""MT"",""NL"",""NO"",""PL"",""PT"",""RO"",""SE"",""SI"",""SK""]","2024-11-23 00:00:00","The decision was taken pursuant to own-initiative investigations.",SOURCE_VOLUNTARY,,Yes,AUTOMATED_DECISION_FULLY,TikTok,7440371802078993184,"2024-11-23 07:22:41"
843780c6-4a13-4ee7-a5f0-c3a92d9ec458,"[""DECISION_VISIBILITY_CONTENT_REMOVED""]",,,,,,,,,,,DECISION_GROUND_INCOMPATIBLE_CONTENT,,,,"Community Guidelines","Your content is against our Community Guidelines. The guidelines include rules and standards for using TikTok that apply to everyone and everything on our platform.We proactively enforce our Community Guidelines through a mix of technology and human moderation. We have detected this policy violation using automated measures. We have used automated measures in making this decision.",,STATEMENT_CATEGORY_SCOPE_OF_PLATFORM_SERVICE,,,,"[""CONTENT_TYPE_IMAGE""]",,,"2024-10-07 00:00:00","[""AT"",""BE"",""BG"",""CY"",""CZ"",""DE"",""DK"",""EE"",""ES"",""FI"",""FR"",""GR"",""HR"",""HU"",""IE"",""IT"",""LI"",""LT"",""LU"",""LV"",""MT"",""NL"",""NO"",""PL"",""PT"",""RO"",""SE"",""SI"",""SK""]","2024-11-23 00:00:00","The decision was taken pursuant to own-initiative investigations.",SOURCE_VOLUNTARY,,Yes,AUTOMATED_DECISION_FULLY,TikTok,7440371802808834849,"2024-11-23 07:22:41"
0a38a319-0900-47c3-87a0-a2e88d250ae8,"[""DECISION_VISIBILITY_CONTENT_REMOVED""]",,,,,,,,,,,DECISION_GROUND_INCOMPATIBLE_CONTENT,,,,"Community Guidelines","Your content is against our Community Guidelines. The guidelines include rules and standards for using TikTok that apply to everyone and everything on our platform.We proactively enforce our Community Guidelines through a mix of technology and human moderation. We have detected this policy violation using automated measures. We have used automated measures in making this decision.",,STATEMENT_CATEGORY_SCOPE_OF_PLATFORM_SERVICE,,,,"[""CONTENT_TYPE_IMAGE""]",,,"2024-10-01 00:00:00","[""AT"",""BE"",""BG"",""CY"",""CZ"",""DE"",""DK"",""EE"",""ES"",""FI"",""FR"",""GR"",""HR"",""HU"",""IE"",""IT"",""LI"",""LT"",""LU"",""LV"",""MT"",""NL"",""NO"",""PL"",""PT"",""RO"",""SE"",""SI"",""SK""]","2024-11-23 00:00:00","The decision was taken pursuant to own-initiative investigations.",SOURCE_VOLUNTARY,,Yes,AUTOMATED_DECISION_FULLY,TikTok,7440371802079009568,"2024-11-23 07:22:41"
e5225868-e317-455a-b7a1-a8e53cf05b0b,"[""DECISION_VISIBILITY_CONTENT_REMOVED""]",,,,,,,,,,,DECISION_GROUND_INCOMPATIBLE_CONTENT,,,,"Sexual Activity and Services","TikTok is a place where people can come to discuss or learn about sexuality, sex, or sexual health. We are mindful that certain content involving sexuality, sex, or sexual health may not be appropriate for young people, be considered offensive by some, or create the potential for exploitation. We do not allow the solicitation of sexual services, sexual activity, including sex, sexual arousal, fetish and kink behavior or the use of sexually explicit narratives by anyone.We proactively enforce our Community Guidelines through a mix of technology and human moderation. We have detected this policy violation using automated measures.",,STATEMENT_CATEGORY_PORNOGRAPHY_OR_SEXUALIZED_CONTENT,,,,"[""CONTENT_TYPE_OTHER""]",Hashtag,,"2024-08-29 00:00:00","[""AT"",""BE"",""BG"",""CY"",""CZ"",""DE"",""DK"",""EE"",""ES"",""FI"",""FR"",""GR"",""HR"",""HU"",""IE"",""IT"",""LI"",""LT"",""LU"",""LV"",""MT"",""NL"",""NO"",""PL"",""PT"",""RO"",""SE"",""SI"",""SK""]","2024-11-23 00:00:00","The decision was taken pursuant to own-initiative investigations.",SOURCE_VOLUNTARY,,Yes,AUTOMATED_DECISION_NOT_AUTOMATED,TikTok,7440371802808851233,"2024-11-23 07:22:41"
c1a5a926-a78d-45b9-b660-f413be350c3d,"[""DECISION_VISIBILITY_CONTENT_REMOVED""]",,,,,,,,,,,DECISION_GROUND_INCOMPATIBLE_CONTENT,,,,"Community Guidelines","Your content is against our Community Guidelines. The guidelines include rules and standards for using TikTok that apply to everyone and everything on our platform.We proactively enforce our Community Guidelines through a mix of technology and human moderation. We have detected this policy violation using automated measures. We have used automated measures in making this decision.",,STATEMENT_CATEGORY_SCOPE_OF_PLATFORM_SERVICE,,,,"[""CONTENT_TYPE_IMAGE""]",,,"2024-10-09 00:00:00","[""AT"",""BE"",""BG"",""CY"",""CZ"",""DE"",""DK"",""EE"",""ES"",""FI"",""FR"",""GR"",""HR"",""HU"",""IE"",""IT"",""LI"",""LT"",""LU"",""LV"",""MT"",""NL"",""NO"",""PL"",""PT"",""RO"",""SE"",""SI"",""SK""]","2024-11-23 00:00:00","The decision was taken pursuant to own-initiative investigations.",SOURCE_VOLUNTARY,,Yes,AUTOMATED_DECISION_FULLY,TikTok,7440371802079025952,"2024-11-23 07:22:41"
84d12f28-a2fd-43c1-bd02-3eac7ebaaf2f,"[""DECISION_VISIBILITY_CONTENT_REMOVED""]",,,,,,,,,,,DECISION_GROUND_INCOMPATIBLE_CONTENT,,,,"Community Guidelines","Your content is against our Community Guidelines. The guidelines include rules and standards for using TikTok that apply to everyone and everything on our platform.We proactively enforce our Community Guidelines through a mix of technology and human moderation. We have detected this policy violation using automated measures. We have used automated measures in making this decision.",,STATEMENT_CATEGORY_SCOPE_OF_PLATFORM_SERVICE,,,,"[""CONTENT_TYPE_IMAGE""]",,,"2024-11-18 00:00:00","[""AT"",""BE"",""BG"",""CY"",""CZ"",""DE"",""DK"",""EE"",""ES"",""FI"",""FR"",""GR"",""HR"",""HU"",""IE"",""IT"",""LI"",""LT"",""LU"",""LV"",""MT"",""NL"",""NO"",""PL"",""PT"",""RO"",""SE"",""SI"",""SK""]","2024-11-23 00:00:00","The decision was taken pursuant to own-initiative investigations.",SOURCE_VOLUNTARY,,Yes,AUTOMATED_DECISION_FULLY,TikTok,7440371802079042336,"2024-11-23 07:22:41"
c9f8fc11-5a0b-471c-bf07-c603e155e525,"[""DECISION_VISIBILITY_CONTENT_REMOVED""]",,,,,,,,,,,DECISION_GROUND_INCOMPATIBLE_CONTENT,,,,"Community Guidelines","Your content is against our Community Guidelines. The guidelines include rules and standards for using TikTok that apply to everyone and everything on our platform.We proactively enforce our Community Guidelines through a mix of technology and human moderation. We have detected this policy violation using automated measures. We have used automated measures in making this decision.",,STATEMENT_CATEGORY_SCOPE_OF_PLATFORM_SERVICE,,,,"[""CONTENT_TYPE_VIDEO""]",,,"2024-11-23 00:00:00","[""AT"",""BE"",""BG"",""CY"",""CZ"",""DE"",""DK"",""EE"",""ES"",""FI"",""FR"",""GR"",""HR"",""HU"",""IE"",""IT"",""LI"",""LT"",""LU"",""LV"",""MT"",""NL"",""NO"",""PL"",""PT"",""RO"",""SE"",""SI"",""SK""]","2024-11-23 00:00:00","The decision was taken pursuant to own-initiative investigations.",SOURCE_VOLUNTARY,,Yes,AUTOMATED_DECISION_FULLY,TikTok,7440371802079058720,"2024-11-23 07:22:41"
768a0acf-636b-45f7-9db1-7a315f7c6a79,"[""DECISION_VISIBILITY_CONTENT_REMOVED""]",,,,,,,,,,,DECISION_GROUND_INCOMPATIBLE_CONTENT,,,,"Community Guidelines","Your content is against our Community Guidelines. The guidelines include rules and standards for using TikTok that apply to everyone and everything on our platform.We proactively enforce our Community Guidelines through a mix of technology and human moderation. We have detected this policy violation using automated measures. We have used automated measures in making this decision.",,STATEMENT_CATEGORY_SCOPE_OF_PLATFORM_SERVICE,,,,"[""CONTENT_TYPE_IMAGE""]",,,"2024-10-30 00:00:00","[""AT"",""BE"",""BG"",""CY"",""CZ"",""DE"",""DK"",""EE"",""ES"",""FI"",""FR"",""GR"",""HR"",""HU"",""IE"",""IT"",""LI"",""LT"",""LU"",""LV"",""MT"",""NL"",""NO"",""PL"",""PT"",""RO"",""SE"",""SI"",""SK""]","2024-11-23 00:00:00","The decision was taken pursuant to own-initiative investigations.",SOURCE_VOLUNTARY,,Yes,AUTOMATED_DECISION_FULLY,TikTok,7440371802808867617,"2024-11-23 07:22:41"
f68d9795-e3fc-47ba-8d78-38829f5357c1,"[""DECISION_VISIBILITY_OTHER""]","Video not eligible for recommendation in the For You feed",,,,,,,,,,DECISION_GROUND_INCOMPATIBLE_CONTENT,,,,"Community Guidelines","We maintain content eligibility standards for the For You feed (FYF) that prioritize safety and are informed by the diversity of our community and cultural norms. We make ineligible for the FYF certain content that may not be appropriate for a broad audience related to: (1) Behavioral Health, (2) Sensitive and Mature Themes, (3) Integrity and Authenticity, and (4) Regulated Goods. Content that is ineligible for the FYF can still be discovered in other ways, such as through search tools or by following an account.We proactively enforce our Community Guidelines through a mix of technology and human moderation. We have detected this policy violation using automated measures. We have used automated measures in making this decision.",,STATEMENT_CATEGORY_SCOPE_OF_PLATFORM_SERVICE,,,,"[""CONTENT_TYPE_VIDEO""]",,,"2024-11-23 00:00:00","[""AT"",""BE"",""BG"",""CY"",""CZ"",""DE"",""DK"",""EE"",""ES"",""FI"",""FR"",""GR"",""HR"",""HU"",""IE"",""IT"",""LI"",""LT"",""LU"",""LV"",""MT"",""NL"",""NO"",""PL"",""PT"",""RO"",""SE"",""SI"",""SK""]","2024-11-23 00:00:00","The decision was taken pursuant to own-initiative investigations.",SOURCE_VOLUNTARY,,Yes,AUTOMATED_DECISION_FULLY,TikTok,7440371802079075104,"2024-11-23 07:22:41"
d8bb65e1-8b64-47af-bd39-f4d0bea0df1a,"[""DECISION_VISIBILITY_CONTENT_REMOVED""]",,,,,,,,,,,DECISION_GROUND_INCOMPATIBLE_CONTENT,,,,"Frauds and Scams","We want people to be able to use our platform to learn about ways to be financially responsible and consider economic transactions or investment opportunities, without worrying about scams or financial exploitation. We do not allow attempts to defraud or scam members of our community.We proactively enforce our Community Guidelines through a mix of technology and human moderation. We have detected this policy violation using automated measures. We have used automated measures in making this decision.",,STATEMENT_CATEGORY_SCAMS_AND_FRAUD,,,,"[""CONTENT_TYPE_TEXT""]",,,"2024-11-23 00:00:00","[""AT"",""BE"",""BG"",""CY"",""CZ"",""DE"",""DK"",""EE"",""ES"",""FI"",""FR"",""GR"",""HR"",""HU"",""IE"",""IT"",""LI"",""LT"",""LU"",""LV"",""MT"",""NL"",""NO"",""PL"",""PT"",""RO"",""SE"",""SI"",""SK""]","2024-11-23 00:00:00","The decision was taken pursuant to own-initiative investigations.",SOURCE_VOLUNTARY,,Yes,AUTOMATED_DECISION_FULLY,TikTok,7440371802808884001,"2024-11-23 07:22:41"
dc87b485-780c-4ead-a17c-df4107330907,"[""DECISION_VISIBILITY_CONTENT_REMOVED""]",,,,,,,,,,,DECISION_GROUND_INCOMPATIBLE_CONTENT,,,,"Harassment and Bullying","We welcome the respectful expression of different viewpoints, but not toxicity or trolling. We do not allow language or behavior that harasses, humiliates, threatens, or doxes anyone. This also includes responding to such acts with retaliatory harassment (but excludes non-harassing counterspeech).We proactively enforce our Community Guidelines through a mix of technology and human moderation. We have detected this policy violation using automated measures. We have used automated measures in making this decision.",,STATEMENT_CATEGORY_ILLEGAL_OR_HARMFUL_SPEECH,,,,"[""CONTENT_TYPE_TEXT""]",,,"2024-11-23 00:00:00","[""AT"",""BE"",""BG"",""CY"",""CZ"",""DE"",""DK"",""EE"",""ES"",""FI"",""FR"",""GR"",""HR"",""HU"",""IE"",""IT"",""LI"",""LT"",""LU"",""LV"",""MT"",""NL"",""NO"",""PL"",""PT"",""RO"",""SE"",""SI"",""SK""]","2024-11-23 00:00:00","The decision was taken pursuant to own-initiative investigations.",SOURCE_VOLUNTARY,,Yes,AUTOMATED_DECISION_FULLY,TikTok,7440371802808900385,"2024-11-23 07:22:41"
5a2296af-1460-4fed-bcac-8fa3b22ebd0e,"[""DECISION_VISIBILITY_CONTENT_REMOVED""]",,,,,,,,,,,DECISION_GROUND_INCOMPATIBLE_CONTENT,,,,"Harassment and Bullying","We welcome the respectful expression of different viewpoints, but not toxicity or trolling. We do not allow language or behavior that harasses, humiliates, threatens, or doxes anyone. This also includes responding to such acts with retaliatory harassment (but excludes non-harassing counterspeech).We proactively enforce our Community Guidelines through a mix of technology and human moderation. We have detected this policy violation using automated measures. We have used automated measures in making this decision.",,STATEMENT_CATEGORY_ILLEGAL_OR_HARMFUL_SPEECH,,,,"[""CONTENT_TYPE_TEXT""]",,,"2024-11-23 00:00:00","[""AT"",""BE"",""BG"",""CY"",""CZ"",""DE"",""DK"",""EE"",""ES"",""FI"",""FR"",""GR"",""HR"",""HU"",""IE"",""IT"",""LI"",""LT"",""LU"",""LV"",""MT"",""NL"",""NO"",""PL"",""PT"",""RO"",""SE"",""SI"",""SK""]","2024-11-23 00:00:00","The decision was taken pursuant to own-initiative investigations.",SOURCE_VOLUNTARY,,Yes,AUTOMATED_DECISION_FULLY,TikTok,7440371802808916769,"2024-11-23 07:22:41"
47212ba3-aa52-4587-9e2a-b86056f2f02a,"[""DECISION_VISIBILITY_CONTENT_REMOVED""]",,,,,,,,,,,DECISION_GROUND_INCOMPATIBLE_CONTENT,,,,"Harassment and Bullying","We welcome the respectful expression of different viewpoints, but not toxicity or trolling. We do not allow language or behavior that harasses, humiliates, threatens, or doxes anyone. This also includes responding to such acts with retaliatory harassment (but excludes non-harassing counterspeech).We proactively enforce our Community Guidelines through a mix of technology and human moderation. We have detected this policy violation using automated measures. We have used automated measures in making this decision.",,STATEMENT_CATEGORY_ILLEGAL_OR_HARMFUL_SPEECH,,,,"[""CONTENT_TYPE_TEXT""]",,,"2024-11-23 00:00:00","[""AT"",""BE"",""BG"",""CY"",""CZ"",""DE"",""DK"",""EE"",""ES"",""FI"",""FR"",""GR"",""HR"",""HU"",""IE"",""IT"",""LI"",""LT"",""LU"",""LV"",""MT"",""NL"",""NO"",""PL"",""PT"",""RO"",""SE"",""SI"",""SK""]","2024-11-23 00:00:00","The decision was taken pursuant to own-initiative investigations.",SOURCE_VOLUNTARY,,Yes,AUTOMATED_DECISION_FULLY,TikTok,7440371802079091488,"2024-11-23 07:22:41"
74da7eee-8f3a-4fd6-a0e6-621d783f6357,"[""DECISION_VISIBILITY_CONTENT_REMOVED""]",,,,,,,,,,,DECISION_GROUND_INCOMPATIBLE_CONTENT,,,,"Spam and Deceptive Account Behaviors","To build a trusted community online, it is important that the behaviors and identities of accounts are authentic and truthful. We do not allow account behaviors that may spam or mislead our community. We will restrict the visibility of comments that contain excessive or irrelevant spam content. We proactively enforce our Community Guidelines through a mix of technology and human moderation. We have detected this policy violation using automated measures. We have used automated measures in making this decision.",,STATEMENT_CATEGORY_SCAMS_AND_FRAUD,,,,"[""CONTENT_TYPE_TEXT""]",,,"2024-11-23 00:00:00","[""AT"",""BE"",""BG"",""CY"",""CZ"",""DE"",""DK"",""EE"",""ES"",""FI"",""FR"",""GR"",""HR"",""HU"",""IE"",""IT"",""LI"",""LT"",""LU"",""LV"",""MT"",""NL"",""NO"",""PL"",""PT"",""RO"",""SE"",""SI"",""SK""]","2024-11-23 00:00:00","The decision was taken pursuant to own-initiative investigations.",SOURCE_VOLUNTARY,,Yes,AUTOMATED_DECISION_FULLY,TikTok,7440371802808933153,"2024-11-23 07:22:41"
1676762c-42ee-48c5-9b5c-02eb744cf7d9,"[""DECISION_VISIBILITY_CONTENT_REMOVED""]",,,,,,,,,,,DECISION_GROUND_INCOMPATIBLE_CONTENT,,,,"Violent Behaviors and Criminal Activities","We recognize that online content related to violence can cause real-world harm. We do not allow any violent threats, incitement to violence, or promotion of criminal activities that may harm people, animals, or property. If there is a specific, credible, and imminent threat to human life or serious physical injury, we will report it to relevant law enforcement authorities.We proactively enforce our Community Guidelines through a mix of technology and human moderation. We have detected this policy violation using automated measures. We have used automated measures in making this decision.",,STATEMENT_CATEGORY_VIOLENCE,,,,"[""CONTENT_TYPE_TEXT""]",,,"2024-11-23 00:00:00","[""AT"",""BE"",""BG"",""CY"",""CZ"",""DE"",""DK"",""EE"",""ES"",""FI"",""FR"",""GR"",""HR"",""HU"",""IE"",""IT"",""LI"",""LT"",""LU"",""LV"",""MT"",""NL"",""NO"",""PL"",""PT"",""RO"",""SE"",""SI"",""SK""]","2024-11-23 00:00:00","The decision was taken pursuant to own-initiative investigations.",SOURCE_VOLUNTARY,,Yes,AUTOMATED_DECISION_FULLY,TikTok,7440371807913253664,"2024-11-23 07:22:41"
4ceaba06-c9b2-45e7-9167-57e95e497dca,"[""DECISION_VISIBILITY_CONTENT_REMOVED""]",,,,,,,,,,,DECISION_GROUND_INCOMPATIBLE_CONTENT,,,,"Community Guidelines","Your content is against our Community Guidelines. The guidelines include rules and standards for using TikTok that apply to everyone and everything on our platform.We proactively enforce our Community Guidelines through a mix of technology and human moderation. We have detected this policy violation using automated measures. We have used automated measures in making this decision.",,STATEMENT_CATEGORY_SCOPE_OF_PLATFORM_SERVICE,,,,"[""CONTENT_TYPE_VIDEO""]",,,"2024-11-23 00:00:00","[""AT"",""BE"",""BG"",""CY"",""CZ"",""DE"",""DK"",""EE"",""ES"",""FI"",""FR"",""GR"",""HR"",""HU"",""IE"",""IT"",""LI"",""LT"",""LU"",""LV"",""MT"",""NL"",""NO"",""PL"",""PT"",""RO"",""SE"",""SI"",""SK""]","2024-11-23 00:00:00","The decision was taken pursuant to own-initiative investigations.",SOURCE_VOLUNTARY,,Yes,AUTOMATED_DECISION_FULLY,TikTok,7440371802079107872,"2024-11-23 07:22:41"
47903bdb-629f-42dd-b88e-f9ce4c13ee6b,"[""DECISION_VISIBILITY_OTHER""]","Video not eligible for recommendation in the For You feed",,,,,,,,,,DECISION_GROUND_INCOMPATIBLE_CONTENT,,,,"Community Guidelines","We maintain content eligibility standards for the For You feed (FYF) that prioritize safety and are informed by the diversity of our community and cultural norms. We make ineligible for the FYF certain content that may not be appropriate for a broad audience related to: (1) Behavioral Health, (2) Sensitive and Mature Themes, (3) Integrity and Authenticity, and (4) Regulated Goods. Content that is ineligible for the FYF can still be discovered in other ways, such as through search tools or by following an account.We proactively enforce our Community Guidelines through a mix of technology and human moderation. We have detected this policy violation using automated measures. We have used automated measures in making this decision.",,STATEMENT_CATEGORY_SCOPE_OF_PLATFORM_SERVICE,,,,"[""CONTENT_TYPE_VIDEO""]",,,"2024-11-23 00:00:00","[""AT"",""BE"",""BG"",""CY"",""CZ"",""DE"",""DK"",""EE"",""ES"",""FI"",""FR"",""GR"",""HR"",""HU"",""IE"",""IT"",""LI"",""LT"",""LU"",""LV"",""MT"",""NL"",""NO"",""PL"",""PT"",""RO"",""SE"",""SI"",""SK""]","2024-11-23 00:00:00","The decision was taken pursuant to own-initiative investigations.",SOURCE_VOLUNTARY,,Yes,AUTOMATED_DECISION_FULLY,TikTok,7440371802079124256,"2024-11-23 07:22:41"
5a94e4f7-82ca-4bc1-a219-6e423ab6ab8f,"[""DECISION_VISIBILITY_OTHER""]","Video not eligible for recommendation in the For You feed",,,,,,,,,,DECISION_GROUND_INCOMPATIBLE_CONTENT,,,,"Alcohol, Tobacco, and Drugs","While adults make personal choices about how they engage with alcohol, drugs, and tobacco, we recognize that there are risks connected to trading and using these substances. Content is ineligible for the For You feed and harder to find in search if it shows adults consuming excessive amounts of alcohol or tobacco products.We proactively enforce our Community Guidelines through a mix of technology and human moderation. We have detected this policy violation using automated measures. We have used automated measures in making this decision.",,STATEMENT_CATEGORY_SCOPE_OF_PLATFORM_SERVICE,,,,"[""CONTENT_TYPE_VIDEO""]",,,"2024-11-23 00:00:00","[""AT"",""BE"",""BG"",""CY"",""CZ"",""DE"",""DK"",""EE"",""ES"",""FI"",""FR"",""GR"",""HR"",""HU"",""IE"",""IT"",""LI"",""LT"",""LU"",""LV"",""MT"",""NL"",""NO"",""PL"",""PT"",""RO"",""SE"",""SI"",""SK""]","2024-11-23 00:00:00","The decision was taken pursuant to own-initiative investigations.",SOURCE_VOLUNTARY,,Yes,AUTOMATED_DECISION_FULLY,TikTok,7440371807867116321,"2024-11-23 07:22:41"
f9736b6d-3ddf-43da-abf6-74e0c5876df6,"[""DECISION_VISIBILITY_OTHER""]","Video not eligible for recommendation in the For You feed",,,,,,,,,,DECISION_GROUND_INCOMPATIBLE_CONTENT,,,,"Alcohol, Tobacco, and Drugs","While adults make personal choices about how they engage with alcohol, drugs, and tobacco, we recognize that there are risks connected to trading and using these substances. Content is ineligible for the For You feed and harder to find in search if it shows adults consuming excessive amounts of alcohol or tobacco products.We proactively enforce our Community Guidelines through a mix of technology and human moderation. We have detected this policy violation using automated measures. We have used automated measures in making this decision.",,STATEMENT_CATEGORY_SCOPE_OF_PLATFORM_SERVICE,,,,"[""CONTENT_TYPE_VIDEO""]",,,"2024-11-23 00:00:00","[""AT"",""BE"",""BG"",""CY"",""CZ"",""DE"",""DK"",""EE"",""ES"",""FI"",""FR"",""GR"",""HR"",""HU"",""IE"",""IT"",""LI"",""LT"",""LU"",""LV"",""MT"",""NL"",""NO"",""PL"",""PT"",""RO"",""SE"",""SI"",""SK""]","2024-11-23 00:00:00","The decision was taken pursuant to own-initiative investigations.",SOURCE_VOLUNTARY,,Yes,AUTOMATED_DECISION_FULLY,TikTok,7440371807913270048,"2024-11-23 07:22:41"
18a4ae0f-40cc-43b9-bf15-f9ed61987201,"[""DECISION_VISIBILITY_CONTENT_REMOVED""]",,,,,,,,,,,DECISION_GROUND_INCOMPATIBLE_CONTENT,,,,"Harassment and Bullying","We welcome the respectful expression of different viewpoints, but not toxicity or trolling. We do not allow language or behavior that harasses, humiliates, threatens, or doxes anyone. This also includes responding to such acts with retaliatory harassment (but excludes non-harassing counterspeech).We proactively enforce our Community Guidelines through a mix of technology and human moderation. We have detected this policy violation using automated measures. We have used automated measures in making this decision.",,STATEMENT_CATEGORY_ILLEGAL_OR_HARMFUL_SPEECH,,,,"[""CONTENT_TYPE_TEXT""]",,,"2024-11-23 00:00:00","[""AT"",""BE"",""BG"",""CY"",""CZ"",""DE"",""DK"",""EE"",""ES"",""FI"",""FR"",""GR"",""HR"",""HU"",""IE"",""IT"",""LI"",""LT"",""LU"",""LV"",""MT"",""NL"",""NO"",""PL"",""PT"",""RO"",""SE"",""SI"",""SK""]","2024-11-23 00:00:00","The decision was taken pursuant to own-initiative investigations.",SOURCE_VOLUNTARY,,Yes,AUTOMATED_DECISION_FULLY,TikTok,7440371807913286432,"2024-11-23 07:22:41"
aa8c05bf-31a2-4c5a-9c16-bcbd0b8853fd,"[""DECISION_VISIBILITY_CONTENT_REMOVED""]",,,,,,,,,,,DECISION_GROUND_INCOMPATIBLE_CONTENT,,,,"Community Guidelines","Your content is against our Community Guidelines. The guidelines include rules and standards for using TikTok that apply to everyone and everything on our platform.We proactively enforce our Community Guidelines through a mix of technology and human moderation. We have detected this policy violation using automated measures. We have used automated measures in making this decision.",,STATEMENT_CATEGORY_SCOPE_OF_PLATFORM_SERVICE,,,,"[""CONTENT_TYPE_VIDEO""]",,,"2024-11-23 00:00:00","[""AT"",""BE"",""BG"",""CY"",""CZ"",""DE"",""DK"",""EE"",""ES"",""FI"",""FR"",""GR"",""HR"",""HU"",""IE"",""IT"",""LI"",""LT"",""LU"",""LV"",""MT"",""NL"",""NO"",""PL"",""PT"",""RO"",""SE"",""SI"",""SK""]","2024-11-23 00:00:00","The decision was taken pursuant to own-initiative investigations.",SOURCE_VOLUNTARY,,Yes,AUTOMATED_DECISION_FULLY,TikTok,7440371807867132705,"2024-11-23 07:22:41"
09b8a909-bf34-4301-b5de-f81f3636c55e,"[""DECISION_VISIBILITY_CONTENT_REMOVED""]",,,,,,,,,,,DECISION_GROUND_INCOMPATIBLE_CONTENT,,,,"Harassment and Bullying","We welcome the respectful expression of different viewpoints, but not toxicity or trolling. We do not allow language or behavior that harasses, humiliates, threatens, or doxes anyone. This also includes responding to such acts with retaliatory harassment (but excludes non-harassing counterspeech).We proactively enforce our Community Guidelines through a mix of technology and human moderation. We have detected this policy violation using automated measures. We have used automated measures in making this decision.",,STATEMENT_CATEGORY_ILLEGAL_OR_HARMFUL_SPEECH,,,,"[""CONTENT_TYPE_TEXT""]",,,"2024-11-23 00:00:00","[""AT"",""BE"",""BG"",""CY"",""CZ"",""DE"",""DK"",""EE"",""ES"",""FI"",""FR"",""GR"",""HR"",""HU"",""IE"",""IT"",""LI"",""LT"",""LU"",""LV"",""MT"",""NL"",""NO"",""PL"",""PT"",""RO"",""SE"",""SI"",""SK""]","2024-11-23 00:00:00","The decision was taken pursuant to own-initiative investigations.",SOURCE_VOLUNTARY,,Yes,AUTOMATED_DECISION_FULLY,TikTok,7440371807867149089,"2024-11-23 07:22:41"
308ceea6-9f3c-45a5-9798-34f89b00e3d9,"[""DECISION_VISIBILITY_CONTENT_REMOVED""]",,,,,,,,,,,DECISION_GROUND_INCOMPATIBLE_CONTENT,,,,"Personal Information","We are committed to making sure that any personal information shared intentionally or accidentally on TikTok does not lead to harm. We do not allow content that includes personal information that may create a risk of stalking, violence, phishing, fraud, identity theft, or financial exploitation, including content that someone has posted themselves or that they consented to being shared by others.We proactively enforce our Community Guidelines through a mix of technology and human moderation. We have detected this policy violation using automated measures.",,STATEMENT_CATEGORY_DATA_PROTECTION_AND_PRIVACY_VIOLATIONS,,,,"[""CONTENT_TYPE_OTHER""]","Profile information",,"2024-11-23 00:00:00","[""AT"",""BE"",""BG"",""CY"",""CZ"",""DE"",""DK"",""EE"",""ES"",""FI"",""FR"",""GR"",""HR"",""HU"",""IE"",""IT"",""LI"",""LT"",""LU"",""LV"",""MT"",""NL"",""NO"",""PL"",""PT"",""RO"",""SE"",""SI"",""SK""]","2024-11-23 00:00:00","The decision was taken pursuant to own-initiative investigations.",SOURCE_VOLUNTARY,,Yes,AUTOMATED_DECISION_NOT_AUTOMATED,TikTok,7440371807867165473,"2024-11-23 07:22:41"
e2e39d1b-5bf0-47ee-bc69-a79dd3cacbd1,"[""DECISION_VISIBILITY_OTHER""]","Video not eligible for recommendation in the For You feed",,,,,,,,,,DECISION_GROUND_INCOMPATIBLE_CONTENT,,,,"Community Guidelines","We maintain content eligibility standards for the For You feed (FYF) that prioritize safety and are informed by the diversity of our community and cultural norms. We make ineligible for the FYF certain content that may not be appropriate for a broad audience related to: (1) Behavioral Health, (2) Sensitive and Mature Themes, (3) Integrity and Authenticity, and (4) Regulated Goods. Content that is ineligible for the FYF can still be discovered in other ways, such as through search tools or by following an account.We proactively enforce our Community Guidelines through a mix of technology and human moderation. We have detected this policy violation using automated measures. We have used automated measures in making this decision.",,STATEMENT_CATEGORY_SCOPE_OF_PLATFORM_SERVICE,,,,"[""CONTENT_TYPE_VIDEO""]",,,"2024-11-23 00:00:00","[""AT"",""BE"",""BG"",""CY"",""CZ"",""DE"",""DK"",""EE"",""ES"",""FI"",""FR"",""GR"",""HR"",""HU"",""IE"",""IT"",""LI"",""LT"",""LU"",""LV"",""MT"",""NL"",""NO"",""PL"",""PT"",""RO"",""SE"",""SI"",""SK""]","2024-11-23 00:00:00","The decision was taken pursuant to own-initiative investigations.",SOURCE_VOLUNTARY,,Yes,AUTOMATED_DECISION_FULLY,TikTok,7440371807913302816,"2024-11-23 07:22:41"
3e99c6b9-6d8c-44cb-ac66-821c6aec08e8,,,,,,,DECISION_PROVISION_PARTIAL_SUSPENSION,"2024-11-24 00:00:00",,,,DECISION_GROUND_INCOMPATIBLE_CONTENT,,,,"Dangerous activities and challenges","Most activities or challenges are appropriate for everyone, but some carry a risk of significant injury. We do not allow showing or promoting dangerous activities and challenges. This includes dares, games, tricks, inappropriate use of dangerous tools, eating substances that are harmful to one’s health, or similar activities that may lead to significant physical harm. Visit our {CG_link} for more information.",,STATEMENT_CATEGORY_SCOPE_OF_PLATFORM_SERVICE,,,,"[""CONTENT_TYPE_VIDEO""]",,,"2024-11-23 00:00:00","[""AT"",""BE"",""BG"",""CY"",""CZ"",""DE"",""DK"",""EE"",""ES"",""FI"",""FR"",""GR"",""HR"",""HU"",""IE"",""IS"",""IT"",""LI"",""LT"",""LU"",""LV"",""MT"",""NL"",""NO"",""PL"",""PT"",""RO"",""SE"",""SI"",""SK""]","2024-11-23 00:00:00","The decision was taken pursuant to own-initiative investigations",SOURCE_VOLUNTARY,,Yes,AUTOMATED_DECISION_NOT_AUTOMATED,TikTok,7440371807867181857,"2024-11-23 07:22:41"
01117d67-881e-4607-a0ef-34475c6d3918,"[""DECISION_VISIBILITY_CONTENT_AGE_RESTRICTED""]",,,,,,,,,,,DECISION_GROUND_INCOMPATIBLE_CONTENT,,,,"Sexually Suggestive Content","We are mindful that certain behaviors related to sexual arousal or suggestiveness may be offensive to some people and may put young people at risk of exploitation. Content is ineligible for the For You feed and harder to find in search if it shows sex products or intends to sexually arouse (such as intimate kissing, sexualized posing, and seductive performances or allusions to sexual activity by adults). We proactively enforce our Community Guidelines through a mix of technology and human moderation. We have detected this policy violation using automated measures.",,STATEMENT_CATEGORY_SCOPE_OF_PLATFORM_SERVICE,,,,"[""CONTENT_TYPE_VIDEO""]",,,"2022-01-30 00:00:00","[""AT"",""BE"",""BG"",""CY"",""CZ"",""DE"",""DK"",""EE"",""ES"",""FI"",""FR"",""GR"",""HR"",""HU"",""IE"",""IT"",""LI"",""LT"",""LU"",""LV"",""MT"",""NL"",""NO"",""PL"",""PT"",""RO"",""SE"",""SI"",""SK""]","2024-11-23 00:00:00","The decision was taken pursuant to own-initiative investigations.",SOURCE_VOLUNTARY,,Yes,AUTOMATED_DECISION_NOT_AUTOMATED,TikTok,7440371807867247393,"2024-11-23 07:22:43"
9b73441e-fb61-4d19-b6f1-ae6cd3ea1c1b,"[""DECISION_VISIBILITY_CONTENT_REMOVED""]",,,,,,,,,,,DECISION_GROUND_INCOMPATIBLE_CONTENT,,,,"Harassment and Bullying","We welcome the respectful expression of different viewpoints, but not toxicity or trolling. We do not allow language or behavior that harasses, humiliates, threatens, or doxes anyone. This also includes responding to such acts with retaliatory harassment (but excludes non-harassing counterspeech).We proactively enforce our Community Guidelines through a mix of technology and human moderation. We have detected this policy violation using automated measures. We have used automated measures in making this decision.",,STATEMENT_CATEGORY_ILLEGAL_OR_HARMFUL_SPEECH,,,,"[""CONTENT_TYPE_TEXT""]",,,"2024-11-23 00:00:00","[""AT"",""BE"",""BG"",""CY"",""CZ"",""DE"",""DK"",""EE"",""ES"",""FI"",""FR"",""GR"",""HR"",""HU"",""IE"",""IT"",""LI"",""LT"",""LU"",""LV"",""MT"",""NL"",""NO"",""PL"",""PT"",""RO"",""SE"",""SI"",""SK""]","2024-11-23 00:00:00","The decision was taken pursuant to own-initiative investigations.",SOURCE_VOLUNTARY,,Yes,AUTOMATED_DECISION_FULLY,TikTok,7440371807913384736,"2024-11-23 07:22:43"
6f0445f2-cd35-483b-8710-35698b80cf0b,"[""DECISION_VISIBILITY_CONTENT_AGE_RESTRICTED""]",,,,,,,,,,,DECISION_GROUND_INCOMPATIBLE_CONTENT,,,,"Shocking and Graphic Content","Part of the joy of TikTok is coming across new and unexpected content. But the platform is not a space to intentionally shock, upset, or disgust others. Content is ineligible for the For You feed and harder to find in search if it shows fictional violence, blood, potentially distressing or mildly graphic material, animal genitalia or sexual activity between animals, or if it contains graphic footage of events that are in the public interest to view.We proactively enforce our Community Guidelines through a mix of technology and human moderation. We have detected this policy violation using automated measures.",,STATEMENT_CATEGORY_VIOLENCE,,,,"[""CONTENT_TYPE_VIDEO""]",,,"2024-11-21 00:00:00","[""AT"",""BE"",""BG"",""CY"",""CZ"",""DE"",""DK"",""EE"",""ES"",""FI"",""FR"",""GR"",""HR"",""HU"",""IE"",""IT"",""LI"",""LT"",""LU"",""LV"",""MT"",""NL"",""NO"",""PL"",""PT"",""RO"",""SE"",""SI"",""SK""]","2024-11-23 00:00:00","The decision was taken pursuant to own-initiative investigations.",SOURCE_VOLUNTARY,,Yes,AUTOMATED_DECISION_NOT_AUTOMATED,TikTok,7440371807913401120,"2024-11-23 07:22:43"
c9ec810a-1dde-4f0b-91a1-2365cad466aa,"[""DECISION_VISIBILITY_CONTENT_REMOVED""]",,,,,,,,,,,DECISION_GROUND_INCOMPATIBLE_CONTENT,,,,"Personal Information","We are committed to making sure that any personal information shared intentionally or accidentally on TikTok does not lead to harm. We do not allow content that includes personal information that may create a risk of stalking, violence, phishing, fraud, identity theft, or financial exploitation, including content that someone has posted themselves or that they consented to being shared by others.We proactively enforce our Community Guidelines through a mix of technology and human moderation. We have detected this policy violation using automated measures.",,STATEMENT_CATEGORY_DATA_PROTECTION_AND_PRIVACY_VIOLATIONS,,,,"[""CONTENT_TYPE_VIDEO""]",,,"2024-11-22 00:00:00","[""AT"",""BE"",""BG"",""CY"",""CZ"",""DE"",""DK"",""EE"",""ES"",""FI"",""FR"",""GR"",""HR"",""HU"",""IE"",""IT"",""LI"",""LT"",""LU"",""LV"",""MT"",""NL"",""NO"",""PL"",""PT"",""RO"",""SE"",""SI"",""SK""]","2024-11-23 00:00:00","The decision was taken pursuant to own-initiative investigations.",SOURCE_VOLUNTARY,,Yes,AUTOMATED_DECISION_NOT_AUTOMATED,TikTok,7440371807867263777,"2024-11-23 07:22:43"
7935a7d4-37cb-4d39-a4b1-737c32d14ecc,"[""DECISION_VISIBILITY_CONTENT_REMOVED""]",,,,,,,,,,,DECISION_GROUND_INCOMPATIBLE_CONTENT,,,,"Civic and Election Integrity","Elections are important moments of community conversation and promote the values of an open society. We do not allow misinformation about civic and electoral processes, regardless of intent. This includes misinformation about how to vote, registering to vote, eligibility requirements of  candidates, the processes to count ballots and certify elections, and the final outcome of an election.Users and 3rd-parties can report policy violations to us. We have detected this policy violation based on a report that the content violated our Community Guidelines. We have used automated measures to make the decision.",,STATEMENT_CATEGORY_NEGATIVE_EFFECTS_ON_CIVIC_DISCOURSE_OR_ELECTIONS,,,,"[""CONTENT_TYPE_IMAGE""]",,,"2024-11-23 00:00:00","[""AT"",""BE"",""BG"",""CY"",""CZ"",""DE"",""DK"",""EE"",""ES"",""FI"",""FR"",""GR"",""HR"",""HU"",""IE"",""IT"",""LI"",""LT"",""LU"",""LV"",""MT"",""NL"",""NO"",""PL"",""PT"",""RO"",""SE"",""SI"",""SK""]","2024-11-23 00:00:00","The decision was taken in response to a report alleging a violation of our Community Guidelines.",SOURCE_VOLUNTARY,,No,AUTOMATED_DECISION_FULLY,TikTok,7440371812472462112,"2024-11-23 07:22:43"
ad3b9d07-73d0-407a-b3e5-ef5e3d99ea32,"[""DECISION_VISIBILITY_CONTENT_REMOVED""]",,,,,,,,,,,DECISION_GROUND_INCOMPATIBLE_CONTENT,,,,"Harassment and Bullying","We welcome the respectful expression of different viewpoints, but not toxicity or trolling. We do not allow language or behavior that harasses, humiliates, threatens, or doxes anyone. This also includes responding to such acts with retaliatory harassment (but excludes non-harassing counterspeech).We proactively enforce our Community Guidelines through a mix of technology and human moderation. We have detected this policy violation using automated measures. We have used automated measures in making this decision.",,STATEMENT_CATEGORY_ILLEGAL_OR_HARMFUL_SPEECH,,,,"[""CONTENT_TYPE_TEXT""]",,,"2024-11-23 00:00:00","[""AT"",""BE"",""BG"",""CY"",""CZ"",""DE"",""DK"",""EE"",""ES"",""FI"",""FR"",""GR"",""HR"",""HU"",""IE"",""IT"",""LI"",""LT"",""LU"",""LV"",""MT"",""NL"",""NO"",""PL"",""PT"",""RO"",""SE"",""SI"",""SK""]","2024-11-23 00:00:00","The decision was taken pursuant to own-initiative investigations.",SOURCE_VOLUNTARY,,Yes,AUTOMATED_DECISION_FULLY,TikTok,7440371815815322400,"2024-11-23 07:22:43"
227a1e7a-a5c7-4246-9f20-907ff59c521c,"[""DECISION_VISIBILITY_OTHER""]","Video not eligible for recommendation in the For You feed",,,,,,,,,,DECISION_GROUND_INCOMPATIBLE_CONTENT,,,,"Community Guidelines","We maintain content eligibility standards for the For You feed (FYF) that prioritize safety and are informed by the diversity of our community and cultural norms. We make ineligible for the FYF certain content that may not be appropriate for a broad audience related to: (1) Behavioral Health, (2) Sensitive and Mature Themes, (3) Integrity and Authenticity, and (4) Regulated Goods. Content that is ineligible for the FYF can still be discovered in other ways, such as through search tools or by following an account.We proactively enforce our Community Guidelines through a mix of technology and human moderation. We have detected this policy violation using automated measures. We have used automated measures in making this decision.",,STATEMENT_CATEGORY_SCOPE_OF_PLATFORM_SERVICE,,,,"[""CONTENT_TYPE_VIDEO""]",,,"2024-11-23 00:00:00","[""AT"",""BE"",""BG"",""CY"",""CZ"",""DE"",""DK"",""EE"",""ES"",""FI"",""FR"",""GR"",""HR"",""HU"",""IE"",""IT"",""LI"",""LT"",""LU"",""LV"",""MT"",""NL"",""NO"",""PL"",""PT"",""RO"",""SE"",""SI"",""SK""]","2024-11-23 00:00:00","The decision was taken pursuant to own-initiative investigations.",SOURCE_VOLUNTARY,,Yes,AUTOMATED_DECISION_FULLY,TikTok,7440371815815338784,"2024-11-23 07:22:43"
690da1e9-223f-492c-9126-190ac5621685,"[""DECISION_VISIBILITY_CONTENT_REMOVED""]",,,,,,,,,,,DECISION_GROUND_INCOMPATIBLE_CONTENT,,,,"Harassment and Bullying","We welcome the respectful expression of different viewpoints, but not toxicity or trolling. We do not allow language or behavior that harasses, humiliates, threatens, or doxes anyone. This also includes responding to such acts with retaliatory harassment (but excludes non-harassing counterspeech).We proactively enforce our Community Guidelines through a mix of technology and human moderation. We have detected this policy violation using automated measures. We have used automated measures in making this decision.",,STATEMENT_CATEGORY_ILLEGAL_OR_HARMFUL_SPEECH,,,,"[""CONTENT_TYPE_TEXT""]",,,"2024-11-23 00:00:00","[""AT"",""BE"",""BG"",""CY"",""CZ"",""DE"",""DK"",""EE"",""ES"",""FI"",""FR"",""GR"",""HR"",""HU"",""IE"",""IT"",""LI"",""LT"",""LU"",""LV"",""MT"",""NL"",""NO"",""PL"",""PT"",""RO"",""SE"",""SI"",""SK""]","2024-11-23 00:00:00","The decision was taken pursuant to own-initiative investigations.",SOURCE_VOLUNTARY,,Yes,AUTOMATED_DECISION_FULLY,TikTok,7440371815815355168,"2024-11-23 07:22:43"
c7a29aa3-8074-49ee-bc29-fdab1436c1a3,"[""DECISION_VISIBILITY_OTHER""]","Photo not eligible for recommendation in the For You feed",,,,,,,,,,DECISION_GROUND_INCOMPATIBLE_CONTENT,,,,"Community Guidelines","Your content is against our Community Guidelines. The guidelines include rules and standards for using TikTok that apply to everyone and everything on our platform.",,STATEMENT_CATEGORY_NEGATIVE_EFFECTS_ON_CIVIC_DISCOURSE_OR_ELECTIONS,,,,"[""CONTENT_TYPE_IMAGE""]",,,"2024-11-23 00:00:00","[""AT"",""BE"",""BG"",""CY"",""CZ"",""DE"",""DK"",""EE"",""ES"",""FI"",""FR"",""GR"",""HR"",""HU"",""IE"",""IT"",""LI"",""LT"",""LU"",""LV"",""MT"",""NL"",""NO"",""PL"",""PT"",""RO"",""SE"",""SI"",""SK""]","2024-11-23 00:00:00","The decision was taken pursuant to own-initiative investigations.",SOURCE_VOLUNTARY,,Yes,AUTOMATED_DECISION_FULLY,TikTok,7440371812472478496,"2024-11-23 07:22:43"
3969739b-bda9-4ada-a662-bbc5006e30a5,"[""DECISION_VISIBILITY_OTHER""]","Video not eligible for recommendation in the For You feed",,,,,,,,,,DECISION_GROUND_INCOMPATIBLE_CONTENT,,,,"Community Guidelines","We maintain content eligibility standards for the For You feed (FYF) that prioritize safety and are informed by the diversity of our community and cultural norms. We make ineligible for the FYF certain content that may not be appropriate for a broad audience related to: (1) Behavioral Health, (2) Sensitive and Mature Themes, (3) Integrity and Authenticity, and (4) Regulated Goods. Content that is ineligible for the FYF can still be discovered in other ways, such as through search tools or by following an account.We proactively enforce our Community Guidelines through a mix of technology and human moderation. We have detected this policy violation using automated measures. We have used automated measures in making this decision.",,STATEMENT_CATEGORY_SCOPE_OF_PLATFORM_SERVICE,,,,"[""CONTENT_TYPE_VIDEO""]",,,"2024-11-23 00:00:00","[""AT"",""BE"",""BG"",""CY"",""CZ"",""DE"",""DK"",""EE"",""ES"",""FI"",""FR"",""GR"",""HR"",""HU"",""IE"",""IT"",""LI"",""LT"",""LU"",""LV"",""MT"",""NL"",""NO"",""PL"",""PT"",""RO"",""SE"",""SI"",""SK""]","2024-11-23 00:00:00","The decision was taken pursuant to own-initiative investigations.",SOURCE_VOLUNTARY,,Yes,AUTOMATED_DECISION_FULLY,TikTok,7440371812472494880,"2024-11-23 07:22:43"
452d41b8-539f-4495-a020-f53fcc6d884c,"[""DECISION_VISIBILITY_OTHER""]","Video not eligible for recommendation in the For You feed",,,,,,,,,,DECISION_GROUND_INCOMPATIBLE_CONTENT,,,,"Alcohol, Tobacco, and Drugs","While adults make personal choices about how they engage with alcohol, drugs, and tobacco, we recognize that there are risks connected to trading and using these substances. Content is ineligible for the For You feed and harder to find in search if it shows adults consuming excessive amounts of alcohol or tobacco products.We proactively enforce our Community Guidelines through a mix of technology and human moderation. We have detected this policy violation using automated measures. We have used automated measures in making this decision.",,STATEMENT_CATEGORY_SCOPE_OF_PLATFORM_SERVICE,,,,"[""CONTENT_TYPE_VIDEO""]",,,"2024-11-23 00:00:00","[""AT"",""BE"",""BG"",""CY"",""CZ"",""DE"",""DK"",""EE"",""ES"",""FI"",""FR"",""GR"",""HR"",""HU"",""IE"",""IT"",""LI"",""LT"",""LU"",""LV"",""MT"",""NL"",""NO"",""PL"",""PT"",""RO"",""SE"",""SI"",""SK""]","2024-11-23 00:00:00","The decision was taken pursuant to own-initiative investigations.",SOURCE_VOLUNTARY,,Yes,AUTOMATED_DECISION_FULLY,TikTok,7440371812472511264,"2024-11-23 07:22:43"
fc74519d-8165-4bef-a0fd-44f24483e1dd,"[""DECISION_VISIBILITY_OTHER""]","Video not eligible for recommendation in the For You feed",,,,,,,,,,DECISION_GROUND_INCOMPATIBLE_CONTENT,,,,"Community Guidelines","We maintain content eligibility standards for the For You feed (FYF) that prioritize safety and are informed by the diversity of our community and cultural norms. We make ineligible for the FYF certain content that may not be appropriate for a broad audience related to: (1) Behavioral Health, (2) Sensitive and Mature Themes, (3) Integrity and Authenticity, and (4) Regulated Goods. Content that is ineligible for the FYF can still be discovered in other ways, such as through search tools or by following an account.We proactively enforce our Community Guidelines through a mix of technology and human moderation. We have detected this policy violation using automated measures. We have used automated measures in making this decision.",,STATEMENT_CATEGORY_SCOPE_OF_PLATFORM_SERVICE,,,,"[""CONTENT_TYPE_VIDEO""]",,,"2024-11-23 00:00:00","[""AT"",""BE"",""BG"",""CY"",""CZ"",""DE"",""DK"",""EE"",""ES"",""FI"",""FR"",""GR"",""HR"",""HU"",""IE"",""IT"",""LI"",""LT"",""LU"",""LV"",""MT"",""NL"",""NO"",""PL"",""PT"",""RO"",""SE"",""SI"",""SK""]","2024-11-23 00:00:00","The decision was taken pursuant to own-initiative investigations.",SOURCE_VOLUNTARY,,Yes,AUTOMATED_DECISION_FULLY,TikTok,7440371815815371552,"2024-11-23 07:22:43"
2c6fff21-c055-499a-8ca8-463f25aaeedd,"[""DECISION_VISIBILITY_CONTENT_REMOVED"",""DECISION_VISIBILITY_CONTENT_AGE_RESTRICTED""]",,,,,,,,,,,DECISION_GROUND_INCOMPATIBLE_CONTENT,,,,"Our review indicates that your advertising content may violate TikTok's advertising policies by featuring a product/service which belongs to a prohibited industry of the targeted location(s) in your ad. For more policy details, please refer to ""TikTok Advertising Policies - Industry Entry"" (https://ads.tiktok.com/help/article?aid=6685586866860720134). Our review indicates that your advertising content may violate TikTok's advertising policies by promoting prohibited products or services in the t","Please change the promoted product/service in your ad or change the targeted location(s) in your ad group settings according to our policy. For more policy details, please refer to ""TikTok Advertising Policies - Industry Entry"" (https://ads.tiktok.com/help/article?aid=6685586866860720134). For more policy details, please refer to """"TikTok Advertising Policies - Industry Entry"" (https://ads.tiktok.com/help/article?aid=6685586866860720134).You may also refer to ""Market Specific Prohibitions and Restrictions"" on TikTok Business Help Center for more information: https://ads.tiktok.com/help/article?aid=9550Please change the promoted product/service in your ad or change the targeted location(s) in your ad group settings according to our policy. For more policy details, please refer to ""TikTok Advertising Policies - Industry Entry"" (https://ads.tiktok.com/help/article?aid=6685586866860720134). For more policy details, please refer to """"TikTok Advertising Policies - Industry Entry"" (https://ads.tiktok.com/help/article?aid=6685586866860720134).Please modify or remove the related content. You can read more about our TikTok Advertising Policies on adult and sexual content at: https://ads.tiktok.com/help/article/tiktok-advertising-policies-ad-creatives-landing-page-prohibited-content#anchor-9",,STATEMENT_CATEGORY_SCOPE_OF_PLATFORM_SERVICE,,,,"[""CONTENT_TYPE_VIDEO""]",,,"2024-11-19 00:00:00","[""AT"",""DK"",""ES"",""FI"",""FR"",""IE"",""IT"",""NL"",""NO"",""SE""]","2024-11-23 00:00:00","The decision was taken pursuant to own-initiative investigations.",SOURCE_VOLUNTARY,,Yes,AUTOMATED_DECISION_FULLY,TikTok,7440371815815387936,"2024-11-23 07:22:43"
ee1a2086-e4f2-49b9-8bf2-44162579cd44,"[""DECISION_VISIBILITY_CONTENT_REMOVED""]",,,,,,,,,,,DECISION_GROUND_INCOMPATIBLE_CONTENT,,,,"Harassment and Bullying","We welcome the respectful expression of different viewpoints, but not toxicity or trolling. We do not allow language or behavior that harasses, humiliates, threatens, or doxes anyone. This also includes responding to such acts with retaliatory harassment (but excludes non-harassing counterspeech).We proactively enforce our Community Guidelines through a mix of technology and human moderation. We have detected this policy violation using automated measures. We have used automated measures in making this decision.",,STATEMENT_CATEGORY_ILLEGAL_OR_HARMFUL_SPEECH,,,,"[""CONTENT_TYPE_TEXT""]",,,"2024-11-23 00:00:00","[""AT"",""BE"",""BG"",""CY"",""CZ"",""DE"",""DK"",""EE"",""ES"",""FI"",""FR"",""GR"",""HR"",""HU"",""IE"",""IT"",""LI"",""LT"",""LU"",""LV"",""MT"",""NL"",""NO"",""PL"",""PT"",""RO"",""SE"",""SI"",""SK""]","2024-11-23 00:00:00","The decision was taken pursuant to own-initiative investigations.",SOURCE_VOLUNTARY,,Yes,AUTOMATED_DECISION_FULLY,TikTok,7440371812472527648,"2024-11-23 07:22:43"
ba6e7859-b415-4b9e-8c96-fbd79a767396,"[""DECISION_VISIBILITY_OTHER""]","Video not eligible for recommendation in the For You feed",,,,,,,,,,DECISION_GROUND_INCOMPATIBLE_CONTENT,,,,"Community Guidelines","We maintain content eligibility standards for the For You feed (FYF) that prioritize safety and are informed by the diversity of our community and cultural norms. We make ineligible for the FYF certain content that may not be appropriate for a broad audience related to: (1) Behavioral Health, (2) Sensitive and Mature Themes, (3) Integrity and Authenticity, and (4) Regulated Goods. Content that is ineligible for the FYF can still be discovered in other ways, such as through search tools or by following an account.We proactively enforce our Community Guidelines through a mix of technology and human moderation. We have detected this policy violation using automated measures. We have used automated measures in making this decision.",,STATEMENT_CATEGORY_SCOPE_OF_PLATFORM_SERVICE,,,,"[""CONTENT_TYPE_VIDEO""]",,,"2024-11-23 00:00:00","[""AT"",""BE"",""BG"",""CY"",""CZ"",""DE"",""DK"",""EE"",""ES"",""FI"",""FR"",""GR"",""HR"",""HU"",""IE"",""IT"",""LI"",""LT"",""LU"",""LV"",""MT"",""NL"",""NO"",""PL"",""PT"",""RO"",""SE"",""SI"",""SK""]","2024-11-23 00:00:00","The decision was taken pursuant to own-initiative investigations.",SOURCE_VOLUNTARY,,Yes,AUTOMATED_DECISION_FULLY,TikTok,7440371815815404320,"2024-11-23 07:22:43"
a9f27fb2-8d8c-4b68-af39-3a3a45f1b642,"[""DECISION_VISIBILITY_CONTENT_REMOVED""]",,,,,,,,,,,DECISION_GROUND_INCOMPATIBLE_CONTENT,,,,"Harassment and Bullying","We welcome the respectful expression of different viewpoints, but not toxicity or trolling. We do not allow language or behavior that harasses, humiliates, threatens, or doxes anyone. This also includes responding to such acts with retaliatory harassment (but excludes non-harassing counterspeech).We proactively enforce our Community Guidelines through a mix of technology and human moderation. We have detected this policy violation using automated measures. We have used automated measures in making this decision.",,STATEMENT_CATEGORY_ILLEGAL_OR_HARMFUL_SPEECH,,,,"[""CONTENT_TYPE_TEXT""]",,,"2024-11-23 00:00:00","[""AT"",""BE"",""BG"",""CY"",""CZ"",""DE"",""DK"",""EE"",""ES"",""FI"",""FR"",""GR"",""HR"",""HU"",""IE"",""IT"",""LI"",""LT"",""LU"",""LV"",""MT"",""NL"",""NO"",""PL"",""PT"",""RO"",""SE"",""SI"",""SK""]","2024-11-23 00:00:00","The decision was taken pursuant to own-initiative investigations.",SOURCE_VOLUNTARY,,Yes,AUTOMATED_DECISION_FULLY,TikTok,7440371812472544032,"2024-11-23 07:22:43"
d90991f1-d951-4e16-b0d8-3e3b6c86c194,"[""DECISION_VISIBILITY_CONTENT_REMOVED""]",,,,,,,,,,,DECISION_GROUND_INCOMPATIBLE_CONTENT,,,,"Harassment and Bullying","We welcome the respectful expression of different viewpoints, but not toxicity or trolling. We do not allow language or behavior that harasses, humiliates, threatens, or doxes anyone. This also includes responding to such acts with retaliatory harassment (but excludes non-harassing counterspeech).We proactively enforce our Community Guidelines through a mix of technology and human moderation. We have detected this policy violation using automated measures. We have used automated measures in making this decision.",,STATEMENT_CATEGORY_ILLEGAL_OR_HARMFUL_SPEECH,,,,"[""CONTENT_TYPE_TEXT""]",,,"2024-11-23 00:00:00","[""AT"",""BE"",""BG"",""CY"",""CZ"",""DE"",""DK"",""EE"",""ES"",""FI"",""FR"",""GR"",""HR"",""HU"",""IE"",""IT"",""LI"",""LT"",""LU"",""LV"",""MT"",""NL"",""NO"",""PL"",""PT"",""RO"",""SE"",""SI"",""SK""]","2024-11-23 00:00:00","The decision was taken pursuant to own-initiative investigations.",SOURCE_VOLUNTARY,,Yes,AUTOMATED_DECISION_FULLY,TikTok,7440371812472560416,"2024-11-23 07:22:43"
cc0e2e08-b597-4e08-acf0-0a643cdbb2d8,"[""DECISION_VISIBILITY_OTHER""]","Video not eligible for recommendation in the For You feed",,,,,,,,,,DECISION_GROUND_INCOMPATIBLE_CONTENT,,,,"Sexually Suggestive Content","We are mindful that certain behaviors related to sexual arousal or suggestiveness may be offensive to some people and may put young people at risk of exploitation. Content is ineligible for the For You feed and harder to find in search if it shows sex products or intends to sexually arouse (such as intimate kissing, sexualized posing, and seductive performances or allusions to sexual activity by adults). We proactively enforce our Community Guidelines through a mix of technology and human moderation. We have detected this policy violation using automated measures. We have used automated measures in making this decision.",,STATEMENT_CATEGORY_SCOPE_OF_PLATFORM_SERVICE,,,,"[""CONTENT_TYPE_VIDEO""]",,,"2024-11-23 00:00:00","[""AT"",""BE"",""BG"",""CY"",""CZ"",""DE"",""DK"",""EE"",""ES"",""FI"",""FR"",""GR"",""HR"",""HU"",""IE"",""IT"",""LI"",""LT"",""LU"",""LV"",""MT"",""NL"",""NO"",""PL"",""PT"",""RO"",""SE"",""SI"",""SK""]","2024-11-23 00:00:00","The decision was taken pursuant to own-initiative investigations.",SOURCE_VOLUNTARY,,Yes,AUTOMATED_DECISION_FULLY,TikTok,7440371815815420704,"2024-11-23 07:22:43"
0d26db94-f018-41d2-9629-9c959f5e0f88,"[""DECISION_VISIBILITY_CONTENT_REMOVED""]",,,,,,,,,,,DECISION_GROUND_INCOMPATIBLE_CONTENT,,,,"Harassment and Bullying","We welcome the respectful expression of different viewpoints, but not toxicity or trolling. We do not allow language or behavior that harasses, humiliates, threatens, or doxes anyone. This also includes responding to such acts with retaliatory harassment (but excludes non-harassing counterspeech).We proactively enforce our Community Guidelines through a mix of technology and human moderation. We have detected this policy violation using automated measures. We have used automated measures in making this decision.",,STATEMENT_CATEGORY_ILLEGAL_OR_HARMFUL_SPEECH,,,,"[""CONTENT_TYPE_TEXT""]",,,"2024-11-23 00:00:00","[""AT"",""BE"",""BG"",""CY"",""CZ"",""DE"",""DK"",""EE"",""ES"",""FI"",""FR"",""GR"",""HR"",""HU"",""IE"",""IT"",""LI"",""LT"",""LU"",""LV"",""MT"",""NL"",""NO"",""PL"",""PT"",""RO"",""SE"",""SI"",""SK""]","2024-11-23 00:00:00","The decision was taken pursuant to own-initiative investigations.",SOURCE_VOLUNTARY,,Yes,AUTOMATED_DECISION_FULLY,TikTok,7440371812472576800,"2024-11-23 07:22:43"
0f0a520b-a13b-49e9-9975-631bf8d5ccc0,"[""DECISION_VISIBILITY_CONTENT_REMOVED""]",,,,,,,,,,,DECISION_GROUND_INCOMPATIBLE_CONTENT,,,,"Sexual Exploitation and Gender-Based Violence","We are committed to providing a space that embraces gender equity, supports healthy relationships, and respects intimate privacy. We do not allow sexual exploitation or gender-based violence, including non-consensual sexual acts, image-based sexual abuse, sextortion, physical abuse, and sexual harassment.We proactively enforce our Community Guidelines through a mix of technology and human moderation. We have detected this policy violation using automated measures. We have used automated measures in making this decision.",,STATEMENT_CATEGORY_VIOLENCE,,,,"[""CONTENT_TYPE_TEXT""]",,,"2024-11-23 00:00:00","[""AT"",""BE"",""BG"",""CY"",""CZ"",""DE"",""DK"",""EE"",""ES"",""FI"",""FR"",""GR"",""HR"",""HU"",""IE"",""IT"",""LI"",""LT"",""LU"",""LV"",""MT"",""NL"",""NO"",""PL"",""PT"",""RO"",""SE"",""SI"",""SK""]","2024-11-23 00:00:00","The decision was taken pursuant to own-initiative investigations.",SOURCE_VOLUNTARY,,Yes,AUTOMATED_DECISION_FULLY,TikTok,7440371815815437088,"2024-11-23 07:22:43"
3e0a2f13-39f3-4145-82a7-a4e63447e3b1,"[""DECISION_VISIBILITY_CONTENT_REMOVED""]",,,,,,,,,,,DECISION_GROUND_INCOMPATIBLE_CONTENT,,,,"Harassment and Bullying","We welcome the respectful expression of different viewpoints, but not toxicity or trolling. We do not allow language or behavior that harasses, humiliates, threatens, or doxes anyone. This also includes responding to such acts with retaliatory harassment (but excludes non-harassing counterspeech).We proactively enforce our Community Guidelines through a mix of technology and human moderation. We have detected this policy violation using automated measures. We have used automated measures in making this decision.",,STATEMENT_CATEGORY_ILLEGAL_OR_HARMFUL_SPEECH,,,,"[""CONTENT_TYPE_TEXT""]",,,"2024-11-23 00:00:00","[""AT"",""BE"",""BG"",""CY"",""CZ"",""DE"",""DK"",""EE"",""ES"",""FI"",""FR"",""GR"",""HR"",""HU"",""IE"",""IT"",""LI"",""LT"",""LU"",""LV"",""MT"",""NL"",""NO"",""PL"",""PT"",""RO"",""SE"",""SI"",""SK""]","2024-11-23 00:00:00","The decision was taken pursuant to own-initiative investigations.",SOURCE_VOLUNTARY,,Yes,AUTOMATED_DECISION_FULLY,TikTok,7440371812472593184,"2024-11-23 07:22:43"
6f9c22a9-bbea-4900-a712-0fb8004b8054,"[""DECISION_VISIBILITY_CONTENT_REMOVED""]",,,,,,,,,,,DECISION_GROUND_INCOMPATIBLE_CONTENT,,,,"Harassment and Bullying","We welcome the respectful expression of different viewpoints, but not toxicity or trolling. We do not allow language or behavior that harasses, humiliates, threatens, or doxes anyone. This also includes responding to such acts with retaliatory harassment (but excludes non-harassing counterspeech).We proactively enforce our Community Guidelines through a mix of technology and human moderation. We have detected this policy violation using automated measures. We have used automated measures in making this decision.",,STATEMENT_CATEGORY_ILLEGAL_OR_HARMFUL_SPEECH,,,,"[""CONTENT_TYPE_TEXT""]",,,"2024-11-23 00:00:00","[""AT"",""BE"",""BG"",""CY"",""CZ"",""DE"",""DK"",""EE"",""ES"",""FI"",""FR"",""GR"",""HR"",""HU"",""IE"",""IT"",""LI"",""LT"",""LU"",""LV"",""MT"",""NL"",""NO"",""PL"",""PT"",""RO"",""SE"",""SI"",""SK""]","2024-11-23 00:00:00","The decision was taken pursuant to own-initiative investigations.",SOURCE_VOLUNTARY,,Yes,AUTOMATED_DECISION_FULLY,TikTok,7440371815815453472,"2024-11-23 07:22:43"
6fb9f8d9-370f-4faa-80b1-32c642a031aa,"[""DECISION_VISIBILITY_CONTENT_REMOVED""]",,,,,,,,,,,DECISION_GROUND_INCOMPATIBLE_CONTENT,,,,"Harassment and Bullying","We welcome the respectful expression of different viewpoints, but not toxicity or trolling. We do not allow language or behavior that harasses, humiliates, threatens, or doxes anyone. This also includes responding to such acts with retaliatory harassment (but excludes non-harassing counterspeech).We proactively enforce our Community Guidelines through a mix of technology and human moderation. We have detected this policy violation using automated measures. We have used automated measures in making this decision.",,STATEMENT_CATEGORY_ILLEGAL_OR_HARMFUL_SPEECH,,,,"[""CONTENT_TYPE_TEXT""]",,,"2024-11-23 00:00:00","[""AT"",""BE"",""BG"",""CY"",""CZ"",""DE"",""DK"",""EE"",""ES"",""FI"",""FR"",""GR"",""HR"",""HU"",""IE"",""IT"",""LI"",""LT"",""LU"",""LV"",""MT"",""NL"",""NO"",""PL"",""PT"",""RO"",""SE"",""SI"",""SK""]","2024-11-23 00:00:00","The decision was taken pursuant to own-initiative investigations.",SOURCE_VOLUNTARY,,Yes,AUTOMATED_DECISION_FULLY,TikTok,7440371815815469856,"2024-11-23 07:22:43"
cd3b2c5d-a9bb-4c95-8804-306277effd65,"[""DECISION_VISIBILITY_CONTENT_REMOVED""]",,,,,,,,,,,DECISION_GROUND_INCOMPATIBLE_CONTENT,,,,"Sexual Exploitation and Gender-Based Violence","We are committed to providing a space that embraces gender equity, supports healthy relationships, and respects intimate privacy. We do not allow sexual exploitation or gender-based violence, including non-consensual sexual acts, image-based sexual abuse, sextortion, physical abuse, and sexual harassment.We proactively enforce our Community Guidelines through a mix of technology and human moderation. We have detected this policy violation using automated measures. We have used automated measures in making this decision.",,STATEMENT_CATEGORY_VIOLENCE,,,,"[""CONTENT_TYPE_TEXT""]",,,"2024-11-23 00:00:00","[""AT"",""BE"",""BG"",""CY"",""CZ"",""DE"",""DK"",""EE"",""ES"",""FI"",""FR"",""GR"",""HR"",""HU"",""IE"",""IT"",""LI"",""LT"",""LU"",""LV"",""MT"",""NL"",""NO"",""PL"",""PT"",""RO"",""SE"",""SI"",""SK""]","2024-11-23 00:00:00","The decision was taken pursuant to own-initiative investigations.",SOURCE_VOLUNTARY,,Yes,AUTOMATED_DECISION_FULLY,TikTok,7440371812472609568,"2024-11-23 07:22:43"
2f0686c1-64e5-417c-87a1-44406b44a6cb,,,,,,,DECISION_PROVISION_PARTIAL_SUSPENSION,"2024-11-24 00:00:00",,,,DECISION_GROUND_INCOMPATIBLE_CONTENT,,,,"الأنشطة والتحديات الخطرة","معظم الأنشطة أو التحديات مناسبة للجميع، لكن بعضها ينطوي على مخاطر التعرض لإصابة كبيرة. لا نسمح بعرض الأنشطة والتحديات الخطيرة أو الترويج لها. يتضمن ذلك تحديات الجرأة أو الألعاب أو الحيل أو الاستخدام غير الملائم للأدوات الخطرة أو تناول مواد ضارة بالصحة أو الأنشطة المماثلة التي قد تؤدي إلى ضرر جسدي كبير. تفضل بزيارة {CG_link} لمزيد من المعلومات.",,STATEMENT_CATEGORY_SCOPE_OF_PLATFORM_SERVICE,,,,"[""CONTENT_TYPE_VIDEO""]",,,"2024-11-23 00:00:00","[""AT"",""BE"",""BG"",""CY"",""CZ"",""DE"",""DK"",""EE"",""ES"",""FI"",""FR"",""GR"",""HR"",""HU"",""IE"",""IS"",""IT"",""LI"",""LT"",""LU"",""LV"",""MT"",""NL"",""NO"",""PL"",""PT"",""RO"",""SE"",""SI"",""SK""]","2024-11-23 00:00:00","The decision was taken pursuant to own-initiative investigations",SOURCE_VOLUNTARY,,Yes,AUTOMATED_DECISION_FULLY,TikTok,7440371818751335201,"2024-11-23 07:22:43"
1fb9a261-0022-433e-a781-ecd42d6c466a,"[""DECISION_VISIBILITY_CONTENT_REMOVED""]",,,,,,,,,,,DECISION_GROUND_INCOMPATIBLE_CONTENT,,,,"Harassment and Bullying","We welcome the respectful expression of different viewpoints, but not toxicity or trolling. We do not allow language or behavior that harasses, humiliates, threatens, or doxes anyone. This also includes responding to such acts with retaliatory harassment (but excludes non-harassing counterspeech).We proactively enforce our Community Guidelines through a mix of technology and human moderation. We have detected this policy violation using automated measures. We have used automated measures in making this decision.",,STATEMENT_CATEGORY_ILLEGAL_OR_HARMFUL_SPEECH,,,,"[""CONTENT_TYPE_TEXT""]",,,"2024-11-23 00:00:00","[""AT"",""BE"",""BG"",""CY"",""CZ"",""DE"",""DK"",""EE"",""ES"",""FI"",""FR"",""GR"",""HR"",""HU"",""IE"",""IT"",""LI"",""LT"",""LU"",""LV"",""MT"",""NL"",""NO"",""PL"",""PT"",""RO"",""SE"",""SI"",""SK""]","2024-11-23 00:00:00","The decision was taken pursuant to own-initiative investigations.",SOURCE_VOLUNTARY,,Yes,AUTOMATED_DECISION_FULLY,TikTok,7440371818235435808,"2024-11-23 07:22:43"
e5c70f70-e1d1-4ea4-b2eb-a3c5bd01cc19,"[""DECISION_VISIBILITY_OTHER""]","Video not eligible for recommendation in the For You feed",,,,,,,,,,DECISION_GROUND_INCOMPATIBLE_CONTENT,,,,"Community Guidelines","We maintain content eligibility standards for the For You feed (FYF) that prioritize safety and are informed by the diversity of our community and cultural norms. We make ineligible for the FYF certain content that may not be appropriate for a broad audience related to: (1) Behavioral Health, (2) Sensitive and Mature Themes, (3) Integrity and Authenticity, and (4) Regulated Goods. Content that is ineligible for the FYF can still be discovered in other ways, such as through search tools or by following an account.We proactively enforce our Community Guidelines through a mix of technology and human moderation. We have detected this policy violation using automated measures. We have used automated measures in making this decision.",,STATEMENT_CATEGORY_SCOPE_OF_PLATFORM_SERVICE,,,,"[""CONTENT_TYPE_VIDEO""]",,,"2024-11-23 00:00:00","[""AT"",""BE"",""BG"",""CY"",""CZ"",""DE"",""DK"",""EE"",""ES"",""FI"",""FR"",""GR"",""HR"",""HU"",""IE"",""IT"",""LI"",""LT"",""LU"",""LV"",""MT"",""NL"",""NO"",""PL"",""PT"",""RO"",""SE"",""SI"",""SK""]","2024-11-23 00:00:00","The decision was taken pursuant to own-initiative investigations.",SOURCE_VOLUNTARY,,Yes,AUTOMATED_DECISION_FULLY,TikTok,7440371818751351585,"2024-11-23 07:22:43"
f8270175-e2fe-4374-9157-54233abbb130,"[""DECISION_VISIBILITY_OTHER""]","Photo not eligible for recommendation in the For You feed",,,,,,,,,,DECISION_GROUND_INCOMPATIBLE_CONTENT,,,,"Community Guidelines","Your content is against our Community Guidelines. The guidelines include rules and standards for using TikTok that apply to everyone and everything on our platform.",,STATEMENT_CATEGORY_NEGATIVE_EFFECTS_ON_CIVIC_DISCOURSE_OR_ELECTIONS,,,,"[""CONTENT_TYPE_IMAGE""]",,,"2024-11-23 00:00:00","[""AT"",""BE"",""BG"",""CY"",""CZ"",""DE"",""DK"",""EE"",""ES"",""FI"",""FR"",""GR"",""HR"",""HU"",""IE"",""IT"",""LI"",""LT"",""LU"",""LV"",""MT"",""NL"",""NO"",""PL"",""PT"",""RO"",""SE"",""SI"",""SK""]","2024-11-23 00:00:00","The decision was taken pursuant to own-initiative investigations.",SOURCE_VOLUNTARY,,Yes,AUTOMATED_DECISION_FULLY,TikTok,7440371818235452192,"2024-11-23 07:22:43"
9bd0380c-e83c-435e-9f83-e19c102f0083,"[""DECISION_VISIBILITY_OTHER""]","Video not eligible for recommendation in the For You feed",,,,,,,,,,DECISION_GROUND_INCOMPATIBLE_CONTENT,,,,"Community Guidelines","We maintain content eligibility standards for the For You feed (FYF) that prioritize safety and are informed by the diversity of our community and cultural norms. We make ineligible for the FYF certain content that may not be appropriate for a broad audience related to: (1) Behavioral Health, (2) Sensitive and Mature Themes, (3) Integrity and Authenticity, and (4) Regulated Goods. Content that is ineligible for the FYF can still be discovered in other ways, such as through search tools or by following an account.We proactively enforce our Community Guidelines through a mix of technology and human moderation. We have detected this policy violation using automated measures. We have used automated measures in making this decision.",,STATEMENT_CATEGORY_SCOPE_OF_PLATFORM_SERVICE,,,,"[""CONTENT_TYPE_VIDEO""]",,,"2024-11-23 00:00:00","[""AT"",""BE"",""BG"",""CY"",""CZ"",""DE"",""DK"",""EE"",""ES"",""FI"",""FR"",""GR"",""HR"",""HU"",""IE"",""IT"",""LI"",""LT"",""LU"",""LV"",""MT"",""NL"",""NO"",""PL"",""PT"",""RO"",""SE"",""SI"",""SK""]","2024-11-23 00:00:00","The decision was taken pursuant to own-initiative investigations.",SOURCE_VOLUNTARY,,Yes,AUTOMATED_DECISION_FULLY,TikTok,7440371818751367969,"2024-11-23 07:22:43"
df916376-b91c-4090-9bbb-a9a77973822c,"[""DECISION_VISIBILITY_CONTENT_REMOVED""]",,,,,,,,,,,DECISION_GROUND_INCOMPATIBLE_CONTENT,,,,"Personal Information","We are committed to making sure that any personal information shared intentionally or accidentally on TikTok does not lead to harm. We do not allow content that includes personal information that may create a risk of stalking, violence, phishing, fraud, identity theft, or financial exploitation, including content that someone has posted themselves or that they consented to being shared by others.We proactively enforce our Community Guidelines through a mix of technology and human moderation. We have detected this policy violation using automated measures.",,STATEMENT_CATEGORY_DATA_PROTECTION_AND_PRIVACY_VIOLATIONS,,,,"[""CONTENT_TYPE_OTHER""]","Profile information",,"2024-11-23 00:00:00","[""AT"",""BE"",""BG"",""CY"",""CZ"",""DE"",""DK"",""EE"",""ES"",""FI"",""FR"",""GR"",""HR"",""HU"",""IE"",""IT"",""LI"",""LT"",""LU"",""LV"",""MT"",""NL"",""NO"",""PL"",""PT"",""RO"",""SE"",""SI"",""SK""]","2024-11-23 00:00:00","The decision was taken pursuant to own-initiative investigations.",SOURCE_VOLUNTARY,,Yes,AUTOMATED_DECISION_NOT_AUTOMATED,TikTok,7440371818235468576,"2024-11-23 07:22:43"
4718c9f5-204e-4ae1-b050-96dd7ec181d1,"[""DECISION_VISIBILITY_CONTENT_REMOVED""]",,,,,,,,,,,DECISION_GROUND_INCOMPATIBLE_CONTENT,,,,"Harassment and Bullying","We welcome the respectful expression of different viewpoints, but not toxicity or trolling. We do not allow language or behavior that harasses, humiliates, threatens, or doxes anyone. This also includes responding to such acts with retaliatory harassment (but excludes non-harassing counterspeech).We proactively enforce our Community Guidelines through a mix of technology and human moderation. We have detected this policy violation using automated measures. We have used automated measures in making this decision.",,STATEMENT_CATEGORY_ILLEGAL_OR_HARMFUL_SPEECH,,,,"[""CONTENT_TYPE_TEXT""]",,,"2024-11-23 00:00:00","[""AT"",""BE"",""BG"",""CY"",""CZ"",""DE"",""DK"",""EE"",""ES"",""FI"",""FR"",""GR"",""HR"",""HU"",""IE"",""IT"",""LI"",""LT"",""LU"",""LV"",""MT"",""NL"",""NO"",""PL"",""PT"",""RO"",""SE"",""SI"",""SK""]","2024-11-23 00:00:00","The decision was taken pursuant to own-initiative investigations.",SOURCE_VOLUNTARY,,Yes,AUTOMATED_DECISION_FULLY,TikTok,7440371818751384353,"2024-11-23 07:22:43"
e83c1086-7fbe-43fa-9867-2c67edb2c303,"[""DECISION_VISIBILITY_CONTENT_REMOVED""]",,,,,,,,,,,DECISION_GROUND_INCOMPATIBLE_CONTENT,,,,"Harassment and Bullying","We welcome the respectful expression of different viewpoints, but not toxicity or trolling. We do not allow language or behavior that harasses, humiliates, threatens, or doxes anyone. This also includes responding to such acts with retaliatory harassment (but excludes non-harassing counterspeech).We proactively enforce our Community Guidelines through a mix of technology and human moderation. We have detected this policy violation using automated measures. We have used automated measures in making this decision.",,STATEMENT_CATEGORY_ILLEGAL_OR_HARMFUL_SPEECH,,,,"[""CONTENT_TYPE_TEXT""]",,,"2024-11-23 00:00:00","[""AT"",""BE"",""BG"",""CY"",""CZ"",""DE"",""DK"",""EE"",""ES"",""FI"",""FR"",""GR"",""HR"",""HU"",""IE"",""IT"",""LI"",""LT"",""LU"",""LV"",""MT"",""NL"",""NO"",""PL"",""PT"",""RO"",""SE"",""SI"",""SK""]","2024-11-23 00:00:00","The decision was taken pursuant to own-initiative investigations.",SOURCE_VOLUNTARY,,Yes,AUTOMATED_DECISION_FULLY,TikTok,7440371818751400737,"2024-11-23 07:22:43"
cdaf4e24-6c37-4a85-a74a-e48e693304b6,"[""DECISION_VISIBILITY_CONTENT_REMOVED""]",,,,,,,,,,,DECISION_GROUND_INCOMPATIBLE_CONTENT,,,,"الأنشطة والتحديات الخطرة","معظم الأنشطة أو التحديات مناسبة للجميع، لكن بعضها ينطوي على مخاطر التعرض لإصابة كبيرة. لا نسمح بعرض الأنشطة والتحديات الخطيرة أو الترويج لها. يتضمن ذلك تحديات الجرأة أو الألعاب أو الحيل أو الاستخدام غير الملائم للأدوات الخطرة أو تناول مواد ضارة بالصحة أو الأنشطة المماثلة التي قد تؤدي إلى ضرر جسدي كبير. تفضل بزيارة {CG_link} لمزيد من المعلومات.",,STATEMENT_CATEGORY_SCOPE_OF_PLATFORM_SERVICE,,,,"[""CONTENT_TYPE_VIDEO""]",,,"2024-11-23 00:00:00","[""AT"",""BE"",""BG"",""CY"",""CZ"",""DE"",""DK"",""EE"",""ES"",""FI"",""FR"",""GR"",""HR"",""HU"",""IE"",""IS"",""IT"",""LI"",""LT"",""LU"",""LV"",""MT"",""NL"",""NO"",""PL"",""PT"",""RO"",""SE"",""SI"",""SK""]","2024-11-23 00:00:00","The decision was taken pursuant to own-initiative investigations",SOURCE_VOLUNTARY,,Yes,AUTOMATED_DECISION_FULLY,TikTok,7440371818235484960,"2024-11-23 07:22:43"
b46847c9-aa42-4dec-895f-1972bb18bff6,"[""DECISION_VISIBILITY_OTHER""]","Video not eligible for recommendation in the For You feed",,,,,,,,,,DECISION_GROUND_INCOMPATIBLE_CONTENT,,,,"Community Guidelines","We maintain content eligibility standards for the For You feed (FYF) that prioritize safety and are informed by the diversity of our community and cultural norms. We make ineligible for the FYF certain content that may not be appropriate for a broad audience related to: (1) Behavioral Health, (2) Sensitive and Mature Themes, (3) Integrity and Authenticity, and (4) Regulated Goods. Content that is ineligible for the FYF can still be discovered in other ways, such as through search tools or by following an account.We proactively enforce our Community Guidelines through a mix of technology and human moderation. We have detected this policy violation using automated measures. We have used automated measures in making this decision.",,STATEMENT_CATEGORY_SCOPE_OF_PLATFORM_SERVICE,,,,"[""CONTENT_TYPE_VIDEO""]",,,"2024-11-23 00:00:00","[""AT"",""BE"",""BG"",""CY"",""CZ"",""DE"",""DK"",""EE"",""ES"",""FI"",""FR"",""GR"",""HR"",""HU"",""IE"",""IT"",""LI"",""LT"",""LU"",""LV"",""MT"",""NL"",""NO"",""PL"",""PT"",""RO"",""SE"",""SI"",""SK""]","2024-11-23 00:00:00","The decision was taken pursuant to own-initiative investigations.",SOURCE_VOLUNTARY,,Yes,AUTOMATED_DECISION_FULLY,TikTok,7440371818751417121,"2024-11-23 07:22:43"
4820de84-3d46-4cee-bf66-1d5b66a631aa,"[""DECISION_VISIBILITY_CONTENT_REMOVED""]",,,,,,,,,,,DECISION_GROUND_INCOMPATIBLE_CONTENT,,,,"Harassment and Bullying","We welcome the respectful expression of different viewpoints, but not toxicity or trolling. We do not allow language or behavior that harasses, humiliates, threatens, or doxes anyone. This also includes responding to such acts with retaliatory harassment (but excludes non-harassing counterspeech).We proactively enforce our Community Guidelines through a mix of technology and human moderation. We have detected this policy violation using automated measures. We have used automated measures in making this decision.",,STATEMENT_CATEGORY_ILLEGAL_OR_HARMFUL_SPEECH,,,,"[""CONTENT_TYPE_TEXT""]",,,"2024-11-23 00:00:00","[""AT"",""BE"",""BG"",""CY"",""CZ"",""DE"",""DK"",""EE"",""ES"",""FI"",""FR"",""GR"",""HR"",""HU"",""IE"",""IT"",""LI"",""LT"",""LU"",""LV"",""MT"",""NL"",""NO"",""PL"",""PT"",""RO"",""SE"",""SI"",""SK""]","2024-11-23 00:00:00","The decision was taken pursuant to own-initiative investigations.",SOURCE_VOLUNTARY,,Yes,AUTOMATED_DECISION_FULLY,TikTok,7440371818751433505,"2024-11-23 07:22:43"
7868a115-b327-4ab2-ad24-54f2ed43e921,"[""DECISION_VISIBILITY_CONTENT_REMOVED""]",,,,,,,,,,,DECISION_GROUND_INCOMPATIBLE_CONTENT,,,,"Hate Speech and Hateful Behaviors","TikTok is enriched by the various backgrounds of our community members. Our differences should be respected, rather than a cause for division. We do not allow any hateful behavior, hate speech, or promotion of hateful ideologies. This includes content that attacks a person or group because of protected attributes.We proactively enforce our Community Guidelines through a mix of technology and human moderation. We have detected this policy violation using automated measures. We have used automated measures in making this decision.",,STATEMENT_CATEGORY_ILLEGAL_OR_HARMFUL_SPEECH,,,,"[""CONTENT_TYPE_TEXT""]",,,"2024-11-23 00:00:00","[""AT"",""BE"",""BG"",""CY"",""CZ"",""DE"",""DK"",""EE"",""ES"",""FI"",""FR"",""GR"",""HR"",""HU"",""IE"",""IT"",""LI"",""LT"",""LU"",""LV"",""MT"",""NL"",""NO"",""PL"",""PT"",""RO"",""SE"",""SI"",""SK""]","2024-11-23 00:00:00","The decision was taken pursuant to own-initiative investigations.",SOURCE_VOLUNTARY,,Yes,AUTOMATED_DECISION_FULLY,TikTok,7440371819967683361,"2024-11-23 07:22:45"
dce697cb-6852-44b3-b429-5ff7a117a349,"[""DECISION_VISIBILITY_CONTENT_REMOVED""]",,,,,,,,,,,DECISION_GROUND_INCOMPATIBLE_CONTENT,,,,"Harassment and Bullying","We welcome the respectful expression of different viewpoints, but not toxicity or trolling. We do not allow language or behavior that harasses, humiliates, threatens, or doxes anyone. This also includes responding to such acts with retaliatory harassment (but excludes non-harassing counterspeech).We proactively enforce our Community Guidelines through a mix of technology and human moderation. We have detected this policy violation using automated measures. We have used automated measures in making this decision.",,STATEMENT_CATEGORY_ILLEGAL_OR_HARMFUL_SPEECH,,,,"[""CONTENT_TYPE_TEXT""]",,,"2024-11-23 00:00:00","[""AT"",""BE"",""BG"",""CY"",""CZ"",""DE"",""DK"",""EE"",""ES"",""FI"",""FR"",""GR"",""HR"",""HU"",""IE"",""IT"",""LI"",""LT"",""LU"",""LV"",""MT"",""NL"",""NO"",""PL"",""PT"",""RO"",""SE"",""SI"",""SK""]","2024-11-23 00:00:00","The decision was taken pursuant to own-initiative investigations.",SOURCE_VOLUNTARY,,Yes,AUTOMATED_DECISION_FULLY,TikTok,7440371819967699745,"2024-11-23 07:22:45"
967a1f2c-30ce-41e2-8879-a361ef8d3cd9,"[""DECISION_VISIBILITY_CONTENT_REMOVED""]",,,,,,,,,,,DECISION_GROUND_INCOMPATIBLE_CONTENT,,,,"Harassment and Bullying","We welcome the respectful expression of different viewpoints, but not toxicity or trolling. We do not allow language or behavior that harasses, humiliates, threatens, or doxes anyone. This also includes responding to such acts with retaliatory harassment (but excludes non-harassing counterspeech).We proactively enforce our Community Guidelines through a mix of technology and human moderation. We have detected this policy violation using automated measures. We have used automated measures in making this decision.",,STATEMENT_CATEGORY_ILLEGAL_OR_HARMFUL_SPEECH,,,,"[""CONTENT_TYPE_TEXT""]",,,"2024-11-23 00:00:00","[""AT"",""BE"",""BG"",""CY"",""CZ"",""DE"",""DK"",""EE"",""ES"",""FI"",""FR"",""GR"",""HR"",""HU"",""IE"",""IT"",""LI"",""LT"",""LU"",""LV"",""MT"",""NL"",""NO"",""PL"",""PT"",""RO"",""SE"",""SI"",""SK""]","2024-11-23 00:00:00","The decision was taken pursuant to own-initiative investigations.",SOURCE_VOLUNTARY,,Yes,AUTOMATED_DECISION_FULLY,TikTok,7440371820898851617,"2024-11-23 07:22:45"
601803f9-07d5-4f75-83f6-91727a32a45c,"[""DECISION_VISIBILITY_CONTENT_REMOVED""]",,,,,,,,,,,DECISION_GROUND_INCOMPATIBLE_CONTENT,,,,"Community Guidelines","Your content is against our Community Guidelines. The guidelines include rules and standards for using TikTok that apply to everyone and everything on our platform.We proactively enforce our Community Guidelines through a mix of technology and human moderation. We have detected this policy violation using automated measures. We have used automated measures in making this decision.",,STATEMENT_CATEGORY_SCOPE_OF_PLATFORM_SERVICE,,,,"[""CONTENT_TYPE_VIDEO""]",,,"2024-11-23 00:00:00","[""AT"",""BE"",""BG"",""CY"",""CZ"",""DE"",""DK"",""EE"",""ES"",""FI"",""FR"",""GR"",""HR"",""HU"",""IE"",""IT"",""LI"",""LT"",""LU"",""LV"",""MT"",""NL"",""NO"",""PL"",""PT"",""RO"",""SE"",""SI"",""SK""]","2024-11-23 00:00:00","The decision was taken pursuant to own-initiative investigations.",SOURCE_VOLUNTARY,,Yes,AUTOMATED_DECISION_FULLY,TikTok,7440371819967716129,"2024-11-23 07:22:45"
c12ebd1f-095c-417f-a94f-912ee7f88ba0,"[""DECISION_VISIBILITY_OTHER""]","Photo not eligible for recommendation in the For You feed",,,,,,,,,,DECISION_GROUND_INCOMPATIBLE_CONTENT,,,,"Dangerous Activities and Challenges","Most activities or challenges are appropriate for everyone, but some carry a risk of significant injury. Content is ineligible for the For You feed if it involves activities that are likely to lead to moderate physical harm, or includes professionals who are performing extreme sports and stunts that may endanger others.We proactively enforce our Community Guidelines through a mix of technology and human moderation. We have detected this policy violation using automated measures. We have used automated measures in making this decision.",,STATEMENT_CATEGORY_NEGATIVE_EFFECTS_ON_CIVIC_DISCOURSE_OR_ELECTIONS,,,,"[""CONTENT_TYPE_IMAGE""]",,,"2024-11-23 00:00:00","[""AT"",""BE"",""BG"",""CY"",""CZ"",""DE"",""DK"",""EE"",""ES"",""FI"",""FR"",""GR"",""HR"",""HU"",""IE"",""IT"",""LI"",""LT"",""LU"",""LV"",""MT"",""NL"",""NO"",""PL"",""PT"",""RO"",""SE"",""SI"",""SK""]","2024-11-23 00:00:00","The decision was taken pursuant to own-initiative investigations.",SOURCE_VOLUNTARY,,Yes,AUTOMATED_DECISION_FULLY,TikTok,7440371820898868001,"2024-11-23 07:22:45"
9dd2980b-77c8-415e-a518-685ee023eaba,"[""DECISION_VISIBILITY_OTHER""]","Video not eligible for recommendation in the For You feed",,,,,,,,,,DECISION_GROUND_INCOMPATIBLE_CONTENT,,,,"Community Guidelines","Your content is against our Community Guidelines. The guidelines include rules and standards for using TikTok that apply to everyone and everything on our platform.We proactively enforce our Community Guidelines through a mix of technology and human moderation. We have detected this policy violation using automated measures. We have used automated measures in making this decision.",,STATEMENT_CATEGORY_SCOPE_OF_PLATFORM_SERVICE,,,,"[""CONTENT_TYPE_OTHER""]","Video Sticker",,"2024-11-23 00:00:00","[""AT"",""BE"",""BG"",""CY"",""CZ"",""DE"",""DK"",""EE"",""ES"",""FI"",""FR"",""GR"",""HR"",""HU"",""IE"",""IT"",""LI"",""LT"",""LU"",""LV"",""MT"",""NL"",""NO"",""PL"",""PT"",""RO"",""SE"",""SI"",""SK""]","2024-11-23 00:00:00","The decision was taken pursuant to own-initiative investigations.",SOURCE_VOLUNTARY,,Yes,AUTOMATED_DECISION_FULLY,TikTok,7440371820898884385,"2024-11-23 07:22:45"
2b6181f7-28d1-4df8-bca3-7147c479ea4e,"[""DECISION_VISIBILITY_CONTENT_REMOVED""]",,,,,,,,,,,DECISION_GROUND_INCOMPATIBLE_CONTENT,,,,"Sexual Exploitation and Gender-Based Violence","We are committed to providing a space that embraces gender equity, supports healthy relationships, and respects intimate privacy. We do not allow sexual exploitation or gender-based violence, including non-consensual sexual acts, image-based sexual abuse, sextortion, physical abuse, and sexual harassment.We proactively enforce our Community Guidelines through a mix of technology and human moderation. We have detected this policy violation using automated measures. We have used automated measures in making this decision.",,STATEMENT_CATEGORY_VIOLENCE,,,,"[""CONTENT_TYPE_TEXT""]",,,"2024-11-23 00:00:00","[""AT"",""BE"",""BG"",""CY"",""CZ"",""DE"",""DK"",""EE"",""ES"",""FI"",""FR"",""GR"",""HR"",""HU"",""IE"",""IT"",""LI"",""LT"",""LU"",""LV"",""MT"",""NL"",""NO"",""PL"",""PT"",""RO"",""SE"",""SI"",""SK""]","2024-11-23 00:00:00","The decision was taken pursuant to own-initiative investigations.",SOURCE_VOLUNTARY,,Yes,AUTOMATED_DECISION_FULLY,TikTok,7440371820898900769,"2024-11-23 07:22:45"
ac03843e-3dae-4301-a331-f50fde52ab70,"[""DECISION_VISIBILITY_OTHER""]","Video not eligible for recommendation in the For You feed",,,,,,,,,,DECISION_GROUND_INCOMPATIBLE_CONTENT,,,,"Alcohol, Tobacco, and Drugs","While adults make personal choices about how they engage with alcohol, drugs, and tobacco, we recognize that there are risks connected to trading and using these substances. Content is ineligible for the For You feed and harder to find in search if it shows adults consuming excessive amounts of alcohol or tobacco products.We proactively enforce our Community Guidelines through a mix of technology and human moderation. We have detected this policy violation using automated measures. We have used automated measures in making this decision.",,STATEMENT_CATEGORY_SCOPE_OF_PLATFORM_SERVICE,,,,"[""CONTENT_TYPE_VIDEO""]",,,"2024-11-23 00:00:00","[""AT"",""BE"",""BG"",""CY"",""CZ"",""DE"",""DK"",""EE"",""ES"",""FI"",""FR"",""GR"",""HR"",""HU"",""IE"",""IT"",""LI"",""LT"",""LU"",""LV"",""MT"",""NL"",""NO"",""PL"",""PT"",""RO"",""SE"",""SI"",""SK""]","2024-11-23 00:00:00","The decision was taken pursuant to own-initiative investigations.",SOURCE_VOLUNTARY,,Yes,AUTOMATED_DECISION_FULLY,TikTok,7440371820898917153,"2024-11-23 07:22:45"
be295e78-302b-486c-bcee-07498c86edb1,"[""DECISION_VISIBILITY_CONTENT_REMOVED""]",,,,,,,,,,,DECISION_GROUND_INCOMPATIBLE_CONTENT,,,,"Sexual Exploitation and Gender-Based Violence","We are committed to providing a space that embraces gender equity, supports healthy relationships, and respects intimate privacy. We do not allow sexual exploitation or gender-based violence, including non-consensual sexual acts, image-based sexual abuse, sextortion, physical abuse, and sexual harassment.We proactively enforce our Community Guidelines through a mix of technology and human moderation. We have detected this policy violation using automated measures. We have used automated measures in making this decision.",,STATEMENT_CATEGORY_VIOLENCE,,,,"[""CONTENT_TYPE_TEXT""]",,,"2024-11-23 00:00:00","[""AT"",""BE"",""BG"",""CY"",""CZ"",""DE"",""DK"",""EE"",""ES"",""FI"",""FR"",""GR"",""HR"",""HU"",""IE"",""IT"",""LI"",""LT"",""LU"",""LV"",""MT"",""NL"",""NO"",""PL"",""PT"",""RO"",""SE"",""SI"",""SK""]","2024-11-23 00:00:00","The decision was taken pursuant to own-initiative investigations.",SOURCE_VOLUNTARY,,Yes,AUTOMATED_DECISION_FULLY,TikTok,7440371819967732513,"2024-11-23 07:22:45"
837801c1-f2a3-4130-9b93-4abaf190bbec,"[""DECISION_VISIBILITY_CONTENT_REMOVED""]",,,,,,,,,,,DECISION_GROUND_INCOMPATIBLE_CONTENT,,,,"Harassment and Bullying","We welcome the respectful expression of different viewpoints, but not toxicity or trolling. We do not allow language or behavior that harasses, humiliates, threatens, or doxes anyone. This also includes responding to such acts with retaliatory harassment (but excludes non-harassing counterspeech).We proactively enforce our Community Guidelines through a mix of technology and human moderation. We have detected this policy violation using automated measures. We have used automated measures in making this decision.",,STATEMENT_CATEGORY_ILLEGAL_OR_HARMFUL_SPEECH,,,,"[""CONTENT_TYPE_TEXT""]",,,"2024-11-23 00:00:00","[""AT"",""BE"",""BG"",""CY"",""CZ"",""DE"",""DK"",""EE"",""ES"",""FI"",""FR"",""GR"",""HR"",""HU"",""IE"",""IT"",""LI"",""LT"",""LU"",""LV"",""MT"",""NL"",""NO"",""PL"",""PT"",""RO"",""SE"",""SI"",""SK""]","2024-11-23 00:00:00","The decision was taken pursuant to own-initiative investigations.",SOURCE_VOLUNTARY,,Yes,AUTOMATED_DECISION_FULLY,TikTok,7440371819967748897,"2024-11-23 07:22:45"
a61c5f82-d1dc-4095-9e32-ad1f4e7724f1,"[""DECISION_VISIBILITY_CONTENT_REMOVED""]",,,,,,,,,,,DECISION_GROUND_INCOMPATIBLE_CONTENT,,,,"Harassment and Bullying","We welcome the respectful expression of different viewpoints, but not toxicity or trolling. We do not allow language or behavior that harasses, humiliates, threatens, or doxes anyone. This also includes responding to such acts with retaliatory harassment (but excludes non-harassing counterspeech).We proactively enforce our Community Guidelines through a mix of technology and human moderation. We have detected this policy violation using automated measures. We have used automated measures in making this decision.",,STATEMENT_CATEGORY_ILLEGAL_OR_HARMFUL_SPEECH,,,,"[""CONTENT_TYPE_TEXT""]",,,"2024-11-23 00:00:00","[""AT"",""BE"",""BG"",""CY"",""CZ"",""DE"",""DK"",""EE"",""ES"",""FI"",""FR"",""GR"",""HR"",""HU"",""IE"",""IT"",""LI"",""LT"",""LU"",""LV"",""MT"",""NL"",""NO"",""PL"",""PT"",""RO"",""SE"",""SI"",""SK""]","2024-11-23 00:00:00","The decision was taken pursuant to own-initiative investigations.",SOURCE_VOLUNTARY,,Yes,AUTOMATED_DECISION_FULLY,TikTok,7440371819967765281,"2024-11-23 07:22:45"
a2c25901-f740-46e7-80d9-e26d8d20c2e1,"[""DECISION_VISIBILITY_CONTENT_REMOVED""]",,,,,,,,,,,DECISION_GROUND_INCOMPATIBLE_CONTENT,,,,"Violent Behaviors and Criminal Activities","We recognize that online content related to violence can cause real-world harm. We do not allow any violent threats, incitement to violence, or promotion of criminal activities that may harm people, animals, or property. If there is a specific, credible, and imminent threat to human life or serious physical injury, we will report it to relevant law enforcement authorities.We proactively enforce our Community Guidelines through a mix of technology and human moderation. We have detected this policy violation using automated measures. We have used automated measures in making this decision.",,STATEMENT_CATEGORY_VIOLENCE,,,,"[""CONTENT_TYPE_TEXT""]",,,"2024-11-23 00:00:00","[""AT"",""BE"",""BG"",""CY"",""CZ"",""DE"",""DK"",""EE"",""ES"",""FI"",""FR"",""GR"",""HR"",""HU"",""IE"",""IT"",""LI"",""LT"",""LU"",""LV"",""MT"",""NL"",""NO"",""PL"",""PT"",""RO"",""SE"",""SI"",""SK""]","2024-11-23 00:00:00","The decision was taken pursuant to own-initiative investigations.",SOURCE_VOLUNTARY,,Yes,AUTOMATED_DECISION_FULLY,TikTok,7440371820898933537,"2024-11-23 07:22:45"
bcef6026-bb25-480a-9181-e283bb0fead8,"[""DECISION_VISIBILITY_CONTENT_REMOVED""]",,,,,,,,,,,DECISION_GROUND_INCOMPATIBLE_CONTENT,,,,"Hate Speech and Hateful Behaviors","TikTok is enriched by the various backgrounds of our community members. Our differences should be respected, rather than a cause for division. We do not allow any hateful behavior, hate speech, or promotion of hateful ideologies. This includes content that attacks a person or group because of protected attributes.We proactively enforce our Community Guidelines through a mix of technology and human moderation. We have detected this policy violation using automated measures.",,STATEMENT_CATEGORY_ILLEGAL_OR_HARMFUL_SPEECH,,,,"[""CONTENT_TYPE_IMAGE""]",,,"2024-11-22 00:00:00","[""AT"",""BE"",""BG"",""CY"",""CZ"",""DE"",""DK"",""EE"",""ES"",""FI"",""FR"",""GR"",""HR"",""HU"",""IE"",""IT"",""LI"",""LT"",""LU"",""LV"",""MT"",""NL"",""NO"",""PL"",""PT"",""RO"",""SE"",""SI"",""SK""]","2024-11-23 00:00:00","The decision was taken pursuant to own-initiative investigations.",SOURCE_VOLUNTARY,,Yes,AUTOMATED_DECISION_NOT_AUTOMATED,TikTok,7440371820898949921,"2024-11-23 07:22:45"
36a9342d-c816-46b8-819e-05c6c0991517,"[""DECISION_VISIBILITY_OTHER""]","Video not eligible for recommendation in the For You feed",,,,,,,,,,DECISION_GROUND_INCOMPATIBLE_CONTENT,,,,"Community Guidelines","We maintain content eligibility standards for the For You feed (FYF) that prioritize safety and are informed by the diversity of our community and cultural norms. We make ineligible for the FYF certain content that may not be appropriate for a broad audience related to: (1) Behavioral Health, (2) Sensitive and Mature Themes, (3) Integrity and Authenticity, and (4) Regulated Goods. Content that is ineligible for the FYF can still be discovered in other ways, such as through search tools or by following an account.We proactively enforce our Community Guidelines through a mix of technology and human moderation. We have detected this policy violation using automated measures. We have used automated measures in making this decision.",,STATEMENT_CATEGORY_SCOPE_OF_PLATFORM_SERVICE,,,,"[""CONTENT_TYPE_VIDEO""]",,,"2024-11-23 00:00:00","[""AT"",""BE"",""BG"",""CY"",""CZ"",""DE"",""DK"",""EE"",""ES"",""FI"",""FR"",""GR"",""HR"",""HU"",""IE"",""IT"",""LI"",""LT"",""LU"",""LV"",""MT"",""NL"",""NO"",""PL"",""PT"",""RO"",""SE"",""SI"",""SK""]","2024-11-23 00:00:00","The decision was taken pursuant to own-initiative investigations.",SOURCE_VOLUNTARY,,Yes,AUTOMATED_DECISION_FULLY,TikTok,7440371820898966305,"2024-11-23 07:22:45"
f0b466e7-9367-4f92-ad9c-336aa63f9630,"[""DECISION_VISIBILITY_CONTENT_REMOVED""]",,,,,,,,,,,DECISION_GROUND_INCOMPATIBLE_CONTENT,,,,"Harassment and Bullying","We welcome the respectful expression of different viewpoints, but not toxicity or trolling. We do not allow language or behavior that harasses, humiliates, threatens, or doxes anyone. This also includes responding to such acts with retaliatory harassment (but excludes non-harassing counterspeech).We proactively enforce our Community Guidelines through a mix of technology and human moderation. We have detected this policy violation using automated measures. We have used automated measures in making this decision.",,STATEMENT_CATEGORY_ILLEGAL_OR_HARMFUL_SPEECH,,,,"[""CONTENT_TYPE_TEXT""]",,,"2024-11-23 00:00:00","[""AT"",""BE"",""BG"",""CY"",""CZ"",""DE"",""DK"",""EE"",""ES"",""FI"",""FR"",""GR"",""HR"",""HU"",""IE"",""IT"",""LI"",""LT"",""LU"",""LV"",""MT"",""NL"",""NO"",""PL"",""PT"",""RO"",""SE"",""SI"",""SK""]","2024-11-23 00:00:00","The decision was taken pursuant to own-initiative investigations.",SOURCE_VOLUNTARY,,Yes,AUTOMATED_DECISION_FULLY,TikTok,7440371819967781665,"2024-11-23 07:22:45"
a88339a4-2c02-44d9-b7ef-05d8372306a9,"[""DECISION_VISIBILITY_OTHER""]","Video not eligible for recommendation in the For You feed",,,,,,,,,,DECISION_GROUND_INCOMPATIBLE_CONTENT,,,,"Community Guidelines","We maintain content eligibility standards for the For You feed (FYF) that prioritize safety and are informed by the diversity of our community and cultural norms. We make ineligible for the FYF certain content that may not be appropriate for a broad audience related to: (1) Behavioral Health, (2) Sensitive and Mature Themes, (3) Integrity and Authenticity, and (4) Regulated Goods. Content that is ineligible for the FYF can still be discovered in other ways, such as through search tools or by following an account.We proactively enforce our Community Guidelines through a mix of technology and human moderation. We have detected this policy violation using automated measures. We have used automated measures in making this decision.",,STATEMENT_CATEGORY_SCOPE_OF_PLATFORM_SERVICE,,,,"[""CONTENT_TYPE_VIDEO""]",,,"2024-11-23 00:00:00","[""AT"",""BE"",""BG"",""CY"",""CZ"",""DE"",""DK"",""EE"",""ES"",""FI"",""FR"",""GR"",""HR"",""HU"",""IE"",""IT"",""LI"",""LT"",""LU"",""LV"",""MT"",""NL"",""NO"",""PL"",""PT"",""RO"",""SE"",""SI"",""SK""]","2024-11-23 00:00:00","The decision was taken pursuant to own-initiative investigations.",SOURCE_VOLUNTARY,,Yes,AUTOMATED_DECISION_FULLY,TikTok,7440371819967798049,"2024-11-23 07:22:45"
4ac10b1a-873e-4415-bccf-b151efb77564,"[""DECISION_VISIBILITY_CONTENT_REMOVED""]",,,,,,,,,,,DECISION_GROUND_INCOMPATIBLE_CONTENT,,,,"Harassment and Bullying","We welcome the respectful expression of different viewpoints, but not toxicity or trolling. We do not allow language or behavior that harasses, humiliates, threatens, or doxes anyone. This also includes responding to such acts with retaliatory harassment (but excludes non-harassing counterspeech).We proactively enforce our Community Guidelines through a mix of technology and human moderation. We have detected this policy violation using automated measures. We have used automated measures in making this decision.",,STATEMENT_CATEGORY_ILLEGAL_OR_HARMFUL_SPEECH,,,,"[""CONTENT_TYPE_TEXT""]",,,"2024-11-23 00:00:00","[""AT"",""BE"",""BG"",""CY"",""CZ"",""DE"",""DK"",""EE"",""ES"",""FI"",""FR"",""GR"",""HR"",""HU"",""IE"",""IT"",""LI"",""LT"",""LU"",""LV"",""MT"",""NL"",""NO"",""PL"",""PT"",""RO"",""SE"",""SI"",""SK""]","2024-11-23 00:00:00","The decision was taken pursuant to own-initiative investigations.",SOURCE_VOLUNTARY,,Yes,AUTOMATED_DECISION_FULLY,TikTok,7440371819967814433,"2024-11-23 07:22:45"
c9a1e506-5ee6-469e-8540-9e092c3a18ed,"[""DECISION_VISIBILITY_CONTENT_REMOVED""]",,,,,,,,,,,DECISION_GROUND_INCOMPATIBLE_CONTENT,,,,"Harassment and Bullying","We welcome the respectful expression of different viewpoints, but not toxicity or trolling. We do not allow language or behavior that harasses, humiliates, threatens, or doxes anyone. This also includes responding to such acts with retaliatory harassment (but excludes non-harassing counterspeech).We proactively enforce our Community Guidelines through a mix of technology and human moderation. We have detected this policy violation using automated measures. We have used automated measures in making this decision.",,STATEMENT_CATEGORY_ILLEGAL_OR_HARMFUL_SPEECH,,,,"[""CONTENT_TYPE_TEXT""]",,,"2024-11-23 00:00:00","[""AT"",""BE"",""BG"",""CY"",""CZ"",""DE"",""DK"",""EE"",""ES"",""FI"",""FR"",""GR"",""HR"",""HU"",""IE"",""IT"",""LI"",""LT"",""LU"",""LV"",""MT"",""NL"",""NO"",""PL"",""PT"",""RO"",""SE"",""SI"",""SK""]","2024-11-23 00:00:00","The decision was taken pursuant to own-initiative investigations.",SOURCE_VOLUNTARY,,Yes,AUTOMATED_DECISION_FULLY,TikTok,7440371819967830817,"2024-11-23 07:22:45"
5fba2b0d-e32d-4c2d-a607-ed9662271d68,"[""DECISION_VISIBILITY_CONTENT_REMOVED""]",,,,,,,,,,,DECISION_GROUND_INCOMPATIBLE_CONTENT,,,,"Harassment and Bullying","We welcome the respectful expression of different viewpoints, but not toxicity or trolling. We do not allow language or behavior that harasses, humiliates, threatens, or doxes anyone. This also includes responding to such acts with retaliatory harassment (but excludes non-harassing counterspeech).We proactively enforce our Community Guidelines through a mix of technology and human moderation. We have detected this policy violation using automated measures. We have used automated measures in making this decision.",,STATEMENT_CATEGORY_ILLEGAL_OR_HARMFUL_SPEECH,,,,"[""CONTENT_TYPE_TEXT""]",,,"2024-11-23 00:00:00","[""AT"",""BE"",""BG"",""CY"",""CZ"",""DE"",""DK"",""EE"",""ES"",""FI"",""FR"",""GR"",""HR"",""HU"",""IE"",""IT"",""LI"",""LT"",""LU"",""LV"",""MT"",""NL"",""NO"",""PL"",""PT"",""RO"",""SE"",""SI"",""SK""]","2024-11-23 00:00:00","The decision was taken pursuant to own-initiative investigations.",SOURCE_VOLUNTARY,,Yes,AUTOMATED_DECISION_FULLY,TikTok,7440371826624043808,"2024-11-23 07:22:45"
017df7aa-d9c9-4937-82c8-6c3d35087ea7,"[""DECISION_VISIBILITY_CONTENT_REMOVED""]",,,,,,,,,,,DECISION_GROUND_INCOMPATIBLE_CONTENT,,,,"Harassment and Bullying","We welcome the respectful expression of different viewpoints, but not toxicity or trolling. We do not allow language or behavior that harasses, humiliates, threatens, or doxes anyone. This also includes responding to such acts with retaliatory harassment (but excludes non-harassing counterspeech).We proactively enforce our Community Guidelines through a mix of technology and human moderation. We have detected this policy violation using automated measures. We have used automated measures in making this decision.",,STATEMENT_CATEGORY_ILLEGAL_OR_HARMFUL_SPEECH,,,,"[""CONTENT_TYPE_TEXT""]",,,"2024-11-23 00:00:00","[""AT"",""BE"",""BG"",""CY"",""CZ"",""DE"",""DK"",""EE"",""ES"",""FI"",""FR"",""GR"",""HR"",""HU"",""IE"",""IT"",""LI"",""LT"",""LU"",""LV"",""MT"",""NL"",""NO"",""PL"",""PT"",""RO"",""SE"",""SI"",""SK""]","2024-11-23 00:00:00","The decision was taken pursuant to own-initiative investigations.",SOURCE_VOLUNTARY,,Yes,AUTOMATED_DECISION_FULLY,TikTok,7440371826624060192,"2024-11-23 07:22:45"
9a12c46a-855c-4e7c-8d66-93b1d62c1a7b,"[""DECISION_VISIBILITY_OTHER""]","Video not eligible for recommendation in the For You feed",,,,,,,,,,DECISION_GROUND_INCOMPATIBLE_CONTENT,,,,"Community Guidelines","We maintain content eligibility standards for the For You feed (FYF) that prioritize safety and are informed by the diversity of our community and cultural norms. We make ineligible for the FYF certain content that may not be appropriate for a broad audience related to: (1) Behavioral Health, (2) Sensitive and Mature Themes, (3) Integrity and Authenticity, and (4) Regulated Goods. Content that is ineligible for the FYF can still be discovered in other ways, such as through search tools or by following an account.We proactively enforce our Community Guidelines through a mix of technology and human moderation. We have detected this policy violation using automated measures. We have used automated measures in making this decision.",,STATEMENT_CATEGORY_SCOPE_OF_PLATFORM_SERVICE,,,,"[""CONTENT_TYPE_VIDEO""]",,,"2024-11-23 00:00:00","[""AT"",""BE"",""BG"",""CY"",""CZ"",""DE"",""DK"",""EE"",""ES"",""FI"",""FR"",""GR"",""HR"",""HU"",""IE"",""IT"",""LI"",""LT"",""LU"",""LV"",""MT"",""NL"",""NO"",""PL"",""PT"",""RO"",""SE"",""SI"",""SK""]","2024-11-23 00:00:00","The decision was taken pursuant to own-initiative investigations.",SOURCE_VOLUNTARY,,Yes,AUTOMATED_DECISION_FULLY,TikTok,7440371825328003872,"2024-11-23 07:22:45"
c596e8b7-4ffb-4f49-b172-eb40374278bb,"[""DECISION_VISIBILITY_CONTENT_REMOVED""]",,,,,,,,,,,DECISION_GROUND_INCOMPATIBLE_CONTENT,,,,"Harassment and Bullying","We welcome the respectful expression of different viewpoints, but not toxicity or trolling. We do not allow language or behavior that harasses, humiliates, threatens, or doxes anyone. This also includes responding to such acts with retaliatory harassment (but excludes non-harassing counterspeech).We proactively enforce our Community Guidelines through a mix of technology and human moderation. We have detected this policy violation using automated measures. We have used automated measures in making this decision.",,STATEMENT_CATEGORY_ILLEGAL_OR_HARMFUL_SPEECH,,,,"[""CONTENT_TYPE_TEXT""]",,,"2024-11-23 00:00:00","[""AT"",""BE"",""BG"",""CY"",""CZ"",""DE"",""DK"",""EE"",""ES"",""FI"",""FR"",""GR"",""HR"",""HU"",""IE"",""IT"",""LI"",""LT"",""LU"",""LV"",""MT"",""NL"",""NO"",""PL"",""PT"",""RO"",""SE"",""SI"",""SK""]","2024-11-23 00:00:00","The decision was taken pursuant to own-initiative investigations.",SOURCE_VOLUNTARY,,Yes,AUTOMATED_DECISION_FULLY,TikTok,7440371825328020256,"2024-11-23 07:22:45"
e6342e11-c2f9-400f-a90d-bcaa0ad492ff,"[""DECISION_VISIBILITY_OTHER""]","Video not eligible for recommendation in the For You feed",,,,,,,,,,DECISION_GROUND_INCOMPATIBLE_CONTENT,,,,"Community Guidelines","Your content is against our Community Guidelines. The guidelines include rules and standards for using TikTok that apply to everyone and everything on our platform.We proactively enforce our Community Guidelines through a mix of technology and human moderation. We have detected this policy violation using automated measures. We have used automated measures in making this decision.",,STATEMENT_CATEGORY_SCOPE_OF_PLATFORM_SERVICE,,,,"[""CONTENT_TYPE_OTHER""]","Video Sticker",,"2024-11-23 00:00:00","[""AT"",""BE"",""BG"",""CY"",""CZ"",""DE"",""DK"",""EE"",""ES"",""FI"",""FR"",""GR"",""HR"",""HU"",""IE"",""IT"",""LI"",""LT"",""LU"",""LV"",""MT"",""NL"",""NO"",""PL"",""PT"",""RO"",""SE"",""SI"",""SK""]","2024-11-23 00:00:00","The decision was taken pursuant to own-initiative investigations.",SOURCE_VOLUNTARY,,Yes,AUTOMATED_DECISION_FULLY,TikTok,7440371825328053024,"2024-11-23 07:22:48"
205d99d2-7b7e-4ea2-98f8-96d9388c838f,"[""DECISION_VISIBILITY_OTHER""]","Video not eligible for recommendation in the For You feed",,,,,,,,,,DECISION_GROUND_INCOMPATIBLE_CONTENT,,,,"Community Guidelines","We maintain content eligibility standards for the For You feed (FYF) that prioritize safety and are informed by the diversity of our community and cultural norms. We make ineligible for the FYF certain content that may not be appropriate for a broad audience related to: (1) Behavioral Health, (2) Sensitive and Mature Themes, (3) Integrity and Authenticity, and (4) Regulated Goods. Content that is ineligible for the FYF can still be discovered in other ways, such as through search tools or by following an account.We proactively enforce our Community Guidelines through a mix of technology and human moderation. We have detected this policy violation using automated measures. We have used automated measures in making this decision.",,STATEMENT_CATEGORY_SCOPE_OF_PLATFORM_SERVICE,,,,"[""CONTENT_TYPE_VIDEO""]",,,"2024-11-23 00:00:00","[""AT"",""BE"",""BG"",""CY"",""CZ"",""DE"",""DK"",""EE"",""ES"",""FI"",""FR"",""GR"",""HR"",""HU"",""IE"",""IT"",""LI"",""LT"",""LU"",""LV"",""MT"",""NL"",""NO"",""PL"",""PT"",""RO"",""SE"",""SI"",""SK""]","2024-11-23 00:00:00","The decision was taken pursuant to own-initiative investigations.",SOURCE_VOLUNTARY,,Yes,AUTOMATED_DECISION_FULLY,TikTok,7440371826624109344,"2024-11-23 07:22:48"
9ea34dc9-129a-40ef-ae28-382b369f9462,"[""DECISION_VISIBILITY_CONTENT_REMOVED""]",,,,,,,,,,,DECISION_GROUND_INCOMPATIBLE_CONTENT,,,,"Harassment and Bullying","We welcome the respectful expression of different viewpoints, but not toxicity or trolling. We do not allow language or behavior that harasses, humiliates, threatens, or doxes anyone. This also includes responding to such acts with retaliatory harassment (but excludes non-harassing counterspeech).We proactively enforce our Community Guidelines through a mix of technology and human moderation. We have detected this policy violation using automated measures. We have used automated measures in making this decision.",,STATEMENT_CATEGORY_ILLEGAL_OR_HARMFUL_SPEECH,,,,"[""CONTENT_TYPE_TEXT""]",,,"2024-11-23 00:00:00","[""AT"",""BE"",""BG"",""CY"",""CZ"",""DE"",""DK"",""EE"",""ES"",""FI"",""FR"",""GR"",""HR"",""HU"",""IE"",""IT"",""LI"",""LT"",""LU"",""LV"",""MT"",""NL"",""NO"",""PL"",""PT"",""RO"",""SE"",""SI"",""SK""]","2024-11-23 00:00:00","The decision was taken pursuant to own-initiative investigations.",SOURCE_VOLUNTARY,,Yes,AUTOMATED_DECISION_FULLY,TikTok,7440371826624125728,"2024-11-23 07:22:48"
0c10fb99-827e-4810-8459-48399ffb7a56,"[""DECISION_VISIBILITY_OTHER""]","Video not eligible for recommendation in the For You feed",,,,,,,,,,DECISION_GROUND_INCOMPATIBLE_CONTENT,,,,"Alcohol, Tobacco, and Drugs","While adults make personal choices about how they engage with alcohol, drugs, and tobacco, we recognize that there are risks connected to trading and using these substances. Content is ineligible for the For You feed and harder to find in search if it shows adults consuming excessive amounts of alcohol or tobacco products.We proactively enforce our Community Guidelines through a mix of technology and human moderation. We have detected this policy violation using automated measures. We have used automated measures in making this decision.",,STATEMENT_CATEGORY_SCOPE_OF_PLATFORM_SERVICE,,,,"[""CONTENT_TYPE_VIDEO""]",,,"2024-11-23 00:00:00","[""AT"",""BE"",""BG"",""CY"",""CZ"",""DE"",""DK"",""EE"",""ES"",""FI"",""FR"",""GR"",""HR"",""HU"",""IE"",""IT"",""LI"",""LT"",""LU"",""LV"",""MT"",""NL"",""NO"",""PL"",""PT"",""RO"",""SE"",""SI"",""SK""]","2024-11-23 00:00:00","The decision was taken pursuant to own-initiative investigations.",SOURCE_VOLUNTARY,,Yes,AUTOMATED_DECISION_FULLY,TikTok,7440371826624142112,"2024-11-23 07:22:48"
1132a08d-86ce-4c07-8ce5-ec4589a2e37c,"[""DECISION_VISIBILITY_CONTENT_REMOVED""]",,,,,,,,,,,DECISION_GROUND_INCOMPATIBLE_CONTENT,,,,"Harassment and Bullying","We welcome the respectful expression of different viewpoints, but not toxicity or trolling. We do not allow language or behavior that harasses, humiliates, threatens, or doxes anyone. This also includes responding to such acts with retaliatory harassment (but excludes non-harassing counterspeech).We proactively enforce our Community Guidelines through a mix of technology and human moderation. We have detected this policy violation using automated measures. We have used automated measures in making this decision.",,STATEMENT_CATEGORY_ILLEGAL_OR_HARMFUL_SPEECH,,,,"[""CONTENT_TYPE_TEXT""]",,,"2024-11-23 00:00:00","[""AT"",""BE"",""BG"",""CY"",""CZ"",""DE"",""DK"",""EE"",""ES"",""FI"",""FR"",""GR"",""HR"",""HU"",""IE"",""IT"",""LI"",""LT"",""LU"",""LV"",""MT"",""NL"",""NO"",""PL"",""PT"",""RO"",""SE"",""SI"",""SK""]","2024-11-23 00:00:00","The decision was taken pursuant to own-initiative investigations.",SOURCE_VOLUNTARY,,Yes,AUTOMATED_DECISION_FULLY,TikTok,7440371825328069408,"2024-11-23 07:22:48"
d179e637-6d04-4625-95ac-5f6b63f9d289,"[""DECISION_VISIBILITY_OTHER""]","Video not eligible for recommendation in the For You feed",,,,,,,,,,DECISION_GROUND_INCOMPATIBLE_CONTENT,,,,"Community Guidelines","We maintain content eligibility standards for the For You feed (FYF) that prioritize safety and are informed by the diversity of our community and cultural norms. We make ineligible for the FYF certain content that may not be appropriate for a broad audience related to: (1) Behavioral Health, (2) Sensitive and Mature Themes, (3) Integrity and Authenticity, and (4) Regulated Goods. Content that is ineligible for the FYF can still be discovered in other ways, such as through search tools or by following an account.We proactively enforce our Community Guidelines through a mix of technology and human moderation. We have detected this policy violation using automated measures. We have used automated measures in making this decision.",,STATEMENT_CATEGORY_SCOPE_OF_PLATFORM_SERVICE,,,,"[""CONTENT_TYPE_VIDEO""]",,,"2024-11-23 00:00:00","[""AT"",""BE"",""BG"",""CY"",""CZ"",""DE"",""DK"",""EE"",""ES"",""FI"",""FR"",""GR"",""HR"",""HU"",""IE"",""IT"",""LI"",""LT"",""LU"",""LV"",""MT"",""NL"",""NO"",""PL"",""PT"",""RO"",""SE"",""SI"",""SK""]","2024-11-23 00:00:00","The decision was taken pursuant to own-initiative investigations.",SOURCE_VOLUNTARY,,Yes,AUTOMATED_DECISION_FULLY,TikTok,7440371825328085792,"2024-11-23 07:22:48"
af504259-c0a3-4c69-bbaf-712364b9c7d5,"[""DECISION_VISIBILITY_CONTENT_REMOVED""]",,,,,,,,,,,DECISION_GROUND_INCOMPATIBLE_CONTENT,,,,"Harassment and Bullying","We welcome the respectful expression of different viewpoints, but not toxicity or trolling. We do not allow language or behavior that harasses, humiliates, threatens, or doxes anyone. This also includes responding to such acts with retaliatory harassment (but excludes non-harassing counterspeech).We proactively enforce our Community Guidelines through a mix of technology and human moderation. We have detected this policy violation using automated measures. We have used automated measures in making this decision.",,STATEMENT_CATEGORY_ILLEGAL_OR_HARMFUL_SPEECH,,,,"[""CONTENT_TYPE_TEXT""]",,,"2024-11-23 00:00:00","[""AT"",""BE"",""BG"",""CY"",""CZ"",""DE"",""DK"",""EE"",""ES"",""FI"",""FR"",""GR"",""HR"",""HU"",""IE"",""IT"",""LI"",""LT"",""LU"",""LV"",""MT"",""NL"",""NO"",""PL"",""PT"",""RO"",""SE"",""SI"",""SK""]","2024-11-23 00:00:00","The decision was taken pursuant to own-initiative investigations.",SOURCE_VOLUNTARY,,Yes,AUTOMATED_DECISION_FULLY,TikTok,7440371825328102176,"2024-11-23 07:22:48"
6a7c1c6d-27e7-4b09-8f07-185d59fb0f5a,"[""DECISION_VISIBILITY_OTHER""]","Video not eligible for recommendation in the For You feed",,,,,,,,,,DECISION_GROUND_INCOMPATIBLE_CONTENT,,,,"Community Guidelines","We maintain content eligibility standards for the For You feed (FYF) that prioritize safety and are informed by the diversity of our community and cultural norms. We make ineligible for the FYF certain content that may not be appropriate for a broad audience related to: (1) Behavioral Health, (2) Sensitive and Mature Themes, (3) Integrity and Authenticity, and (4) Regulated Goods. Content that is ineligible for the FYF can still be discovered in other ways, such as through search tools or by following an account.We proactively enforce our Community Guidelines through a mix of technology and human moderation. We have detected this policy violation using automated measures. We have used automated measures in making this decision.",,STATEMENT_CATEGORY_SCOPE_OF_PLATFORM_SERVICE,,,,"[""CONTENT_TYPE_VIDEO""]",,,"2024-11-23 00:00:00","[""AT"",""BE"",""BG"",""CY"",""CZ"",""DE"",""DK"",""EE"",""ES"",""FI"",""FR"",""GR"",""HR"",""HU"",""IE"",""IT"",""LI"",""LT"",""LU"",""LV"",""MT"",""NL"",""NO"",""PL"",""PT"",""RO"",""SE"",""SI"",""SK""]","2024-11-23 00:00:00","The decision was taken pursuant to own-initiative investigations.",SOURCE_VOLUNTARY,,Yes,AUTOMATED_DECISION_FULLY,TikTok,7440371826624158496,"2024-11-23 07:22:48"
c852837e-6345-41dc-94de-9515bda9185c,"[""DECISION_VISIBILITY_CONTENT_REMOVED""]",,,,,,,,,,,DECISION_GROUND_INCOMPATIBLE_CONTENT,,,,"Harassment and Bullying","We welcome the respectful expression of different viewpoints, but not toxicity or trolling. We do not allow language or behavior that harasses, humiliates, threatens, or doxes anyone. This also includes responding to such acts with retaliatory harassment (but excludes non-harassing counterspeech).We proactively enforce our Community Guidelines through a mix of technology and human moderation. We have detected this policy violation using automated measures. We have used automated measures in making this decision.",,STATEMENT_CATEGORY_ILLEGAL_OR_HARMFUL_SPEECH,,,,"[""CONTENT_TYPE_TEXT""]",,,"2024-11-23 00:00:00","[""AT"",""BE"",""BG"",""CY"",""CZ"",""DE"",""DK"",""EE"",""ES"",""FI"",""FR"",""GR"",""HR"",""HU"",""IE"",""IT"",""LI"",""LT"",""LU"",""LV"",""MT"",""NL"",""NO"",""PL"",""PT"",""RO"",""SE"",""SI"",""SK""]","2024-11-23 00:00:00","The decision was taken pursuant to own-initiative investigations.",SOURCE_VOLUNTARY,,Yes,AUTOMATED_DECISION_FULLY,TikTok,7440371825328118560,"2024-11-23 07:22:48"
88ba157f-3fd1-408e-b75f-6aefcc7109a8,"[""DECISION_VISIBILITY_CONTENT_REMOVED""]",,,,,,,,,,,DECISION_GROUND_INCOMPATIBLE_CONTENT,,,,"Sexual Exploitation and Gender-Based Violence","We are committed to providing a space that embraces gender equity, supports healthy relationships, and respects intimate privacy. We do not allow sexual exploitation or gender-based violence, including non-consensual sexual acts, image-based sexual abuse, sextortion, physical abuse, and sexual harassment.We proactively enforce our Community Guidelines through a mix of technology and human moderation. We have detected this policy violation using automated measures. We have used automated measures in making this decision.",,STATEMENT_CATEGORY_VIOLENCE,,,,"[""CONTENT_TYPE_TEXT""]",,,"2024-11-23 00:00:00","[""AT"",""BE"",""BG"",""CY"",""CZ"",""DE"",""DK"",""EE"",""ES"",""FI"",""FR"",""GR"",""HR"",""HU"",""IE"",""IT"",""LI"",""LT"",""LU"",""LV"",""MT"",""NL"",""NO"",""PL"",""PT"",""RO"",""SE"",""SI"",""SK""]","2024-11-23 00:00:00","The decision was taken pursuant to own-initiative investigations.",SOURCE_VOLUNTARY,,Yes,AUTOMATED_DECISION_FULLY,TikTok,7440371825328151328,"2024-11-23 07:22:48"
c81bd1da-c4d0-495c-9413-d2104f171e93,"[""DECISION_VISIBILITY_OTHER""]","Video not eligible for recommendation in the For You feed",,,,,,,,,,DECISION_GROUND_INCOMPATIBLE_CONTENT,,,,"Community Guidelines","We maintain content eligibility standards for the For You feed (FYF) that prioritize safety and are informed by the diversity of our community and cultural norms. We make ineligible for the FYF certain content that may not be appropriate for a broad audience related to: (1) Behavioral Health, (2) Sensitive and Mature Themes, (3) Integrity and Authenticity, and (4) Regulated Goods. Content that is ineligible for the FYF can still be discovered in other ways, such as through search tools or by following an account.We proactively enforce our Community Guidelines through a mix of technology and human moderation. We have detected this policy violation using automated measures. We have used automated measures in making this decision.",,STATEMENT_CATEGORY_SCOPE_OF_PLATFORM_SERVICE,,,,"[""CONTENT_TYPE_VIDEO""]",,,"2024-11-23 00:00:00","[""AT"",""BE"",""BG"",""CY"",""CZ"",""DE"",""DK"",""EE"",""ES"",""FI"",""FR"",""GR"",""HR"",""HU"",""IE"",""IT"",""LI"",""LT"",""LU"",""LV"",""MT"",""NL"",""NO"",""PL"",""PT"",""RO"",""SE"",""SI"",""SK""]","2024-11-23 00:00:00","The decision was taken pursuant to own-initiative investigations.",SOURCE_VOLUNTARY,,Yes,AUTOMATED_DECISION_FULLY,TikTok,7440371825328134944,"2024-11-23 07:22:48"
2511bb1a-9c5a-4313-99eb-aec5c043b216,,,,,,,DECISION_PROVISION_PARTIAL_SUSPENSION,"2024-11-23 00:00:00",,,,DECISION_GROUND_INCOMPATIBLE_CONTENT,,,,"Condition d'âge minimal pour passer en LIVE","Tu dois avoir 13 ans ou plus pour avoir un compte TikTok, et 18 ans ou plus pour passer en LIVE. Il existe des limites d'âge supplémentaires basées sur la législation locale dans certaines régions. Nous sommes profondément engagés à assurer que TikTok offre une expérience sécurisée et positive aux personnes de moins de 18 ans. Si nous apprenons que quelqu'un n'a pas l'âge minimal requis pour utiliser TikTok, nous bannissons son compte. Si nous apprenons que quelqu'un n'a pas l'âge minimal pour passer en LIVE, nous bannissons son accès au LIVE.",,STATEMENT_CATEGORY_PROTECTION_OF_MINORS,,,,"[""CONTENT_TYPE_VIDEO""]",,,"2024-11-23 00:00:00","[""AT"",""BE"",""BG"",""CY"",""CZ"",""DE"",""DK"",""EE"",""ES"",""FI"",""FR"",""GR"",""HR"",""HU"",""IE"",""IS"",""IT"",""LI"",""LT"",""LU"",""LV"",""MT"",""NL"",""NO"",""PL"",""PT"",""RO"",""SE"",""SI"",""SK""]","2024-11-23 00:00:00","The decision was taken pursuant to own-initiative investigations",SOURCE_VOLUNTARY,,Yes,AUTOMATED_DECISION_NOT_AUTOMATED,TikTok,7440371826624174880,"2024-11-23 07:22:48"
3a40906e-c1d6-4abd-a90a-e1e46a036dab,"[""DECISION_VISIBILITY_OTHER""]","Photo not eligible for recommendation in the For You feed",,,,,,,,,,DECISION_GROUND_INCOMPATIBLE_CONTENT,,,,"Community Guidelines","Your content is against our Community Guidelines. The guidelines include rules and standards for using TikTok that apply to everyone and everything on our platform.",,STATEMENT_CATEGORY_NEGATIVE_EFFECTS_ON_CIVIC_DISCOURSE_OR_ELECTIONS,,,,"[""CONTENT_TYPE_IMAGE""]",,,"2024-11-23 00:00:00","[""AT"",""BE"",""BG"",""CY"",""CZ"",""DE"",""DK"",""EE"",""ES"",""FI"",""FR"",""GR"",""HR"",""HU"",""IE"",""IT"",""LI"",""LT"",""LU"",""LV"",""MT"",""NL"",""NO"",""PL"",""PT"",""RO"",""SE"",""SI"",""SK""]","2024-11-23 00:00:00","The decision was taken pursuant to own-initiative investigations.",SOURCE_VOLUNTARY,,Yes,AUTOMATED_DECISION_FULLY,TikTok,7440371826624191264,"2024-11-23 07:22:48"
896582a7-c42e-4fcc-a74c-b764468c950d,"[""DECISION_VISIBILITY_CONTENT_REMOVED""]",,,,,,,,,,,DECISION_GROUND_INCOMPATIBLE_CONTENT,,,,"Sexual Exploitation and Gender-Based Violence","We are committed to providing a space that embraces gender equity, supports healthy relationships, and respects intimate privacy. We do not allow sexual exploitation or gender-based violence, including non-consensual sexual acts, image-based sexual abuse, sextortion, physical abuse, and sexual harassment.We proactively enforce our Community Guidelines through a mix of technology and human moderation. We have detected this policy violation using automated measures. We have used automated measures in making this decision.",,STATEMENT_CATEGORY_VIOLENCE,,,,"[""CONTENT_TYPE_TEXT""]",,,"2024-11-23 00:00:00","[""AT"",""BE"",""BG"",""CY"",""CZ"",""DE"",""DK"",""EE"",""ES"",""FI"",""FR"",""GR"",""HR"",""HU"",""IE"",""IT"",""LI"",""LT"",""LU"",""LV"",""MT"",""NL"",""NO"",""PL"",""PT"",""RO"",""SE"",""SI"",""SK""]","2024-11-23 00:00:00","The decision was taken pursuant to own-initiative investigations.",SOURCE_VOLUNTARY,,Yes,AUTOMATED_DECISION_FULLY,TikTok,7440371829593611041,"2024-11-23 07:22:48"
be618fed-69b9-4535-9399-5bffb90e9f46,"[""DECISION_VISIBILITY_OTHER""]","Photo not eligible for recommendation in the For You feed",,,,,,,,,,DECISION_GROUND_INCOMPATIBLE_CONTENT,,,,"Community Guidelines","Your content is against our Community Guidelines. The guidelines include rules and standards for using TikTok that apply to everyone and everything on our platform.",,STATEMENT_CATEGORY_NEGATIVE_EFFECTS_ON_CIVIC_DISCOURSE_OR_ELECTIONS,,,,"[""CONTENT_TYPE_IMAGE""]",,,"2024-11-23 00:00:00","[""AT"",""BE"",""BG"",""CY"",""CZ"",""DE"",""DK"",""EE"",""ES"",""FI"",""FR"",""GR"",""HR"",""HU"",""IE"",""IT"",""LI"",""LT"",""LU"",""LV"",""MT"",""NL"",""NO"",""PL"",""PT"",""RO"",""SE"",""SI"",""SK""]","2024-11-23 00:00:00","The decision was taken pursuant to own-initiative investigations.",SOURCE_VOLUNTARY,,Yes,AUTOMATED_DECISION_FULLY,TikTok,7440371829518113568,"2024-11-23 07:22:48"
700d4165-0ee1-4baf-9d6d-a6eb8b4be893,"[""DECISION_VISIBILITY_CONTENT_REMOVED""]",,,,,,,,,,,DECISION_GROUND_INCOMPATIBLE_CONTENT,,,,"Harassment and Bullying","We welcome the respectful expression of different viewpoints, but not toxicity or trolling. We do not allow language or behavior that harasses, humiliates, threatens, or doxes anyone. This also includes responding to such acts with retaliatory harassment (but excludes non-harassing counterspeech).We proactively enforce our Community Guidelines through a mix of technology and human moderation. We have detected this policy violation using automated measures. We have used automated measures in making this decision.",,STATEMENT_CATEGORY_ILLEGAL_OR_HARMFUL_SPEECH,,,,"[""CONTENT_TYPE_TEXT""]",,,"2024-11-23 00:00:00","[""AT"",""BE"",""BG"",""CY"",""CZ"",""DE"",""DK"",""EE"",""ES"",""FI"",""FR"",""GR"",""HR"",""HU"",""IE"",""IT"",""LI"",""LT"",""LU"",""LV"",""MT"",""NL"",""NO"",""PL"",""PT"",""RO"",""SE"",""SI"",""SK""]","2024-11-23 00:00:00","The decision was taken pursuant to own-initiative investigations.",SOURCE_VOLUNTARY,,Yes,AUTOMATED_DECISION_FULLY,TikTok,7440371829593627425,"2024-11-23 07:22:48"
54ccd625-b8dd-4bcd-a36d-61faf6ee8388,"[""DECISION_VISIBILITY_CONTENT_REMOVED""]",,,,,,,,,,,DECISION_GROUND_INCOMPATIBLE_CONTENT,,,,"Sexual Exploitation and Gender-Based Violence","We are committed to providing a space that embraces gender equity, supports healthy relationships, and respects intimate privacy. We do not allow sexual exploitation or gender-based violence, including non-consensual sexual acts, image-based sexual abuse, sextortion, physical abuse, and sexual harassment.We proactively enforce our Community Guidelines through a mix of technology and human moderation. We have detected this policy violation using automated measures. We have used automated measures in making this decision.",,STATEMENT_CATEGORY_VIOLENCE,,,,"[""CONTENT_TYPE_TEXT""]",,,"2024-11-23 00:00:00","[""AT"",""BE"",""BG"",""CY"",""CZ"",""DE"",""DK"",""EE"",""ES"",""FI"",""FR"",""GR"",""HR"",""HU"",""IE"",""IT"",""LI"",""LT"",""LU"",""LV"",""MT"",""NL"",""NO"",""PL"",""PT"",""RO"",""SE"",""SI"",""SK""]","2024-11-23 00:00:00","The decision was taken pursuant to own-initiative investigations.",SOURCE_VOLUNTARY,,Yes,AUTOMATED_DECISION_FULLY,TikTok,7440371829593643809,"2024-11-23 07:22:48"
7df0f56b-7752-4882-b237-c2bb5d87115a,"[""DECISION_VISIBILITY_CONTENT_REMOVED""]",,,,,,,,,,,DECISION_GROUND_INCOMPATIBLE_CONTENT,,,,"Harassment and Bullying","We welcome the respectful expression of different viewpoints, but not toxicity or trolling. We do not allow language or behavior that harasses, humiliates, threatens, or doxes anyone. This also includes responding to such acts with retaliatory harassment (but excludes non-harassing counterspeech).We proactively enforce our Community Guidelines through a mix of technology and human moderation. We have detected this policy violation using automated measures. We have used automated measures in making this decision.",,STATEMENT_CATEGORY_ILLEGAL_OR_HARMFUL_SPEECH,,,,"[""CONTENT_TYPE_TEXT""]",,,"2024-11-23 00:00:00","[""AT"",""BE"",""BG"",""CY"",""CZ"",""DE"",""DK"",""EE"",""ES"",""FI"",""FR"",""GR"",""HR"",""HU"",""IE"",""IT"",""LI"",""LT"",""LU"",""LV"",""MT"",""NL"",""NO"",""PL"",""PT"",""RO"",""SE"",""SI"",""SK""]","2024-11-23 00:00:00","The decision was taken pursuant to own-initiative investigations.",SOURCE_VOLUNTARY,,Yes,AUTOMATED_DECISION_FULLY,TikTok,7440371829593660193,"2024-11-23 07:22:48"
8f13051a-c80c-4f22-8935-2c2a4ea7cd0a,"[""DECISION_VISIBILITY_OTHER""]","Video not eligible for recommendation in the For You feed",,,,,,,,,,DECISION_GROUND_INCOMPATIBLE_CONTENT,,,,"Alcohol, Tobacco, and Drugs","While adults make personal choices about how they engage with alcohol, drugs, and tobacco, we recognize that there are risks connected to trading and using these substances. Content is ineligible for the For You feed and harder to find in search if it shows adults consuming excessive amounts of alcohol or tobacco products.We proactively enforce our Community Guidelines through a mix of technology and human moderation. We have detected this policy violation using automated measures. We have used automated measures in making this decision.",,STATEMENT_CATEGORY_SCOPE_OF_PLATFORM_SERVICE,,,,"[""CONTENT_TYPE_VIDEO""]",,,"2024-11-23 00:00:00","[""AT"",""BE"",""BG"",""CY"",""CZ"",""DE"",""DK"",""EE"",""ES"",""FI"",""FR"",""GR"",""HR"",""HU"",""IE"",""IT"",""LI"",""LT"",""LU"",""LV"",""MT"",""NL"",""NO"",""PL"",""PT"",""RO"",""SE"",""SI"",""SK""]","2024-11-23 00:00:00","The decision was taken pursuant to own-initiative investigations.",SOURCE_VOLUNTARY,,Yes,AUTOMATED_DECISION_FULLY,TikTok,7440371829518129952,"2024-11-23 07:22:48"
77681374-3ea4-4604-a665-a9646cc58489,"[""DECISION_VISIBILITY_CONTENT_REMOVED""]",,,,,,,,,,,DECISION_GROUND_INCOMPATIBLE_CONTENT,,,,"Community Guidelines","Your content is against our Community Guidelines. The guidelines include rules and standards for using TikTok that apply to everyone and everything on our platform.We proactively enforce our Community Guidelines through a mix of technology and human moderation. We have detected this policy violation using automated measures. We have used automated measures in making this decision.",,STATEMENT_CATEGORY_SCOPE_OF_PLATFORM_SERVICE,,,,"[""CONTENT_TYPE_IMAGE""]",,,"2024-09-28 00:00:00","[""AT"",""BE"",""BG"",""CY"",""CZ"",""DE"",""DK"",""EE"",""ES"",""FI"",""FR"",""GR"",""HR"",""HU"",""IE"",""IT"",""LI"",""LT"",""LU"",""LV"",""MT"",""NL"",""NO"",""PL"",""PT"",""RO"",""SE"",""SI"",""SK""]","2024-11-23 00:00:00","The decision was taken pursuant to own-initiative investigations.",SOURCE_VOLUNTARY,,Yes,AUTOMATED_DECISION_FULLY,TikTok,7440371829518146336,"2024-11-23 07:22:48"
f7785c12-01bc-4a0f-8f68-8ecf44194172,"[""DECISION_VISIBILITY_CONTENT_REMOVED""]",,,,,,,,,,,DECISION_GROUND_INCOMPATIBLE_CONTENT,,,,"Community Guidelines","Your content is against our Community Guidelines. The guidelines include rules and standards for using TikTok that apply to everyone and everything on our platform.We proactively enforce our Community Guidelines through a mix of technology and human moderation. We have detected this policy violation using automated measures. We have used automated measures in making this decision.",,STATEMENT_CATEGORY_SCOPE_OF_PLATFORM_SERVICE,,,,"[""CONTENT_TYPE_IMAGE""]",,,"2024-10-09 00:00:00","[""AT"",""BE"",""BG"",""CY"",""CZ"",""DE"",""DK"",""EE"",""ES"",""FI"",""FR"",""GR"",""HR"",""HU"",""IE"",""IT"",""LI"",""LT"",""LU"",""LV"",""MT"",""NL"",""NO"",""PL"",""PT"",""RO"",""SE"",""SI"",""SK""]","2024-11-23 00:00:00","The decision was taken pursuant to own-initiative investigations.",SOURCE_VOLUNTARY,,Yes,AUTOMATED_DECISION_FULLY,TikTok,7440371829518162720,"2024-11-23 07:22:48"
3124e136-3906-40a5-875b-3d9d4bfe7b18,"[""DECISION_VISIBILITY_CONTENT_REMOVED""]",,,,,,,,,,,DECISION_GROUND_INCOMPATIBLE_CONTENT,,,,"Community Guidelines","Your content is against our Community Guidelines. The guidelines include rules and standards for using TikTok that apply to everyone and everything on our platform.We proactively enforce our Community Guidelines through a mix of technology and human moderation. We have detected this policy violation using automated measures. We have used automated measures in making this decision.",,STATEMENT_CATEGORY_SCOPE_OF_PLATFORM_SERVICE,,,,"[""CONTENT_TYPE_IMAGE""]",,,"2024-08-13 00:00:00","[""AT"",""BE"",""BG"",""CY"",""CZ"",""DE"",""DK"",""EE"",""ES"",""FI"",""FR"",""GR"",""HR"",""HU"",""IE"",""IT"",""LI"",""LT"",""LU"",""LV"",""MT"",""NL"",""NO"",""PL"",""PT"",""RO"",""SE"",""SI"",""SK""]","2024-11-23 00:00:00","The decision was taken pursuant to own-initiative investigations.",SOURCE_VOLUNTARY,,Yes,AUTOMATED_DECISION_FULLY,TikTok,7440371829593676577,"2024-11-23 07:22:48"
85308cfe-3c63-470b-a3d0-2575f2b5ad65,"[""DECISION_VISIBILITY_OTHER""]","Photo not eligible for recommendation in the For You feed, and visibility restricted in search results",,,,,,,,,,DECISION_GROUND_INCOMPATIBLE_CONTENT,,,,"Civic and Election Integrity","We want to enable the informed exchange of civic ideas in a way that fosters productive dialogue. Your video didn’t meet our eligibility standards for the For You Feed. Please review our Community Guidelines for more information.We proactively enforce our Community Guidelines through a mix of technology and human moderation. We have detected this policy violation using automated measures. We have used automated measures in making this decision.",,STATEMENT_CATEGORY_NEGATIVE_EFFECTS_ON_CIVIC_DISCOURSE_OR_ELECTIONS,,,,"[""CONTENT_TYPE_IMAGE""]",,,"2024-11-23 00:00:00","[""AT"",""BE"",""BG"",""CY"",""CZ"",""DE"",""DK"",""EE"",""ES"",""FI"",""FR"",""GR"",""HR"",""HU"",""IE"",""IT"",""LI"",""LT"",""LU"",""LV"",""MT"",""NL"",""NO"",""PL"",""PT"",""RO"",""SE"",""SI"",""SK""]","2024-11-23 00:00:00","The decision was taken pursuant to own-initiative investigations.",SOURCE_VOLUNTARY,,Yes,AUTOMATED_DECISION_FULLY,TikTok,7440371829593692961,"2024-11-23 07:22:48"
463531bd-3ee5-4576-8424-ee52e243c74c,"[""DECISION_VISIBILITY_CONTENT_REMOVED""]",,,,,,,,,,,DECISION_GROUND_INCOMPATIBLE_CONTENT,,,,"Community Guidelines","Your content is against our Community Guidelines. The guidelines include rules and standards for using TikTok that apply to everyone and everything on our platform.We proactively enforce our Community Guidelines through a mix of technology and human moderation. We have detected this policy violation using automated measures. We have used automated measures in making this decision.",,STATEMENT_CATEGORY_SCOPE_OF_PLATFORM_SERVICE,,,,"[""CONTENT_TYPE_IMAGE""]",,,"2024-09-24 00:00:00","[""AT"",""BE"",""BG"",""CY"",""CZ"",""DE"",""DK"",""EE"",""ES"",""FI"",""FR"",""GR"",""HR"",""HU"",""IE"",""IT"",""LI"",""LT"",""LU"",""LV"",""MT"",""NL"",""NO"",""PL"",""PT"",""RO"",""SE"",""SI"",""SK""]","2024-11-23 00:00:00","The decision was taken pursuant to own-initiative investigations.",SOURCE_VOLUNTARY,,Yes,AUTOMATED_DECISION_FULLY,TikTok,7440371829518179104,"2024-11-23 07:22:48"
dd9f088d-dde3-40fb-a1c8-0be4ab6faadf,"[""DECISION_VISIBILITY_CONTENT_REMOVED""]",,,,,,,,,,,DECISION_GROUND_INCOMPATIBLE_CONTENT,,,,"Community Guidelines","Your content is against our Community Guidelines. The guidelines include rules and standards for using TikTok that apply to everyone and everything on our platform.We proactively enforce our Community Guidelines through a mix of technology and human moderation. We have detected this policy violation using automated measures. We have used automated measures in making this decision.",,STATEMENT_CATEGORY_SCOPE_OF_PLATFORM_SERVICE,,,,"[""CONTENT_TYPE_IMAGE""]",,,"2024-08-10 00:00:00","[""AT"",""BE"",""BG"",""CY"",""CZ"",""DE"",""DK"",""EE"",""ES"",""FI"",""FR"",""GR"",""HR"",""HU"",""IE"",""IT"",""LI"",""LT"",""LU"",""LV"",""MT"",""NL"",""NO"",""PL"",""PT"",""RO"",""SE"",""SI"",""SK""]","2024-11-23 00:00:00","The decision was taken pursuant to own-initiative investigations.",SOURCE_VOLUNTARY,,Yes,AUTOMATED_DECISION_FULLY,TikTok,7440371829593709345,"2024-11-23 07:22:48"
66a75eba-7035-4978-8e98-5de9050adcd6,"[""DECISION_VISIBILITY_CONTENT_REMOVED""]",,,,,,,,,,,DECISION_GROUND_INCOMPATIBLE_CONTENT,,,,"Community Guidelines","Your content is against our Community Guidelines. The guidelines include rules and standards for using TikTok that apply to everyone and everything on our platform.We proactively enforce our Community Guidelines through a mix of technology and human moderation. We have detected this policy violation using automated measures. We have used automated measures in making this decision.",,STATEMENT_CATEGORY_SCOPE_OF_PLATFORM_SERVICE,,,,"[""CONTENT_TYPE_IMAGE""]",,,"2024-07-12 00:00:00","[""AT"",""BE"",""BG"",""CY"",""CZ"",""DE"",""DK"",""EE"",""ES"",""FI"",""FR"",""GR"",""HR"",""HU"",""IE"",""IT"",""LI"",""LT"",""LU"",""LV"",""MT"",""NL"",""NO"",""PL"",""PT"",""RO"",""SE"",""SI"",""SK""]","2024-11-23 00:00:00","The decision was taken pursuant to own-initiative investigations.",SOURCE_VOLUNTARY,,Yes,AUTOMATED_DECISION_FULLY,TikTok,7440371829593725729,"2024-11-23 07:22:48"
946d15a4-2c0a-4178-920a-9c158a442cd4,"[""DECISION_VISIBILITY_CONTENT_REMOVED""]",,,,,,,,,,,DECISION_GROUND_INCOMPATIBLE_CONTENT,,,,"Community Guidelines","Your content is against our Community Guidelines. The guidelines include rules and standards for using TikTok that apply to everyone and everything on our platform.We proactively enforce our Community Guidelines through a mix of technology and human moderation. We have detected this policy violation using automated measures. We have used automated measures in making this decision.",,STATEMENT_CATEGORY_SCOPE_OF_PLATFORM_SERVICE,,,,"[""CONTENT_TYPE_IMAGE""]",,,"2024-06-26 00:00:00","[""AT"",""BE"",""BG"",""CY"",""CZ"",""DE"",""DK"",""EE"",""ES"",""FI"",""FR"",""GR"",""HR"",""HU"",""IE"",""IT"",""LI"",""LT"",""LU"",""LV"",""MT"",""NL"",""NO"",""PL"",""PT"",""RO"",""SE"",""SI"",""SK""]","2024-11-23 00:00:00","The decision was taken pursuant to own-initiative investigations.",SOURCE_VOLUNTARY,,Yes,AUTOMATED_DECISION_FULLY,TikTok,7440371829518195488,"2024-11-23 07:22:48"
2c678efc-4328-4e41-a2c0-3df724c15d55,"[""DECISION_VISIBILITY_CONTENT_REMOVED""]",,,,,,,,,,,DECISION_GROUND_INCOMPATIBLE_CONTENT,,,,"Community Guidelines","Your content is against our Community Guidelines. The guidelines include rules and standards for using TikTok that apply to everyone and everything on our platform.We proactively enforce our Community Guidelines through a mix of technology and human moderation. We have detected this policy violation using automated measures. We have used automated measures in making this decision.",,STATEMENT_CATEGORY_SCOPE_OF_PLATFORM_SERVICE,,,,"[""CONTENT_TYPE_IMAGE""]",,,"2024-07-14 00:00:00","[""AT"",""BE"",""BG"",""CY"",""CZ"",""DE"",""DK"",""EE"",""ES"",""FI"",""FR"",""GR"",""HR"",""HU"",""IE"",""IT"",""LI"",""LT"",""LU"",""LV"",""MT"",""NL"",""NO"",""PL"",""PT"",""RO"",""SE"",""SI"",""SK""]","2024-11-23 00:00:00","The decision was taken pursuant to own-initiative investigations.",SOURCE_VOLUNTARY,,Yes,AUTOMATED_DECISION_FULLY,TikTok,7440371829518211872,"2024-11-23 07:22:48"
eb805844-770d-4c7e-b2b4-9f80f788c6a5,"[""DECISION_VISIBILITY_CONTENT_REMOVED""]",,,,,,,,,,,DECISION_GROUND_INCOMPATIBLE_CONTENT,,,,"Community Guidelines","Your content is against our Community Guidelines. The guidelines include rules and standards for using TikTok that apply to everyone and everything on our platform.We proactively enforce our Community Guidelines through a mix of technology and human moderation. We have detected this policy violation using automated measures. We have used automated measures in making this decision.",,STATEMENT_CATEGORY_SCOPE_OF_PLATFORM_SERVICE,,,,"[""CONTENT_TYPE_IMAGE""]",,,"2024-06-28 00:00:00","[""AT"",""BE"",""BG"",""CY"",""CZ"",""DE"",""DK"",""EE"",""ES"",""FI"",""FR"",""GR"",""HR"",""HU"",""IE"",""IT"",""LI"",""LT"",""LU"",""LV"",""MT"",""NL"",""NO"",""PL"",""PT"",""RO"",""SE"",""SI"",""SK""]","2024-11-23 00:00:00","The decision was taken pursuant to own-initiative investigations.",SOURCE_VOLUNTARY,,Yes,AUTOMATED_DECISION_FULLY,TikTok,7440371829518228256,"2024-11-23 07:22:48"
8f84c260-6197-47c6-ba69-4a2b4617d64b,"[""DECISION_VISIBILITY_CONTENT_REMOVED""]",,,,,,,,,,,DECISION_GROUND_INCOMPATIBLE_CONTENT,,,,"Harassment and Bullying","We welcome the respectful expression of different viewpoints, but not toxicity or trolling. We do not allow language or behavior that harasses, humiliates, threatens, or doxes anyone. This also includes responding to such acts with retaliatory harassment (but excludes non-harassing counterspeech).We proactively enforce our Community Guidelines through a mix of technology and human moderation. We have detected this policy violation using automated measures. We have used automated measures in making this decision.",,STATEMENT_CATEGORY_ILLEGAL_OR_HARMFUL_SPEECH,,,,"[""CONTENT_TYPE_TEXT""]",,,"2024-11-23 00:00:00","[""AT"",""BE"",""BG"",""CY"",""CZ"",""DE"",""DK"",""EE"",""ES"",""FI"",""FR"",""GR"",""HR"",""HU"",""IE"",""IT"",""LI"",""LT"",""LU"",""LV"",""MT"",""NL"",""NO"",""PL"",""PT"",""RO"",""SE"",""SI"",""SK""]","2024-11-23 00:00:00","The decision was taken pursuant to own-initiative investigations.",SOURCE_VOLUNTARY,,Yes,AUTOMATED_DECISION_FULLY,TikTok,7440371829593742113,"2024-11-23 07:22:48"
54763a52-9cb0-4493-bce4-f65d6a4dda6c,"[""DECISION_VISIBILITY_CONTENT_REMOVED""]",,,,,,,,,,,DECISION_GROUND_INCOMPATIBLE_CONTENT,,,,"Hate Speech and Hateful Behaviors","TikTok is enriched by the various backgrounds of our community members. Our differences should be respected, rather than a cause for division. We do not allow any hateful behavior, hate speech, or promotion of hateful ideologies. This includes content that attacks a person or group because of protected attributes.We proactively enforce our Community Guidelines through a mix of technology and human moderation. We have detected this policy violation using automated measures. We have used automated measures in making this decision.",,STATEMENT_CATEGORY_ILLEGAL_OR_HARMFUL_SPEECH,,,,"[""CONTENT_TYPE_TEXT""]",,,"2024-11-23 00:00:00","[""AT"",""BE"",""BG"",""CY"",""CZ"",""DE"",""DK"",""EE"",""ES"",""FI"",""FR"",""GR"",""HR"",""HU"",""IE"",""IT"",""LI"",""LT"",""LU"",""LV"",""MT"",""NL"",""NO"",""PL"",""PT"",""RO"",""SE"",""SI"",""SK""]","2024-11-23 00:00:00","The decision was taken pursuant to own-initiative investigations.",SOURCE_VOLUNTARY,,Yes,AUTOMATED_DECISION_FULLY,TikTok,7440371829518244640,"2024-11-23 07:22:48"
2b03bce9-1059-4f9f-bf57-3e583c96565b,"[""DECISION_VISIBILITY_CONTENT_REMOVED""]",,,,,,,,,,,DECISION_GROUND_INCOMPATIBLE_CONTENT,,,,"Community Guidelines","Your content is against our Community Guidelines. The guidelines include rules and standards for using TikTok that apply to everyone and everything on our platform.We proactively enforce our Community Guidelines through a mix of technology and human moderation. We have detected this policy violation using automated measures. We have used automated measures in making this decision.",,STATEMENT_CATEGORY_SCOPE_OF_PLATFORM_SERVICE,,,,"[""CONTENT_TYPE_IMAGE""]",,,"2024-07-13 00:00:00","[""AT"",""BE"",""BG"",""CY"",""CZ"",""DE"",""DK"",""EE"",""ES"",""FI"",""FR"",""GR"",""HR"",""HU"",""IE"",""IT"",""LI"",""LT"",""LU"",""LV"",""MT"",""NL"",""NO"",""PL"",""PT"",""RO"",""SE"",""SI"",""SK""]","2024-11-23 00:00:00","The decision was taken pursuant to own-initiative investigations.",SOURCE_VOLUNTARY,,Yes,AUTOMATED_DECISION_FULLY,TikTok,7440371829593758497,"2024-11-23 07:22:48"
79a70af2-ef25-447d-a821-4dbf4a201fa4,"[""DECISION_VISIBILITY_CONTENT_REMOVED""]",,,,,,,,,,,DECISION_GROUND_INCOMPATIBLE_CONTENT,,,,"Community Guidelines","Your content is against our Community Guidelines. The guidelines include rules and standards for using TikTok that apply to everyone and everything on our platform.We proactively enforce our Community Guidelines through a mix of technology and human moderation. We have detected this policy violation using automated measures. We have used automated measures in making this decision.",,STATEMENT_CATEGORY_SCOPE_OF_PLATFORM_SERVICE,,,,"[""CONTENT_TYPE_IMAGE""]",,,"2024-07-09 00:00:00","[""AT"",""BE"",""BG"",""CY"",""CZ"",""DE"",""DK"",""EE"",""ES"",""FI"",""FR"",""GR"",""HR"",""HU"",""IE"",""IT"",""LI"",""LT"",""LU"",""LV"",""MT"",""NL"",""NO"",""PL"",""PT"",""RO"",""SE"",""SI"",""SK""]","2024-11-23 00:00:00","The decision was taken pursuant to own-initiative investigations.",SOURCE_VOLUNTARY,,Yes,AUTOMATED_DECISION_FULLY,TikTok,7440371833020357408,"2024-11-23 07:22:48"
cf0cfa52-084b-40af-be6d-4463284376b8,"[""DECISION_VISIBILITY_CONTENT_REMOVED""]",,,,,,,,,,,DECISION_GROUND_INCOMPATIBLE_CONTENT,,,,"Harassment and Bullying","We welcome the respectful expression of different viewpoints, but not toxicity or trolling. We do not allow language or behavior that harasses, humiliates, threatens, or doxes anyone. This also includes responding to such acts with retaliatory harassment (but excludes non-harassing counterspeech).We proactively enforce our Community Guidelines through a mix of technology and human moderation. We have detected this policy violation using automated measures. We have used automated measures in making this decision.",,STATEMENT_CATEGORY_ILLEGAL_OR_HARMFUL_SPEECH,,,,"[""CONTENT_TYPE_TEXT""]",,,"2024-11-23 00:00:00","[""AT"",""BE"",""BG"",""CY"",""CZ"",""DE"",""DK"",""EE"",""ES"",""FI"",""FR"",""GR"",""HR"",""HU"",""IE"",""IT"",""LI"",""LT"",""LU"",""LV"",""MT"",""NL"",""NO"",""PL"",""PT"",""RO"",""SE"",""SI"",""SK""]","2024-11-23 00:00:00","The decision was taken pursuant to own-initiative investigations.",SOURCE_VOLUNTARY,,Yes,AUTOMATED_DECISION_FULLY,TikTok,7440371833020373792,"2024-11-23 07:22:48"
12c5a71a-2b3a-479f-82f7-a5dcf5441f6e,"[""DECISION_VISIBILITY_CONTENT_REMOVED""]",,,,,,,,,,,DECISION_GROUND_INCOMPATIBLE_CONTENT,,,,"Community Guidelines","Your content is against our Community Guidelines. The guidelines include rules and standards for using TikTok that apply to everyone and everything on our platform.We proactively enforce our Community Guidelines through a mix of technology and human moderation. We have detected this policy violation using automated measures. We have used automated measures in making this decision.",,STATEMENT_CATEGORY_SCOPE_OF_PLATFORM_SERVICE,,,,"[""CONTENT_TYPE_IMAGE""]",,,"2024-11-20 00:00:00","[""AT"",""BE"",""BG"",""CY"",""CZ"",""DE"",""DK"",""EE"",""ES"",""FI"",""FR"",""GR"",""HR"",""HU"",""IE"",""IT"",""LI"",""LT"",""LU"",""LV"",""MT"",""NL"",""NO"",""PL"",""PT"",""RO"",""SE"",""SI"",""SK""]","2024-11-23 00:00:00","The decision was taken pursuant to own-initiative investigations.",SOURCE_VOLUNTARY,,Yes,AUTOMATED_DECISION_FULLY,TikTok,7440371829518261024,"2024-11-23 07:22:48"
c85812be-328e-4666-a985-b767650bb105,"[""DECISION_VISIBILITY_CONTENT_REMOVED""]",,,,,,,,,,,DECISION_GROUND_INCOMPATIBLE_CONTENT,,,,"Animal Abuse","We want our platform to be a place that respects animals and celebrates the ways that they enrich our lives across different cultures and regions. We do not allow animal abuse, cruelty, neglect, trade, or other forms of animal exploitation.We proactively enforce our Community Guidelines through a mix of technology and human moderation. We have detected this policy violation using automated measures. We have used automated measures in making this decision.",,STATEMENT_CATEGORY_ANIMAL_WELFARE,,,,"[""CONTENT_TYPE_VIDEO""]",,,"2024-11-23 00:00:00","[""AT"",""BE"",""BG"",""CY"",""CZ"",""DE"",""DK"",""EE"",""ES"",""FI"",""FR"",""GR"",""HR"",""HU"",""IE"",""IT"",""LI"",""LT"",""LU"",""LV"",""MT"",""NL"",""NO"",""PL"",""PT"",""RO"",""SE"",""SI"",""SK""]","2024-11-23 00:00:00","The decision was taken pursuant to own-initiative investigations.",SOURCE_VOLUNTARY,,Yes,AUTOMATED_DECISION_FULLY,TikTok,7440371833020390176,"2024-11-23 07:22:48"
4b55b9c3-8a8c-47e0-9d93-a1d15eb6f278,"[""DECISION_VISIBILITY_CONTENT_REMOVED""]",,,,,,,,,,,DECISION_GROUND_INCOMPATIBLE_CONTENT,,,,"Harassment and Bullying","We welcome the respectful expression of different viewpoints, but not toxicity or trolling. We do not allow language or behavior that harasses, humiliates, threatens, or doxes anyone. This also includes responding to such acts with retaliatory harassment (but excludes non-harassing counterspeech).We proactively enforce our Community Guidelines through a mix of technology and human moderation. We have detected this policy violation using automated measures.",,STATEMENT_CATEGORY_ILLEGAL_OR_HARMFUL_SPEECH,,,,"[""CONTENT_TYPE_TEXT""]",,,"2023-12-07 00:00:00","[""AT"",""BE"",""BG"",""CY"",""CZ"",""DE"",""DK"",""EE"",""ES"",""FI"",""FR"",""GR"",""HR"",""HU"",""IE"",""IT"",""LI"",""LT"",""LU"",""LV"",""MT"",""NL"",""NO"",""PL"",""PT"",""RO"",""SE"",""SI"",""SK""]","2024-11-23 00:00:00","The decision was taken pursuant to own-initiative investigations.",SOURCE_VOLUNTARY,,Yes,AUTOMATED_DECISION_NOT_AUTOMATED,TikTok,7440371832819030817,"2024-11-23 07:22:48"
7c68fe93-5662-46dd-8c97-1ea846681fae,"[""DECISION_VISIBILITY_CONTENT_REMOVED""]",,,,,,,,,,,DECISION_GROUND_INCOMPATIBLE_CONTENT,,,,"Sexual Activity and Services","TikTok is a place where people can come to discuss or learn about sexuality, sex or reproductive health. We are mindful that certain content involving sexuality, sex or reproductive health may not be appropriate for young people, be considered offensive by some, or create the potential for exploitation. We do not allow sexual activity or services, including sex, sexual arousal, fetish and kink behavior, and seeking or offering sexual services.We proactively enforce our Community Guidelines through a mix of technology and human moderation. We have detected this policy violation using automated measures. We have used automated measures in making this decision.",,STATEMENT_CATEGORY_PORNOGRAPHY_OR_SEXUALIZED_CONTENT,,,,"[""CONTENT_TYPE_TEXT""]",,,"2024-11-23 00:00:00","[""AT"",""BE"",""BG"",""CY"",""CZ"",""DE"",""DK"",""EE"",""ES"",""FI"",""FR"",""GR"",""HR"",""HU"",""IE"",""IT"",""LI"",""LT"",""LU"",""LV"",""MT"",""NL"",""NO"",""PL"",""PT"",""RO"",""SE"",""SI"",""SK""]","2024-11-23 00:00:00","The decision was taken pursuant to own-initiative investigations.",SOURCE_VOLUNTARY,,Yes,AUTOMATED_DECISION_FULLY,TikTok,7440371833020406560,"2024-11-23 07:22:48"
03c6bd10-2602-48c2-8deb-557695a0cb81,"[""DECISION_VISIBILITY_CONTENT_REMOVED""]",,,,,,,,,,,DECISION_GROUND_INCOMPATIBLE_CONTENT,,,,"Harassment and Bullying","We welcome the respectful expression of different viewpoints, but not toxicity or trolling. We do not allow language or behavior that harasses, humiliates, threatens, or doxes anyone. This also includes responding to such acts with retaliatory harassment (but excludes non-harassing counterspeech).We proactively enforce our Community Guidelines through a mix of technology and human moderation. We have detected this policy violation using automated measures. We have used automated measures in making this decision.",,STATEMENT_CATEGORY_ILLEGAL_OR_HARMFUL_SPEECH,,,,"[""CONTENT_TYPE_TEXT""]",,,"2024-11-23 00:00:00","[""AT"",""BE"",""BG"",""CY"",""CZ"",""DE"",""DK"",""EE"",""ES"",""FI"",""FR"",""GR"",""HR"",""HU"",""IE"",""IT"",""LI"",""LT"",""LU"",""LV"",""MT"",""NL"",""NO"",""PL"",""PT"",""RO"",""SE"",""SI"",""SK""]","2024-11-23 00:00:00","The decision was taken pursuant to own-initiative investigations.",SOURCE_VOLUNTARY,,Yes,AUTOMATED_DECISION_FULLY,TikTok,7440371832819112737,"2024-11-23 07:22:49"
c1dee587-24df-4da7-8bb8-6593774cc9fc,"[""DECISION_VISIBILITY_OTHER""]","Video not eligible for recommendation in the For You feed",,,,,,,,,,DECISION_GROUND_INCOMPATIBLE_CONTENT,,,,"Community Guidelines","We maintain content eligibility standards for the For You feed (FYF) that prioritize safety and are informed by the diversity of our community and cultural norms. We make ineligible for the FYF certain content that may not be appropriate for a broad audience related to: (1) Behavioral Health, (2) Sensitive and Mature Themes, (3) Integrity and Authenticity, and (4) Regulated Goods. Content that is ineligible for the FYF can still be discovered in other ways, such as through search tools or by following an account.We proactively enforce our Community Guidelines through a mix of technology and human moderation. We have detected this policy violation using automated measures. We have used automated measures in making this decision.",,STATEMENT_CATEGORY_SCOPE_OF_PLATFORM_SERVICE,,,,"[""CONTENT_TYPE_VIDEO""]",,,"2024-11-23 00:00:00","[""AT"",""BE"",""BG"",""CY"",""CZ"",""DE"",""DK"",""EE"",""ES"",""FI"",""FR"",""GR"",""HR"",""HU"",""IE"",""IT"",""LI"",""LT"",""LU"",""LV"",""MT"",""NL"",""NO"",""PL"",""PT"",""RO"",""SE"",""SI"",""SK""]","2024-11-23 00:00:00","The decision was taken pursuant to own-initiative investigations.",SOURCE_VOLUNTARY,,Yes,AUTOMATED_DECISION_FULLY,TikTok,7440371833020472096,"2024-11-23 07:22:49"
1253927f-8cbe-499c-8230-35a0f1559b50,,,,,,,DECISION_PROVISION_PARTIAL_SUSPENSION,"2024-11-24 00:00:00",,,,DECISION_GROUND_INCOMPATIBLE_CONTENT,,,,"Actividades y retos peligrosos","La mayoría de las actividades o retos son apropiados para todo el mundo, pero algunos conllevan un riesgo importante de lesiones. No permitimos que se muestren ni se promocionen actividades o retos peligrosos, incluidos desafíos, juegos, trucos, uso inapropiado de herramientas peligrosas, consumo de sustancias nocivas para la salud o actividades similares que podrían causar daños físicos importantes. Consulta las {CG_link} para obtener más información.",,STATEMENT_CATEGORY_SCOPE_OF_PLATFORM_SERVICE,,,,"[""CONTENT_TYPE_VIDEO""]",,,"2024-11-23 00:00:00","[""AT"",""BE"",""BG"",""CY"",""CZ"",""DE"",""DK"",""EE"",""ES"",""FI"",""FR"",""GR"",""HR"",""HU"",""IE"",""IS"",""IT"",""LI"",""LT"",""LU"",""LV"",""MT"",""NL"",""NO"",""PL"",""PT"",""RO"",""SE"",""SI"",""SK""]","2024-11-23 00:00:00","The decision was taken pursuant to own-initiative investigations",SOURCE_VOLUNTARY,,Yes,AUTOMATED_DECISION_FULLY,TikTok,7440371833020488480,"2024-11-23 07:22:49"
90da3541-5430-469d-9f9f-2d8c1a7381f8,"[""DECISION_VISIBILITY_CONTENT_AGE_RESTRICTED""]",,,,,,,,,,,DECISION_GROUND_INCOMPATIBLE_CONTENT,,,,"Minimum Age Requirement","Users must be 13 years and older to have a TikTok account. We are deeply committed to ensuring that TikTok is a safe and positive experience for people under the age of 18. This starts by being old enough to use TikTok. If we learn someone is below the minimum age on TikTok, we will ban that account. Content created by anyone under 16 is ineligible for the For You feed and harder to find in search.We proactively enforce our Community Guidelines through a mix of technology and human moderation. We have detected this policy violation using automated measures.",,STATEMENT_CATEGORY_PROTECTION_OF_MINORS,,,,"[""CONTENT_TYPE_VIDEO""]",,,"2024-11-23 00:00:00","[""AT"",""BE"",""BG"",""CY"",""CZ"",""DE"",""DK"",""EE"",""ES"",""FI"",""FR"",""GR"",""HR"",""HU"",""IE"",""IT"",""LI"",""LT"",""LU"",""LV"",""MT"",""NL"",""NO"",""PL"",""PT"",""RO"",""SE"",""SI"",""SK""]","2024-11-23 00:00:00","The decision was taken pursuant to own-initiative investigations.",SOURCE_VOLUNTARY,,Yes,AUTOMATED_DECISION_NOT_AUTOMATED,TikTok,7440371832819129121,"2024-11-23 07:22:49"
946e1bf1-6b85-41ba-ad89-2329d0643607,"[""DECISION_VISIBILITY_CONTENT_REMOVED""]",,,,,,,,,,,DECISION_GROUND_INCOMPATIBLE_CONTENT,,,,"Harassment and Bullying","We welcome the respectful expression of different viewpoints, but not toxicity or trolling. We do not allow language or behavior that harasses, humiliates, threatens, or doxes anyone. This also includes responding to such acts with retaliatory harassment (but excludes non-harassing counterspeech).We proactively enforce our Community Guidelines through a mix of technology and human moderation. We have detected this policy violation using automated measures. We have used automated measures in making this decision.",,STATEMENT_CATEGORY_ILLEGAL_OR_HARMFUL_SPEECH,,,,"[""CONTENT_TYPE_TEXT""]",,,"2024-11-23 00:00:00","[""AT"",""BE"",""BG"",""CY"",""CZ"",""DE"",""DK"",""EE"",""ES"",""FI"",""FR"",""GR"",""HR"",""HU"",""IE"",""IT"",""LI"",""LT"",""LU"",""LV"",""MT"",""NL"",""NO"",""PL"",""PT"",""RO"",""SE"",""SI"",""SK""]","2024-11-23 00:00:00","The decision was taken pursuant to own-initiative investigations.",SOURCE_VOLUNTARY,,Yes,AUTOMATED_DECISION_FULLY,TikTok,7440371832819145505,"2024-11-23 07:22:49"
c1aa6739-5f6e-4051-a29f-ec2f63b8f75c,"[""DECISION_VISIBILITY_OTHER""]","Video not eligible for recommendation in the For You feed",,,,,,,,,,DECISION_GROUND_INCOMPATIBLE_CONTENT,,,,"Nudity and Body Exposure","We celebrate all shapes and sizes and want people to feel comfortable in how they present themselves and their bodies. Content is ineligible for the For You feed and harder to find in search if it shows moderate body exposure of a young person, or significant body exposure of an adult. We allow regional exceptions for body exposure in limited situations, such as common cultural practices.We proactively enforce our Community Guidelines through a mix of technology and human moderation. We have detected this policy violation using automated measures. We have used automated measures in making this decision.",,STATEMENT_CATEGORY_SCOPE_OF_PLATFORM_SERVICE,,,,"[""CONTENT_TYPE_VIDEO""]",,,"2024-11-23 00:00:00","[""AT"",""BE"",""BG"",""CY"",""CZ"",""DE"",""DK"",""EE"",""ES"",""FI"",""FR"",""GR"",""HR"",""HU"",""IE"",""IT"",""LI"",""LT"",""LU"",""LV"",""MT"",""NL"",""NO"",""PL"",""PT"",""RO"",""SE"",""SI"",""SK""]","2024-11-23 00:00:00","The decision was taken pursuant to own-initiative investigations.",SOURCE_VOLUNTARY,,Yes,AUTOMATED_DECISION_FULLY,TikTok,7440371833020504864,"2024-11-23 07:22:49"
6325da70-0b5b-4f9f-8307-ae6bc2b601c7,"[""DECISION_VISIBILITY_CONTENT_REMOVED""]",,,,,,,,,,,DECISION_GROUND_INCOMPATIBLE_CONTENT,,,,"Harassment and Bullying","We welcome the respectful expression of different viewpoints, but not toxicity or trolling. We do not allow language or behavior that harasses, humiliates, threatens, or doxes anyone. This also includes responding to such acts with retaliatory harassment (but excludes non-harassing counterspeech).We proactively enforce our Community Guidelines through a mix of technology and human moderation. We have detected this policy violation using automated measures. We have used automated measures in making this decision.",,STATEMENT_CATEGORY_ILLEGAL_OR_HARMFUL_SPEECH,,,,"[""CONTENT_TYPE_TEXT""]",,,"2024-11-23 00:00:00","[""AT"",""BE"",""BG"",""CY"",""CZ"",""DE"",""DK"",""EE"",""ES"",""FI"",""FR"",""GR"",""HR"",""HU"",""IE"",""IT"",""LI"",""LT"",""LU"",""LV"",""MT"",""NL"",""NO"",""PL"",""PT"",""RO"",""SE"",""SI"",""SK""]","2024-11-23 00:00:00","The decision was taken pursuant to own-initiative investigations.",SOURCE_VOLUNTARY,,Yes,AUTOMATED_DECISION_FULLY,TikTok,7440371832819161889,"2024-11-23 07:22:49"
03b1e86d-dd2a-47d2-b674-f2f8c9808ebb,"[""DECISION_VISIBILITY_CONTENT_REMOVED""]",,,,,,,,,,,DECISION_GROUND_INCOMPATIBLE_CONTENT,,,,"Harassment and Bullying","We welcome the respectful expression of different viewpoints, but not toxicity or trolling. We do not allow language or behavior that harasses, humiliates, threatens, or doxes anyone. This also includes responding to such acts with retaliatory harassment (but excludes non-harassing counterspeech).We proactively enforce our Community Guidelines through a mix of technology and human moderation. We have detected this policy violation using automated measures. We have used automated measures in making this decision.",,STATEMENT_CATEGORY_ILLEGAL_OR_HARMFUL_SPEECH,,,,"[""CONTENT_TYPE_TEXT""]",,,"2024-11-23 00:00:00","[""AT"",""BE"",""BG"",""CY"",""CZ"",""DE"",""DK"",""EE"",""ES"",""FI"",""FR"",""GR"",""HR"",""HU"",""IE"",""IT"",""LI"",""LT"",""LU"",""LV"",""MT"",""NL"",""NO"",""PL"",""PT"",""RO"",""SE"",""SI"",""SK""]","2024-11-23 00:00:00","The decision was taken pursuant to own-initiative investigations.",SOURCE_VOLUNTARY,,Yes,AUTOMATED_DECISION_FULLY,TikTok,7440371832819178273,"2024-11-23 07:22:49"
c6972193-1854-40c3-ad33-91be8728e0bc,"[""DECISION_VISIBILITY_CONTENT_REMOVED""]",,,,,,,,,,,DECISION_GROUND_INCOMPATIBLE_CONTENT,,,,"Harassment and Bullying","We welcome the respectful expression of different viewpoints, but not toxicity or trolling. We do not allow language or behavior that harasses, humiliates, threatens, or doxes anyone. This also includes responding to such acts with retaliatory harassment (but excludes non-harassing counterspeech).We proactively enforce our Community Guidelines through a mix of technology and human moderation. We have detected this policy violation using automated measures. We have used automated measures in making this decision.",,STATEMENT_CATEGORY_ILLEGAL_OR_HARMFUL_SPEECH,,,,"[""CONTENT_TYPE_TEXT""]",,,"2024-11-23 00:00:00","[""AT"",""BE"",""BG"",""CY"",""CZ"",""DE"",""DK"",""EE"",""ES"",""FI"",""FR"",""GR"",""HR"",""HU"",""IE"",""IT"",""LI"",""LT"",""LU"",""LV"",""MT"",""NL"",""NO"",""PL"",""PT"",""RO"",""SE"",""SI"",""SK""]","2024-11-23 00:00:00","The decision was taken pursuant to own-initiative investigations.",SOURCE_VOLUNTARY,,Yes,AUTOMATED_DECISION_FULLY,TikTok,7440371838506507041,"2024-11-23 07:22:49"
77ae9102-1c1a-49eb-bbc3-2ca986dc8c97,"[""DECISION_VISIBILITY_OTHER""]","Video not eligible for recommendation in the For You feed",,,,,,,,,,DECISION_GROUND_INCOMPATIBLE_CONTENT,,,,"Community Guidelines","We maintain content eligibility standards for the For You feed (FYF) that prioritize safety and are informed by the diversity of our community and cultural norms. We make ineligible for the FYF certain content that may not be appropriate for a broad audience related to: (1) Behavioral Health, (2) Sensitive and Mature Themes, (3) Integrity and Authenticity, and (4) Regulated Goods. Content that is ineligible for the FYF can still be discovered in other ways, such as through search tools or by following an account.We proactively enforce our Community Guidelines through a mix of technology and human moderation. We have detected this policy violation using automated measures. We have used automated measures in making this decision.",,STATEMENT_CATEGORY_SCOPE_OF_PLATFORM_SERVICE,,,,"[""CONTENT_TYPE_VIDEO""]",,,"2024-11-23 00:00:00","[""AT"",""BE"",""BG"",""CY"",""CZ"",""DE"",""DK"",""EE"",""ES"",""FI"",""FR"",""GR"",""HR"",""HU"",""IE"",""IT"",""LI"",""LT"",""LU"",""LV"",""MT"",""NL"",""NO"",""PL"",""PT"",""RO"",""SE"",""SI"",""SK""]","2024-11-23 00:00:00","The decision was taken pursuant to own-initiative investigations.",SOURCE_VOLUNTARY,,Yes,AUTOMATED_DECISION_FULLY,TikTok,7440371838506523425,"2024-11-23 07:22:49"
77ab63c2-aa81-425f-b203-371e71ba77de,"[""DECISION_VISIBILITY_CONTENT_REMOVED""]",,,,,,,,,,,DECISION_GROUND_INCOMPATIBLE_CONTENT,,,,"Community Guidelines","Your content is against our Community Guidelines. The guidelines include rules and standards for using TikTok that apply to everyone and everything on our platform.We proactively enforce our Community Guidelines through a mix of technology and human moderation. We have detected this policy violation using automated measures. We have used automated measures in making this decision.",,STATEMENT_CATEGORY_SCOPE_OF_PLATFORM_SERVICE,,,,"[""CONTENT_TYPE_IMAGE""]",,,"2024-11-22 00:00:00","[""AT"",""BE"",""BG"",""CY"",""CZ"",""DE"",""DK"",""EE"",""ES"",""FI"",""FR"",""GR"",""HR"",""HU"",""IE"",""IT"",""LI"",""LT"",""LU"",""LV"",""MT"",""NL"",""NO"",""PL"",""PT"",""RO"",""SE"",""SI"",""SK""]","2024-11-23 00:00:00","The decision was taken pursuant to own-initiative investigations.",SOURCE_VOLUNTARY,,Yes,AUTOMATED_DECISION_FULLY,TikTok,7440371838506539809,"2024-11-23 07:22:49"
a96c3658-2e4e-4b40-8406-b9f761ac3862,"[""DECISION_VISIBILITY_OTHER""]","Video not eligible for recommendation in the For You feed",,,,,,,,,,DECISION_GROUND_INCOMPATIBLE_CONTENT,,,,"Community Guidelines","We maintain content eligibility standards for the For You feed (FYF) that prioritize safety and are informed by the diversity of our community and cultural norms. We make ineligible for the FYF certain content that may not be appropriate for a broad audience related to: (1) Behavioral Health, (2) Sensitive and Mature Themes, (3) Integrity and Authenticity, and (4) Regulated Goods. Content that is ineligible for the FYF can still be discovered in other ways, such as through search tools or by following an account.We proactively enforce our Community Guidelines through a mix of technology and human moderation. We have detected this policy violation using automated measures. We have used automated measures in making this decision.",,STATEMENT_CATEGORY_SCOPE_OF_PLATFORM_SERVICE,,,,"[""CONTENT_TYPE_VIDEO""]",,,"2024-11-23 00:00:00","[""AT"",""BE"",""BG"",""CY"",""CZ"",""DE"",""DK"",""EE"",""ES"",""FI"",""FR"",""GR"",""HR"",""HU"",""IE"",""IT"",""LI"",""LT"",""LU"",""LV"",""MT"",""NL"",""NO"",""PL"",""PT"",""RO"",""SE"",""SI"",""SK""]","2024-11-23 00:00:00","The decision was taken pursuant to own-initiative investigations.",SOURCE_VOLUNTARY,,Yes,AUTOMATED_DECISION_FULLY,TikTok,7440371837743143713,"2024-11-23 07:22:49"
96924b2c-6276-4378-81e9-2f95ee587d76,"[""DECISION_VISIBILITY_CONTENT_REMOVED""]",,,,,,,,,,,DECISION_GROUND_INCOMPATIBLE_CONTENT,,,,"Harassment and Bullying","We welcome the respectful expression of different viewpoints, but not toxicity or trolling. We do not allow language or behavior that harasses, humiliates, threatens, or doxes anyone. This also includes responding to such acts with retaliatory harassment (but excludes non-harassing counterspeech).We proactively enforce our Community Guidelines through a mix of technology and human moderation. We have detected this policy violation using automated measures. We have used automated measures in making this decision.",,STATEMENT_CATEGORY_ILLEGAL_OR_HARMFUL_SPEECH,,,,"[""CONTENT_TYPE_TEXT""]",,,"2024-11-23 00:00:00","[""AT"",""BE"",""BG"",""CY"",""CZ"",""DE"",""DK"",""EE"",""ES"",""FI"",""FR"",""GR"",""HR"",""HU"",""IE"",""IT"",""LI"",""LT"",""LU"",""LV"",""MT"",""NL"",""NO"",""PL"",""PT"",""RO"",""SE"",""SI"",""SK""]","2024-11-23 00:00:00","The decision was taken pursuant to own-initiative investigations.",SOURCE_VOLUNTARY,,Yes,AUTOMATED_DECISION_FULLY,TikTok,7440371838506556193,"2024-11-23 07:22:49"
1927f37a-089d-490b-a1ef-38a40b65724f,"[""DECISION_VISIBILITY_OTHER""]","Video not eligible for recommendation in the For You feed",,,,,,,,,,DECISION_GROUND_INCOMPATIBLE_CONTENT,,,,"Community Guidelines","We maintain content eligibility standards for the For You feed (FYF) that prioritize safety and are informed by the diversity of our community and cultural norms. We make ineligible for the FYF certain content that may not be appropriate for a broad audience related to: (1) Behavioral Health, (2) Sensitive and Mature Themes, (3) Integrity and Authenticity, and (4) Regulated Goods. Content that is ineligible for the FYF can still be discovered in other ways, such as through search tools or by following an account.We proactively enforce our Community Guidelines through a mix of technology and human moderation. We have detected this policy violation using automated measures. We have used automated measures in making this decision.",,STATEMENT_CATEGORY_SCOPE_OF_PLATFORM_SERVICE,,,,"[""CONTENT_TYPE_VIDEO""]",,,"2024-11-23 00:00:00","[""AT"",""BE"",""BG"",""CY"",""CZ"",""DE"",""DK"",""EE"",""ES"",""FI"",""FR"",""GR"",""HR"",""HU"",""IE"",""IT"",""LI"",""LT"",""LU"",""LV"",""MT"",""NL"",""NO"",""PL"",""PT"",""RO"",""SE"",""SI"",""SK""]","2024-11-23 00:00:00","The decision was taken pursuant to own-initiative investigations.",SOURCE_VOLUNTARY,,Yes,AUTOMATED_DECISION_FULLY,TikTok,7440371837743160097,"2024-11-23 07:22:49"
08740e1a-1429-4384-9b1b-9be39eeac504,"[""DECISION_VISIBILITY_CONTENT_REMOVED""]",,,,,,,,,,,DECISION_GROUND_INCOMPATIBLE_CONTENT,,,,"Trade of Regulated Goods and Services","Regulated goods and services often play an important and essential role in people’s lives. However, these items are regulated for a reason. TikTok is not a place for illegal traffic or trade, or an unofficial market. We do not allow facilitating the trade of regulated, prohibited, or high-risk goods and services, such as alcohol, tobacco products, regulated substances, firearms and other dangerous weapons, sexual services, animals, or counterfeit goods.We proactively enforce our Community Guidelines through a mix of technology and human moderation. We have detected this policy violation using automated measures. We have used automated measures in making this decision.",,STATEMENT_CATEGORY_SCOPE_OF_PLATFORM_SERVICE,,,,"[""CONTENT_TYPE_IMAGE""]",,,"2024-11-23 00:00:00","[""AT"",""BE"",""BG"",""CY"",""CZ"",""DE"",""DK"",""EE"",""ES"",""FI"",""FR"",""GR"",""HR"",""HU"",""IE"",""IT"",""LI"",""LT"",""LU"",""LV"",""MT"",""NL"",""NO"",""PL"",""PT"",""RO"",""SE"",""SI"",""SK""]","2024-11-23 00:00:00","The decision was taken pursuant to own-initiative investigations.",SOURCE_VOLUNTARY,,Yes,AUTOMATED_DECISION_FULLY,TikTok,7440371837743176481,"2024-11-23 07:22:49"
4b27744a-306b-4f14-97c2-357b7281c68e,"[""DECISION_VISIBILITY_OTHER""]","Photo not eligible for recommendation in the For You feed, and visibility restricted in search results",,,,,,,,,,DECISION_GROUND_INCOMPATIBLE_CONTENT,,,,"Dangerous Activities and Challenges","Most activities or challenges are appropriate for everyone, but some may carry a risk of significant injury. Content is ineligible for the For You feed if it involves activities likely to lead to moderate physical harm or includes professionals performing extreme sports and stunts that may endanger others.We proactively enforce our Community Guidelines through a mix of technology and human moderation. We have detected this policy violation using automated measures. We have used automated measures in making this decision.",,STATEMENT_CATEGORY_SCOPE_OF_PLATFORM_SERVICE,,,,"[""CONTENT_TYPE_IMAGE""]",,,"2024-11-23 00:00:00","[""AT"",""BE"",""BG"",""CY"",""CZ"",""DE"",""DK"",""EE"",""ES"",""FI"",""FR"",""GR"",""HR"",""HU"",""IE"",""IT"",""LI"",""LT"",""LU"",""LV"",""MT"",""NL"",""NO"",""PL"",""PT"",""RO"",""SE"",""SI"",""SK""]","2024-11-23 00:00:00","The decision was taken pursuant to own-initiative investigations.",SOURCE_VOLUNTARY,,Yes,AUTOMATED_DECISION_FULLY,TikTok,7440371837743192865,"2024-11-23 07:22:49"
e48ee2fe-f376-4801-8a0e-47565cf6d858,"[""DECISION_VISIBILITY_OTHER""]","Video not eligible for recommendation in the For You feed",,,,,,,,,,DECISION_GROUND_INCOMPATIBLE_CONTENT,,,,"Community Guidelines","We maintain content eligibility standards for the For You feed (FYF) that prioritize safety and are informed by the diversity of our community and cultural norms. We make ineligible for the FYF certain content that may not be appropriate for a broad audience related to: (1) Behavioral Health, (2) Sensitive and Mature Themes, (3) Integrity and Authenticity, and (4) Regulated Goods. Content that is ineligible for the FYF can still be discovered in other ways, such as through search tools or by following an account.We proactively enforce our Community Guidelines through a mix of technology and human moderation. We have detected this policy violation using automated measures. We have used automated measures in making this decision.",,STATEMENT_CATEGORY_SCOPE_OF_PLATFORM_SERVICE,,,,"[""CONTENT_TYPE_VIDEO""]",,,"2024-11-23 00:00:00","[""AT"",""BE"",""BG"",""CY"",""CZ"",""DE"",""DK"",""EE"",""ES"",""FI"",""FR"",""GR"",""HR"",""HU"",""IE"",""IT"",""LI"",""LT"",""LU"",""LV"",""MT"",""NL"",""NO"",""PL"",""PT"",""RO"",""SE"",""SI"",""SK""]","2024-11-23 00:00:00","The decision was taken pursuant to own-initiative investigations.",SOURCE_VOLUNTARY,,Yes,AUTOMATED_DECISION_FULLY,TikTok,7440371838506572577,"2024-11-23 07:22:49"
a9f9ef4c-d3ae-4ecc-b73f-ef0b29f0ecf1,"[""DECISION_VISIBILITY_CONTENT_REMOVED""]",,,,,,,,,,,DECISION_GROUND_INCOMPATIBLE_CONTENT,,,,"Firearms and Dangerous Weapons","TikTok can be a place that educates people on the responsible use and ownership of weapons, as well as the associated potential for serious harm. Firearms and explosive weapons can cause severe injury or death, especially when used in an unsafe manner. We do not allow the trade of firearms or explosive weapons, or content showing or promoting them if they are not used in a safe or appropriate setting.We proactively enforce our Community Guidelines through a mix of technology and human moderation. We have detected this policy violation using automated measures. We have used automated measures in making this decision.",,STATEMENT_CATEGORY_SCOPE_OF_PLATFORM_SERVICE,,,,"[""CONTENT_TYPE_VIDEO""]",,,"2024-11-23 00:00:00","[""AT"",""BE"",""BG"",""CY"",""CZ"",""DE"",""DK"",""EE"",""ES"",""FI"",""FR"",""GR"",""HR"",""HU"",""IE"",""IT"",""LI"",""LT"",""LU"",""LV"",""MT"",""NL"",""NO"",""PL"",""PT"",""RO"",""SE"",""SI"",""SK""]","2024-11-23 00:00:00","The decision was taken pursuant to own-initiative investigations.",SOURCE_VOLUNTARY,,Yes,AUTOMATED_DECISION_FULLY,TikTok,7440371838506588961,"2024-11-23 07:22:49"
5eaf14b5-d35a-4e83-b80b-210fbc1d9302,"[""DECISION_VISIBILITY_OTHER""]","Photo not eligible for recommendation in the For You feed, and visibility restricted in search results",,,,,,,,,,DECISION_GROUND_INCOMPATIBLE_CONTENT,,,,"Dangerous Activities and Challenges","Most activities or challenges are appropriate for everyone, but some may carry a risk of significant injury. Content is ineligible for the For You feed if it involves activities likely to lead to moderate physical harm or includes professionals performing extreme sports and stunts that may endanger others.We proactively enforce our Community Guidelines through a mix of technology and human moderation. We have detected this policy violation using automated measures. We have used automated measures in making this decision.",,STATEMENT_CATEGORY_SCOPE_OF_PLATFORM_SERVICE,,,,"[""CONTENT_TYPE_IMAGE""]",,,"2024-11-23 00:00:00","[""AT"",""BE"",""BG"",""CY"",""CZ"",""DE"",""DK"",""EE"",""ES"",""FI"",""FR"",""GR"",""HR"",""HU"",""IE"",""IT"",""LI"",""LT"",""LU"",""LV"",""MT"",""NL"",""NO"",""PL"",""PT"",""RO"",""SE"",""SI"",""SK""]","2024-11-23 00:00:00","The decision was taken pursuant to own-initiative investigations.",SOURCE_VOLUNTARY,,Yes,AUTOMATED_DECISION_FULLY,TikTok,7440371837743209249,"2024-11-23 07:22:49"
221e0571-d3e9-4a3b-8e1c-60b2831beacb,"[""DECISION_VISIBILITY_CONTENT_REMOVED""]",,,,,,,,,,,DECISION_GROUND_INCOMPATIBLE_CONTENT,,,,"Minimum Age Requirement","Users must be 13 years and older to have a TikTok account. We are deeply committed to ensuring that TikTok is a safe and positive experience for people under the age of 18. This starts by being old enough to use TikTok. If we learn someone is below the minimum age on TikTok, we will ban that account.We proactively enforce our Community Guidelines through a mix of technology and human moderation. We have detected this policy violation using automated measures. We have used automated measures in making this decision.",,STATEMENT_CATEGORY_PROTECTION_OF_MINORS,,,,"[""CONTENT_TYPE_TEXT""]",,,"2024-11-23 00:00:00","[""AT"",""BE"",""BG"",""CY"",""CZ"",""DE"",""DK"",""EE"",""ES"",""FI"",""FR"",""GR"",""HR"",""HU"",""IE"",""IT"",""LI"",""LT"",""LU"",""LV"",""MT"",""NL"",""NO"",""PL"",""PT"",""RO"",""SE"",""SI"",""SK""]","2024-11-23 00:00:00","The decision was taken pursuant to own-initiative investigations.",SOURCE_VOLUNTARY,,Yes,AUTOMATED_DECISION_FULLY,TikTok,7440371838506605345,"2024-11-23 07:22:49"
d7cb20d6-472e-4965-b5aa-3c174c0aa375,"[""DECISION_VISIBILITY_CONTENT_REMOVED""]",,,,,,,,,,,DECISION_GROUND_INCOMPATIBLE_CONTENT,,,,"Harassment and Bullying","We welcome the respectful expression of different viewpoints, but not toxicity or trolling. We do not allow language or behavior that harasses, humiliates, threatens, or doxes anyone. This also includes responding to such acts with retaliatory harassment (but excludes non-harassing counterspeech).We proactively enforce our Community Guidelines through a mix of technology and human moderation. We have detected this policy violation using automated measures. We have used automated measures in making this decision.",,STATEMENT_CATEGORY_ILLEGAL_OR_HARMFUL_SPEECH,,,,"[""CONTENT_TYPE_TEXT""]",,,"2024-11-23 00:00:00","[""AT"",""BE"",""BG"",""CY"",""CZ"",""DE"",""DK"",""EE"",""ES"",""FI"",""FR"",""GR"",""HR"",""HU"",""IE"",""IT"",""LI"",""LT"",""LU"",""LV"",""MT"",""NL"",""NO"",""PL"",""PT"",""RO"",""SE"",""SI"",""SK""]","2024-11-23 00:00:00","The decision was taken pursuant to own-initiative investigations.",SOURCE_VOLUNTARY,,Yes,AUTOMATED_DECISION_FULLY,TikTok,7440371837743225633,"2024-11-23 07:22:49"
388093d5-cc56-416e-8c2d-b3187c53ebfb,"[""DECISION_VISIBILITY_OTHER""]","Photo not eligible for recommendation in the For You feed, and visibility restricted in search results",,,,,,,,,,DECISION_GROUND_INCOMPATIBLE_CONTENT,,,,"Community Guidelines","We maintain content eligibility standards for the For You feed (FYF) that prioritize safety and are informed by the diversity of our community and cultural norms. We make ineligible for the FYF certain content that may not be appropriate for a broad audience related to: (1) Behavioral Health, (2) Sensitive and Mature Themes, (3) Integrity and Authenticity, and (4) Regulated Goods. Content that is ineligible for the FYF can still be discovered in other ways, such as through search tools or by following an account.We proactively enforce our Community Guidelines through a mix of technology and human moderation. We have detected this policy violation using automated measures. We have used automated measures in making this decision.",,STATEMENT_CATEGORY_SCOPE_OF_PLATFORM_SERVICE,,,,"[""CONTENT_TYPE_IMAGE""]",,,"2024-11-23 00:00:00","[""AT"",""BE"",""BG"",""CY"",""CZ"",""DE"",""DK"",""EE"",""ES"",""FI"",""FR"",""GR"",""HR"",""HU"",""IE"",""IT"",""LI"",""LT"",""LU"",""LV"",""MT"",""NL"",""NO"",""PL"",""PT"",""RO"",""SE"",""SI"",""SK""]","2024-11-23 00:00:00","The decision was taken pursuant to own-initiative investigations.",SOURCE_VOLUNTARY,,Yes,AUTOMATED_DECISION_FULLY,TikTok,7440371838506621729,"2024-11-23 07:22:49"
66a19221-b221-4b8a-8502-7a1586af68bd,"[""DECISION_VISIBILITY_OTHER""]","Video not eligible for recommendation in the For You feed",,,,,,,,,,DECISION_GROUND_INCOMPATIBLE_CONTENT,,,,"Community Guidelines","Your content is against our Community Guidelines. The guidelines include rules and standards for using TikTok that apply to everyone and everything on our platform.We proactively enforce our Community Guidelines through a mix of technology and human moderation. We have detected this policy violation using automated measures. We have used automated measures in making this decision.",,STATEMENT_CATEGORY_SCOPE_OF_PLATFORM_SERVICE,,,,"[""CONTENT_TYPE_OTHER""]","Video Sticker",,"2024-11-23 00:00:00","[""AT"",""BE"",""BG"",""CY"",""CZ"",""DE"",""DK"",""EE"",""ES"",""FI"",""FR"",""GR"",""HR"",""HU"",""IE"",""IT"",""LI"",""LT"",""LU"",""LV"",""MT"",""NL"",""NO"",""PL"",""PT"",""RO"",""SE"",""SI"",""SK""]","2024-11-23 00:00:00","The decision was taken pursuant to own-initiative investigations.",SOURCE_VOLUNTARY,,Yes,AUTOMATED_DECISION_FULLY,TikTok,7440371837743242017,"2024-11-23 07:22:49"
7fb87468-84d3-42b6-be6a-8a33f8e99728,"[""DECISION_VISIBILITY_OTHER""]","Video not eligible for recommendation in the For You feed",,,,,,,,,,DECISION_GROUND_INCOMPATIBLE_CONTENT,,,,"Community Guidelines","We maintain content eligibility standards for the For You feed (FYF) that prioritize safety and are informed by the diversity of our community and cultural norms. We make ineligible for the FYF certain content that may not be appropriate for a broad audience related to: (1) Behavioral Health, (2) Sensitive and Mature Themes, (3) Integrity and Authenticity, and (4) Regulated Goods. Content that is ineligible for the FYF can still be discovered in other ways, such as through search tools or by following an account.We proactively enforce our Community Guidelines through a mix of technology and human moderation. We have detected this policy violation using automated measures. We have used automated measures in making this decision.",,STATEMENT_CATEGORY_SCOPE_OF_PLATFORM_SERVICE,,,,"[""CONTENT_TYPE_VIDEO""]",,,"2024-11-23 00:00:00","[""AT"",""BE"",""BG"",""CY"",""CZ"",""DE"",""DK"",""EE"",""ES"",""FI"",""FR"",""GR"",""HR"",""HU"",""IE"",""IT"",""LI"",""LT"",""LU"",""LV"",""MT"",""NL"",""NO"",""PL"",""PT"",""RO"",""SE"",""SI"",""SK""]","2024-11-23 00:00:00","The decision was taken pursuant to own-initiative investigations.",SOURCE_VOLUNTARY,,Yes,AUTOMATED_DECISION_FULLY,TikTok,7440371838506638113,"2024-11-23 07:22:49"
f7a7fe48-fe9c-4e98-a41d-b2d05f092684,"[""DECISION_VISIBILITY_OTHER""]","Video not eligible for recommendation in the For You feed",,,,,,,,,,DECISION_GROUND_INCOMPATIBLE_CONTENT,,,,"Community Guidelines","We maintain content eligibility standards for the For You feed (FYF) that prioritize safety and are informed by the diversity of our community and cultural norms. We make ineligible for the FYF certain content that may not be appropriate for a broad audience related to: (1) Behavioral Health, (2) Sensitive and Mature Themes, (3) Integrity and Authenticity, and (4) Regulated Goods. Content that is ineligible for the FYF can still be discovered in other ways, such as through search tools or by following an account.We proactively enforce our Community Guidelines through a mix of technology and human moderation. We have detected this policy violation using automated measures. We have used automated measures in making this decision.",,STATEMENT_CATEGORY_SCOPE_OF_PLATFORM_SERVICE,,,,"[""CONTENT_TYPE_VIDEO""]",,,"2024-11-23 00:00:00","[""AT"",""BE"",""BG"",""CY"",""CZ"",""DE"",""DK"",""EE"",""ES"",""FI"",""FR"",""GR"",""HR"",""HU"",""IE"",""IT"",""LI"",""LT"",""LU"",""LV"",""MT"",""NL"",""NO"",""PL"",""PT"",""RO"",""SE"",""SI"",""SK""]","2024-11-23 00:00:00","The decision was taken pursuant to own-initiative investigations.",SOURCE_VOLUNTARY,,Yes,AUTOMATED_DECISION_FULLY,TikTok,7440371837743258401,"2024-11-23 07:22:49"
d7eebd00-81eb-4652-83bd-3f7216b35cf1,"[""DECISION_VISIBILITY_CONTENT_REMOVED""]",,,,,,,,,,,DECISION_GROUND_INCOMPATIBLE_CONTENT,,,,"Hate Speech and Hateful Behaviors","TikTok is enriched by the various backgrounds of our community members. Our differences should be respected, rather than a cause for division. We do not allow any hateful behavior, hate speech, or promotion of hateful ideologies. This includes content that attacks a person or group because of protected attributes.We proactively enforce our Community Guidelines through a mix of technology and human moderation. We have detected this policy violation using automated measures. We have used automated measures in making this decision.",,STATEMENT_CATEGORY_ILLEGAL_OR_HARMFUL_SPEECH,,,,"[""CONTENT_TYPE_TEXT""]",,,"2024-11-23 00:00:00","[""AT"",""BE"",""BG"",""CY"",""CZ"",""DE"",""DK"",""EE"",""ES"",""FI"",""FR"",""GR"",""HR"",""HU"",""IE"",""IT"",""LI"",""LT"",""LU"",""LV"",""MT"",""NL"",""NO"",""PL"",""PT"",""RO"",""SE"",""SI"",""SK""]","2024-11-23 00:00:00","The decision was taken pursuant to own-initiative investigations.",SOURCE_VOLUNTARY,,Yes,AUTOMATED_DECISION_FULLY,TikTok,7440371837743274785,"2024-11-23 07:22:49"
626563be-6b2e-4ca8-bba3-9592600346ef,"[""DECISION_VISIBILITY_CONTENT_REMOVED""]",,,,,,,,,,,DECISION_GROUND_INCOMPATIBLE_CONTENT,,,,"Harassment and Bullying","We welcome the respectful expression of different viewpoints, but not toxicity or trolling. We do not allow language or behavior that harasses, humiliates, threatens, or doxes anyone. This also includes responding to such acts with retaliatory harassment (but excludes non-harassing counterspeech).We proactively enforce our Community Guidelines through a mix of technology and human moderation. We have detected this policy violation using automated measures. We have used automated measures in making this decision.",,STATEMENT_CATEGORY_ILLEGAL_OR_HARMFUL_SPEECH,,,,"[""CONTENT_TYPE_TEXT""]",,,"2024-11-23 00:00:00","[""AT"",""BE"",""BG"",""CY"",""CZ"",""DE"",""DK"",""EE"",""ES"",""FI"",""FR"",""GR"",""HR"",""HU"",""IE"",""IT"",""LI"",""LT"",""LU"",""LV"",""MT"",""NL"",""NO"",""PL"",""PT"",""RO"",""SE"",""SI"",""SK""]","2024-11-23 00:00:00","The decision was taken pursuant to own-initiative investigations.",SOURCE_VOLUNTARY,,Yes,AUTOMATED_DECISION_FULLY,TikTok,7440371838506654497,"2024-11-23 07:22:49"
07f92e23-ed8d-40f7-8ffb-c008f9c38747,"[""DECISION_VISIBILITY_CONTENT_REMOVED""]",,,,,,,,,,,DECISION_GROUND_INCOMPATIBLE_CONTENT,,,,"Minimum Age Requirement","Users must be 13 years and older to have a TikTok account. We are deeply committed to ensuring that TikTok is a safe and positive experience for people under the age of 18. This starts by being old enough to use TikTok. If we learn someone is below the minimum age on TikTok, we will ban that account.We proactively enforce our Community Guidelines through a mix of technology and human moderation. We have detected this policy violation using automated measures. We have used automated measures in making this decision.",,STATEMENT_CATEGORY_PROTECTION_OF_MINORS,,,,"[""CONTENT_TYPE_TEXT""]",,,"2024-11-23 00:00:00","[""AT"",""BE"",""BG"",""CY"",""CZ"",""DE"",""DK"",""EE"",""ES"",""FI"",""FR"",""GR"",""HR"",""HU"",""IE"",""IT"",""LI"",""LT"",""LU"",""LV"",""MT"",""NL"",""NO"",""PL"",""PT"",""RO"",""SE"",""SI"",""SK""]","2024-11-23 00:00:00","The decision was taken pursuant to own-initiative investigations.",SOURCE_VOLUNTARY,,Yes,AUTOMATED_DECISION_FULLY,TikTok,7440371844542110496,"2024-11-23 07:22:49"
11619461-b3ba-4d91-80db-b1a24228c1ab,"[""DECISION_VISIBILITY_CONTENT_REMOVED""]",,,,,,,,,,,DECISION_GROUND_INCOMPATIBLE_CONTENT,,,,"Violent Behaviors and Criminal Activities","We recognize that online content related to violence can cause real-world harm. We do not allow any violent threats, incitement to violence, or promotion of criminal activities that may harm people, animals, or property. If there is a specific, credible, and imminent threat to human life or serious physical injury, we will report it to relevant law enforcement authorities.We proactively enforce our Community Guidelines through a mix of technology and human moderation. We have detected this policy violation using automated measures. We have used automated measures in making this decision.",,STATEMENT_CATEGORY_VIOLENCE,,,,"[""CONTENT_TYPE_TEXT""]",,,"2024-11-23 00:00:00","[""AT"",""BE"",""BG"",""CY"",""CZ"",""DE"",""DK"",""EE"",""ES"",""FI"",""FR"",""GR"",""HR"",""HU"",""IE"",""IT"",""LI"",""LT"",""LU"",""LV"",""MT"",""NL"",""NO"",""PL"",""PT"",""RO"",""SE"",""SI"",""SK""]","2024-11-23 00:00:00","The decision was taken pursuant to own-initiative investigations.",SOURCE_VOLUNTARY,,Yes,AUTOMATED_DECISION_FULLY,TikTok,7440371844542126880,"2024-11-23 07:22:49"
2186a3a3-3806-4344-a26b-19265de1e0b6,"[""DECISION_VISIBILITY_OTHER""]","Video not eligible for recommendation in the For You feed",,,,,,,,,,DECISION_GROUND_INCOMPATIBLE_CONTENT,,,,"Community Guidelines","We maintain content eligibility standards for the For You feed (FYF) that prioritize safety and are informed by the diversity of our community and cultural norms. We make ineligible for the FYF certain content that may not be appropriate for a broad audience related to: (1) Behavioral Health, (2) Sensitive and Mature Themes, (3) Integrity and Authenticity, and (4) Regulated Goods. Content that is ineligible for the FYF can still be discovered in other ways, such as through search tools or by following an account.We proactively enforce our Community Guidelines through a mix of technology and human moderation. We have detected this policy violation using automated measures. We have used automated measures in making this decision.",,STATEMENT_CATEGORY_SCOPE_OF_PLATFORM_SERVICE,,,,"[""CONTENT_TYPE_VIDEO""]",,,"2024-11-23 00:00:00","[""AT"",""BE"",""BG"",""CY"",""CZ"",""DE"",""DK"",""EE"",""ES"",""FI"",""FR"",""GR"",""HR"",""HU"",""IE"",""IT"",""LI"",""LT"",""LU"",""LV"",""MT"",""NL"",""NO"",""PL"",""PT"",""RO"",""SE"",""SI"",""SK""]","2024-11-23 00:00:00","The decision was taken pursuant to own-initiative investigations.",SOURCE_VOLUNTARY,,Yes,AUTOMATED_DECISION_FULLY,TikTok,7440371837743291169,"2024-11-23 07:22:49"
06fbfdcb-19d5-44f6-8c28-8e83673fd9f1,"[""DECISION_VISIBILITY_CONTENT_REMOVED""]",,,,,,,,,,,DECISION_GROUND_INCOMPATIBLE_CONTENT,,,,"Dangerous Activities and Challenges","Most activities or challenges are appropriate for everyone, but some carry a risk of significant injury. We do not allow showing or promoting dangerous activities and challenges. This includes dares, games, tricks, inappropriate use of dangerous tools, eating substances that are harmful to one’s health, or similar activities that may lead to significant physical harm.We proactively enforce our Community Guidelines through a mix of technology and human moderation. We have detected this policy violation using automated measures.",,STATEMENT_CATEGORY_SCOPE_OF_PLATFORM_SERVICE,,,,"[""CONTENT_TYPE_VIDEO""]",,,"2024-11-23 00:00:00","[""AT"",""BE"",""BG"",""CY"",""CZ"",""DE"",""DK"",""EE"",""ES"",""FI"",""FR"",""GR"",""HR"",""HU"",""IE"",""IT"",""LI"",""LT"",""LU"",""LV"",""MT"",""NL"",""NO"",""PL"",""PT"",""RO"",""SE"",""SI"",""SK""]","2024-11-23 00:00:00","The decision was taken pursuant to own-initiative investigations.",SOURCE_VOLUNTARY,,Yes,AUTOMATED_DECISION_NOT_AUTOMATED,TikTok,7440371844542143264,"2024-11-23 07:22:49"
11b4f12a-c42a-4ff7-9380-a7073ebdfded,"[""DECISION_VISIBILITY_OTHER""]","Video not eligible for recommendation in the For You feed",,,,,,,,,,DECISION_GROUND_INCOMPATIBLE_CONTENT,,,,"Community Guidelines","We maintain content eligibility standards for the For You feed (FYF) that prioritize safety and are informed by the diversity of our community and cultural norms. We make ineligible for the FYF certain content that may not be appropriate for a broad audience related to: (1) Behavioral Health, (2) Sensitive and Mature Themes, (3) Integrity and Authenticity, and (4) Regulated Goods. Content that is ineligible for the FYF can still be discovered in other ways, such as through search tools or by following an account.We proactively enforce our Community Guidelines through a mix of technology and human moderation. We have detected this policy violation using automated measures. We have used automated measures in making this decision.",,STATEMENT_CATEGORY_SCOPE_OF_PLATFORM_SERVICE,,,,"[""CONTENT_TYPE_VIDEO""]",,,"2024-11-23 00:00:00","[""AT"",""BE"",""BG"",""CY"",""CZ"",""DE"",""DK"",""EE"",""ES"",""FI"",""FR"",""GR"",""HR"",""HU"",""IE"",""IT"",""LI"",""LT"",""LU"",""LV"",""MT"",""NL"",""NO"",""PL"",""PT"",""RO"",""SE"",""SI"",""SK""]","2024-11-23 00:00:00","The decision was taken pursuant to own-initiative investigations.",SOURCE_VOLUNTARY,,Yes,AUTOMATED_DECISION_FULLY,TikTok,7440371844881849121,"2024-11-23 07:22:49"
010a45a9-3617-4849-b85c-59eca4c435d0,"[""DECISION_VISIBILITY_OTHER""]","Video not eligible for recommendation in the For You feed",,,,,,,,,,DECISION_GROUND_INCOMPATIBLE_CONTENT,,,,"Community Guidelines","We maintain content eligibility standards for the For You feed (FYF) that prioritize safety and are informed by the diversity of our community and cultural norms. We make ineligible for the FYF certain content that may not be appropriate for a broad audience related to: (1) Behavioral Health, (2) Sensitive and Mature Themes, (3) Integrity and Authenticity, and (4) Regulated Goods. Content that is ineligible for the FYF can still be discovered in other ways, such as through search tools or by following an account.We proactively enforce our Community Guidelines through a mix of technology and human moderation. We have detected this policy violation using automated measures. We have used automated measures in making this decision.",,STATEMENT_CATEGORY_SCOPE_OF_PLATFORM_SERVICE,,,,"[""CONTENT_TYPE_VIDEO""]",,,"2024-11-23 00:00:00","[""AT"",""BE"",""BG"",""CY"",""CZ"",""DE"",""DK"",""EE"",""ES"",""FI"",""FR"",""GR"",""HR"",""HU"",""IE"",""IT"",""LI"",""LT"",""LU"",""LV"",""MT"",""NL"",""NO"",""PL"",""PT"",""RO"",""SE"",""SI"",""SK""]","2024-11-23 00:00:00","The decision was taken pursuant to own-initiative investigations.",SOURCE_VOLUNTARY,,Yes,AUTOMATED_DECISION_FULLY,TikTok,7440371844881865505,"2024-11-23 07:22:49"
c0df9f07-d9f2-4ef4-814a-9b1ffabed136,"[""DECISION_VISIBILITY_CONTENT_REMOVED""]",,,,,,,,,,,DECISION_GROUND_INCOMPATIBLE_CONTENT,,,,"Harassment and Bullying","We welcome the respectful expression of different viewpoints, but not toxicity or trolling. We do not allow language or behavior that harasses, humiliates, threatens, or doxes anyone. This also includes responding to such acts with retaliatory harassment (but excludes non-harassing counterspeech).We proactively enforce our Community Guidelines through a mix of technology and human moderation. We have detected this policy violation using automated measures. We have used automated measures in making this decision.",,STATEMENT_CATEGORY_ILLEGAL_OR_HARMFUL_SPEECH,,,,"[""CONTENT_TYPE_TEXT""]",,,"2024-11-23 00:00:00","[""AT"",""BE"",""BG"",""CY"",""CZ"",""DE"",""DK"",""EE"",""ES"",""FI"",""FR"",""GR"",""HR"",""HU"",""IE"",""IT"",""LI"",""LT"",""LU"",""LV"",""MT"",""NL"",""NO"",""PL"",""PT"",""RO"",""SE"",""SI"",""SK""]","2024-11-23 00:00:00","The decision was taken pursuant to own-initiative investigations.",SOURCE_VOLUNTARY,,Yes,AUTOMATED_DECISION_FULLY,TikTok,7440371844881881889,"2024-11-23 07:22:49"
9ea4eba0-12ef-4939-8b31-193fecded77e,"[""DECISION_VISIBILITY_CONTENT_REMOVED""]",,,,,,,,,,,DECISION_GROUND_INCOMPATIBLE_CONTENT,,,,"Hate Speech and Hateful Behaviors","TikTok is enriched by the various backgrounds of our community members. Our differences should be respected, rather than a cause for division. We do not allow any hateful behavior, hate speech, or promotion of hateful ideologies. This includes content that attacks a person or group because of protected attributes.We proactively enforce our Community Guidelines through a mix of technology and human moderation. We have detected this policy violation using automated measures. We have used automated measures in making this decision.",,STATEMENT_CATEGORY_ILLEGAL_OR_HARMFUL_SPEECH,,,,"[""CONTENT_TYPE_TEXT""]",,,"2024-11-23 00:00:00","[""AT"",""BE"",""BG"",""CY"",""CZ"",""DE"",""DK"",""EE"",""ES"",""FI"",""FR"",""GR"",""HR"",""HU"",""IE"",""IT"",""LI"",""LT"",""LU"",""LV"",""MT"",""NL"",""NO"",""PL"",""PT"",""RO"",""SE"",""SI"",""SK""]","2024-11-23 00:00:00","The decision was taken pursuant to own-initiative investigations.",SOURCE_VOLUNTARY,,Yes,AUTOMATED_DECISION_FULLY,TikTok,7440371844881898273,"2024-11-23 07:22:49"
f3f5d98c-1f7e-449c-b0f4-8661997f0e27,"[""DECISION_VISIBILITY_OTHER""]","Video not eligible for recommendation in the For You feed",,,,,,,,,,DECISION_GROUND_INCOMPATIBLE_CONTENT,,,,"Community Guidelines","Your content is against our Community Guidelines. The guidelines include rules and standards for using TikTok that apply to everyone and everything on our platform.",,STATEMENT_CATEGORY_SCOPE_OF_PLATFORM_SERVICE,,,,"[""CONTENT_TYPE_VIDEO""]",,,"2024-11-23 00:00:00","[""AT"",""BE"",""BG"",""CY"",""CZ"",""DE"",""DK"",""EE"",""ES"",""FI"",""FR"",""GR"",""HR"",""HU"",""IE"",""IT"",""LI"",""LT"",""LU"",""LV"",""MT"",""NL"",""NO"",""PL"",""PT"",""RO"",""SE"",""SI"",""SK""]","2024-11-23 00:00:00","The decision was taken pursuant to own-initiative investigations.",SOURCE_VOLUNTARY,,Yes,AUTOMATED_DECISION_FULLY,TikTok,7440371844881914657,"2024-11-23 07:22:49"
ccac2626-0aba-4c4d-ae48-18a5c35e3080,"[""DECISION_VISIBILITY_OTHER""]","Video not eligible for recommendation in the For You feed",,,,,,,,,,DECISION_GROUND_INCOMPATIBLE_CONTENT,,,,"Community Guidelines","Your content is against our Community Guidelines. The guidelines include rules and standards for using TikTok that apply to everyone and everything on our platform.We proactively enforce our Community Guidelines through a mix of technology and human moderation. We have detected this policy violation using automated measures. We have used automated measures in making this decision.",,STATEMENT_CATEGORY_SCOPE_OF_PLATFORM_SERVICE,,,,"[""CONTENT_TYPE_OTHER""]","Video Sticker",,"2024-11-23 00:00:00","[""AT"",""BE"",""BG"",""CY"",""CZ"",""DE"",""DK"",""EE"",""ES"",""FI"",""FR"",""GR"",""HR"",""HU"",""IE"",""IT"",""LI"",""LT"",""LU"",""LV"",""MT"",""NL"",""NO"",""PL"",""PT"",""RO"",""SE"",""SI"",""SK""]","2024-11-23 00:00:00","The decision was taken pursuant to own-initiative investigations.",SOURCE_VOLUNTARY,,Yes,AUTOMATED_DECISION_FULLY,TikTok,7440371844542159648,"2024-11-23 07:22:49"
33b2b233-a717-4819-8d2c-19eb9acd7b1d,"[""DECISION_VISIBILITY_OTHER""]","Video not eligible for recommendation in the For You feed",,,,,,,,,,DECISION_GROUND_INCOMPATIBLE_CONTENT,,,,"Community Guidelines","We maintain content eligibility standards for the For You feed (FYF) that prioritize safety and are informed by the diversity of our community and cultural norms. We make ineligible for the FYF certain content that may not be appropriate for a broad audience related to: (1) Behavioral Health, (2) Sensitive and Mature Themes, (3) Integrity and Authenticity, and (4) Regulated Goods. Content that is ineligible for the FYF can still be discovered in other ways, such as through search tools or by following an account.We proactively enforce our Community Guidelines through a mix of technology and human moderation. We have detected this policy violation using automated measures. We have used automated measures in making this decision.",,STATEMENT_CATEGORY_SCOPE_OF_PLATFORM_SERVICE,,,,"[""CONTENT_TYPE_VIDEO""]",,,"2024-11-23 00:00:00","[""AT"",""BE"",""BG"",""CY"",""CZ"",""DE"",""DK"",""EE"",""ES"",""FI"",""FR"",""GR"",""HR"",""HU"",""IE"",""IT"",""LI"",""LT"",""LU"",""LV"",""MT"",""NL"",""NO"",""PL"",""PT"",""RO"",""SE"",""SI"",""SK""]","2024-11-23 00:00:00","The decision was taken pursuant to own-initiative investigations.",SOURCE_VOLUNTARY,,Yes,AUTOMATED_DECISION_FULLY,TikTok,7440371844542176032,"2024-11-23 07:22:49"
33cbbd25-1544-4c0d-98e3-fc56b814ea47,"[""DECISION_VISIBILITY_OTHER""]","Video not eligible for recommendation in the For You feed",,,,,,,,,,DECISION_GROUND_INCOMPATIBLE_CONTENT,,,,"Dangerous Activities and Challenges","Most activities or challenges are appropriate for everyone, but some carry a risk of significant injury. Content is ineligible for the For You feed if it involves activities that are likely to lead to moderate physical harm, or includes professionals who are performing extreme sports and stunts that may endanger others.We proactively enforce our Community Guidelines through a mix of technology and human moderation. We have detected this policy violation using automated measures. We have used automated measures in making this decision.",,STATEMENT_CATEGORY_SCOPE_OF_PLATFORM_SERVICE,,,,"[""CONTENT_TYPE_VIDEO""]",,,"2024-11-23 00:00:00","[""AT"",""BE"",""BG"",""CY"",""CZ"",""DE"",""DK"",""EE"",""ES"",""FI"",""FR"",""GR"",""HR"",""HU"",""IE"",""IT"",""LI"",""LT"",""LU"",""LV"",""MT"",""NL"",""NO"",""PL"",""PT"",""RO"",""SE"",""SI"",""SK""]","2024-11-23 00:00:00","The decision was taken pursuant to own-initiative investigations.",SOURCE_VOLUNTARY,,Yes,AUTOMATED_DECISION_FULLY,TikTok,7440371844881931041,"2024-11-23 07:22:49"
306af9cc-ca52-4702-add7-c9f20dc63c9e,"[""DECISION_VISIBILITY_CONTENT_REMOVED""]",,,,,,,,,,,DECISION_GROUND_INCOMPATIBLE_CONTENT,,,,"Sexual Exploitation and Gender-Based Violence","We are committed to providing a space that embraces gender equity, supports healthy relationships, and respects intimate privacy. We do not allow sexual exploitation or gender-based violence, including non-consensual sexual acts, image-based sexual abuse, sextortion, physical abuse, and sexual harassment.We proactively enforce our Community Guidelines through a mix of technology and human moderation. We have detected this policy violation using automated measures. We have used automated measures in making this decision.",,STATEMENT_CATEGORY_VIOLENCE,,,,"[""CONTENT_TYPE_TEXT""]",,,"2024-11-23 00:00:00","[""AT"",""BE"",""BG"",""CY"",""CZ"",""DE"",""DK"",""EE"",""ES"",""FI"",""FR"",""GR"",""HR"",""HU"",""IE"",""IT"",""LI"",""LT"",""LU"",""LV"",""MT"",""NL"",""NO"",""PL"",""PT"",""RO"",""SE"",""SI"",""SK""]","2024-11-23 00:00:00","The decision was taken pursuant to own-initiative investigations.",SOURCE_VOLUNTARY,,Yes,AUTOMATED_DECISION_FULLY,TikTok,7440371844542192416,"2024-11-23 07:22:49"
f36e05eb-1352-4ee1-a94d-969f5dc54d3c,"[""DECISION_VISIBILITY_OTHER""]","Photo not eligible for recommendation in the For You feed",,,,,,,,,,DECISION_GROUND_INCOMPATIBLE_CONTENT,,,,"Sexually Suggestive Content","We are mindful that certain behaviors related to sexual arousal or suggestiveness may be offensive to some people and may put young people at risk of exploitation. Content is ineligible for the For You feed and harder to find in search if it shows sex products or intends to sexually arouse (such as intimate kissing, sexualized posing, and seductive performances or allusions to sexual activity by adults). We proactively enforce our Community Guidelines through a mix of technology and human moderation. We have detected this policy violation using automated measures.",,STATEMENT_CATEGORY_SCOPE_OF_PLATFORM_SERVICE,,,,"[""CONTENT_TYPE_IMAGE""]",,,"2024-11-22 00:00:00","[""AT"",""BE"",""BG"",""CY"",""CZ"",""DE"",""DK"",""EE"",""ES"",""FI"",""FR"",""GR"",""HR"",""HU"",""IE"",""IT"",""LI"",""LT"",""LU"",""LV"",""MT"",""NL"",""NO"",""PL"",""PT"",""RO"",""SE"",""SI"",""SK""]","2024-11-23 00:00:00","The decision was taken pursuant to own-initiative investigations.",SOURCE_VOLUNTARY,,Yes,AUTOMATED_DECISION_NOT_AUTOMATED,TikTok,7440371844881947425,"2024-11-23 07:22:49"
7bebc6bc-19ca-43e2-a3f1-d68a0cb555b1,"[""DECISION_VISIBILITY_OTHER""]","Video not eligible for recommendation in the For You feed",,,,,,,,,,DECISION_GROUND_INCOMPATIBLE_CONTENT,,,,"Alcohol, Tobacco, and Drugs","While adults make personal choices about how they engage with alcohol, drugs, and tobacco, we recognize that there are risks connected to trading and using these substances. Content is ineligible for the For You feed and harder to find in search if it shows adults consuming excessive amounts of alcohol or tobacco products.We proactively enforce our Community Guidelines through a mix of technology and human moderation. We have detected this policy violation using automated measures. We have used automated measures in making this decision.",,STATEMENT_CATEGORY_SCOPE_OF_PLATFORM_SERVICE,,,,"[""CONTENT_TYPE_VIDEO""]",,,"2024-11-23 00:00:00","[""AT"",""BE"",""BG"",""CY"",""CZ"",""DE"",""DK"",""EE"",""ES"",""FI"",""FR"",""GR"",""HR"",""HU"",""IE"",""IT"",""LI"",""LT"",""LU"",""LV"",""MT"",""NL"",""NO"",""PL"",""PT"",""RO"",""SE"",""SI"",""SK""]","2024-11-23 00:00:00","The decision was taken pursuant to own-initiative investigations.",SOURCE_VOLUNTARY,,Yes,AUTOMATED_DECISION_FULLY,TikTok,7440371844542208800,"2024-11-23 07:22:49"
c5977335-bb4d-4def-a834-2aa90446e56d,"[""DECISION_VISIBILITY_OTHER""]","Video not eligible for recommendation in the For You feed",,,,,,,,,,DECISION_GROUND_INCOMPATIBLE_CONTENT,,,,"Community Guidelines","We maintain content eligibility standards for the For You feed (FYF) that prioritize safety and are informed by the diversity of our community and cultural norms. We make ineligible for the FYF certain content that may not be appropriate for a broad audience related to: (1) Behavioral Health, (2) Sensitive and Mature Themes, (3) Integrity and Authenticity, and (4) Regulated Goods. Content that is ineligible for the FYF can still be discovered in other ways, such as through search tools or by following an account.We proactively enforce our Community Guidelines through a mix of technology and human moderation. We have detected this policy violation using automated measures. We have used automated measures in making this decision.",,STATEMENT_CATEGORY_SCOPE_OF_PLATFORM_SERVICE,,,,"[""CONTENT_TYPE_VIDEO""]",,,"2024-11-23 00:00:00","[""AT"",""BE"",""BG"",""CY"",""CZ"",""DE"",""DK"",""EE"",""ES"",""FI"",""FR"",""GR"",""HR"",""HU"",""IE"",""IT"",""LI"",""LT"",""LU"",""LV"",""MT"",""NL"",""NO"",""PL"",""PT"",""RO"",""SE"",""SI"",""SK""]","2024-11-23 00:00:00","The decision was taken pursuant to own-initiative investigations.",SOURCE_VOLUNTARY,,Yes,AUTOMATED_DECISION_FULLY,TikTok,7440371844881963809,"2024-11-23 07:22:49"
d3acff14-7d50-414a-b89e-a49bbd2823ad,"[""DECISION_VISIBILITY_CONTENT_REMOVED""]",,,,,,,,,,,DECISION_GROUND_INCOMPATIBLE_CONTENT,,,,"Harassment and Bullying","We welcome the respectful expression of different viewpoints, but not toxicity or trolling. We do not allow language or behavior that harasses, humiliates, threatens, or doxes anyone. This also includes responding to such acts with retaliatory harassment (but excludes non-harassing counterspeech).We proactively enforce our Community Guidelines through a mix of technology and human moderation. We have detected this policy violation using automated measures. We have used automated measures in making this decision.",,STATEMENT_CATEGORY_ILLEGAL_OR_HARMFUL_SPEECH,,,,"[""CONTENT_TYPE_TEXT""]",,,"2024-11-23 00:00:00","[""AT"",""BE"",""BG"",""CY"",""CZ"",""DE"",""DK"",""EE"",""ES"",""FI"",""FR"",""GR"",""HR"",""HU"",""IE"",""IT"",""LI"",""LT"",""LU"",""LV"",""MT"",""NL"",""NO"",""PL"",""PT"",""RO"",""SE"",""SI"",""SK""]","2024-11-23 00:00:00","The decision was taken pursuant to own-initiative investigations.",SOURCE_VOLUNTARY,,Yes,AUTOMATED_DECISION_FULLY,TikTok,7440371844542225184,"2024-11-23 07:22:49"
f69b978a-bcfb-4afb-a7ce-cff2296ff41d,"[""DECISION_VISIBILITY_CONTENT_REMOVED""]",,,,,,,,,,,DECISION_GROUND_INCOMPATIBLE_CONTENT,,,,"Firearms and Dangerous Weapons","TikTok can be a place that educates people on the responsible use and ownership of weapons, as well as the associated potential for serious harm. Firearms and explosive weapons can cause severe injury or death, especially when used in an unsafe manner. We do not allow the trade of firearms or explosive weapons, or content showing or promoting them if they are not used in a safe or appropriate setting.We proactively enforce our Community Guidelines through a mix of technology and human moderation. We have detected this policy violation using automated measures. We have used automated measures in making this decision.",,STATEMENT_CATEGORY_SCOPE_OF_PLATFORM_SERVICE,,,,"[""CONTENT_TYPE_VIDEO""]",,,"2024-11-23 00:00:00","[""AT"",""BE"",""BG"",""CY"",""CZ"",""DE"",""DK"",""EE"",""ES"",""FI"",""FR"",""GR"",""HR"",""HU"",""IE"",""IT"",""LI"",""LT"",""LU"",""LV"",""MT"",""NL"",""NO"",""PL"",""PT"",""RO"",""SE"",""SI"",""SK""]","2024-11-23 00:00:00","The decision was taken pursuant to own-initiative investigations.",SOURCE_VOLUNTARY,,Yes,AUTOMATED_DECISION_FULLY,TikTok,7440371844542241568,"2024-11-23 07:22:49"
9521bf20-10bd-45e8-b941-1b33bcda9ccd,"[""DECISION_VISIBILITY_CONTENT_REMOVED""]",,,,,,,,,,,DECISION_GROUND_INCOMPATIBLE_CONTENT,,,,"Harassment and Bullying","We welcome the respectful expression of different viewpoints, but not toxicity or trolling. We do not allow language or behavior that harasses, humiliates, threatens, or doxes anyone. This also includes responding to such acts with retaliatory harassment (but excludes non-harassing counterspeech).We proactively enforce our Community Guidelines through a mix of technology and human moderation. We have detected this policy violation using automated measures. We have used automated measures in making this decision.",,STATEMENT_CATEGORY_ILLEGAL_OR_HARMFUL_SPEECH,,,,"[""CONTENT_TYPE_TEXT""]",,,"2024-11-23 00:00:00","[""AT"",""BE"",""BG"",""CY"",""CZ"",""DE"",""DK"",""EE"",""ES"",""FI"",""FR"",""GR"",""HR"",""HU"",""IE"",""IT"",""LI"",""LT"",""LU"",""LV"",""MT"",""NL"",""NO"",""PL"",""PT"",""RO"",""SE"",""SI"",""SK""]","2024-11-23 00:00:00","The decision was taken pursuant to own-initiative investigations.",SOURCE_VOLUNTARY,,Yes,AUTOMATED_DECISION_FULLY,TikTok,7440371846979033888,"2024-11-23 07:22:51"
78d264cb-370f-4088-b1eb-16b45578ccc9,"[""DECISION_VISIBILITY_CONTENT_REMOVED""]",,,,,,,,,,,DECISION_GROUND_INCOMPATIBLE_CONTENT,,,,"Harassment and Bullying","We welcome the respectful expression of different viewpoints, but not toxicity or trolling. We do not allow language or behavior that harasses, humiliates, threatens, or doxes anyone. This also includes responding to such acts with retaliatory harassment (but excludes non-harassing counterspeech).We proactively enforce our Community Guidelines through a mix of technology and human moderation. We have detected this policy violation using automated measures. We have used automated measures in making this decision.",,STATEMENT_CATEGORY_ILLEGAL_OR_HARMFUL_SPEECH,,,,"[""CONTENT_TYPE_TEXT""]",,,"2024-11-23 00:00:00","[""AT"",""BE"",""BG"",""CY"",""CZ"",""DE"",""DK"",""EE"",""ES"",""FI"",""FR"",""GR"",""HR"",""HU"",""IE"",""IT"",""LI"",""LT"",""LU"",""LV"",""MT"",""NL"",""NO"",""PL"",""PT"",""RO"",""SE"",""SI"",""SK""]","2024-11-23 00:00:00","The decision was taken pursuant to own-initiative investigations.",SOURCE_VOLUNTARY,,Yes,AUTOMATED_DECISION_FULLY,TikTok,7440371848988089120,"2024-11-23 07:22:51"
f0ba907e-f1d5-413d-a15e-6302df0d5c2e,"[""DECISION_VISIBILITY_CONTENT_REMOVED""]",,,,,,,,,,,DECISION_GROUND_INCOMPATIBLE_CONTENT,,,,"Sexual Exploitation and Gender-Based Violence","We are committed to providing a space that embraces gender equity, supports healthy relationships, and respects intimate privacy. We do not allow sexual exploitation or gender-based violence, including non-consensual sexual acts, image-based sexual abuse, sextortion, physical abuse, and sexual harassment.We proactively enforce our Community Guidelines through a mix of technology and human moderation. We have detected this policy violation using automated measures. We have used automated measures in making this decision.",,STATEMENT_CATEGORY_VIOLENCE,,,,"[""CONTENT_TYPE_TEXT""]",,,"2024-11-23 00:00:00","[""AT"",""BE"",""BG"",""CY"",""CZ"",""DE"",""DK"",""EE"",""ES"",""FI"",""FR"",""GR"",""HR"",""HU"",""IE"",""IT"",""LI"",""LT"",""LU"",""LV"",""MT"",""NL"",""NO"",""PL"",""PT"",""RO"",""SE"",""SI"",""SK""]","2024-11-23 00:00:00","The decision was taken pursuant to own-initiative investigations.",SOURCE_VOLUNTARY,,Yes,AUTOMATED_DECISION_FULLY,TikTok,7440371846979050272,"2024-11-23 07:22:51"
9d63512f-bace-48c8-8455-0691dec3ec96,"[""DECISION_VISIBILITY_CONTENT_REMOVED""]",,,,,,,,,,,DECISION_GROUND_INCOMPATIBLE_CONTENT,,,,"Harassment and Bullying","We welcome the respectful expression of different viewpoints, but not toxicity or trolling. We do not allow language or behavior that harasses, humiliates, threatens, or doxes anyone. This also includes responding to such acts with retaliatory harassment (but excludes non-harassing counterspeech).We proactively enforce our Community Guidelines through a mix of technology and human moderation. We have detected this policy violation using automated measures. We have used automated measures in making this decision.",,STATEMENT_CATEGORY_ILLEGAL_OR_HARMFUL_SPEECH,,,,"[""CONTENT_TYPE_TEXT""]",,,"2024-11-23 00:00:00","[""AT"",""BE"",""BG"",""CY"",""CZ"",""DE"",""DK"",""EE"",""ES"",""FI"",""FR"",""GR"",""HR"",""HU"",""IE"",""IT"",""LI"",""LT"",""LU"",""LV"",""MT"",""NL"",""NO"",""PL"",""PT"",""RO"",""SE"",""SI"",""SK""]","2024-11-23 00:00:00","The decision was taken pursuant to own-initiative investigations.",SOURCE_VOLUNTARY,,Yes,AUTOMATED_DECISION_FULLY,TikTok,7440371846979066656,"2024-11-23 07:22:51"
bf6c2e1e-0d67-4d1a-9324-5d4344578cd1,"[""DECISION_VISIBILITY_CONTENT_REMOVED""]",,,,,,,,,,,DECISION_GROUND_INCOMPATIBLE_CONTENT,,,,"Harassment and Bullying","We welcome the respectful expression of different viewpoints, but not toxicity or trolling. We do not allow language or behavior that harasses, humiliates, threatens, or doxes anyone. This also includes responding to such acts with retaliatory harassment (but excludes non-harassing counterspeech).Users and 3rd-parties can report policy violations to us. We have detected this policy violation based on a report that the content violated our Community Guidelines.",,STATEMENT_CATEGORY_ILLEGAL_OR_HARMFUL_SPEECH,,,,"[""CONTENT_TYPE_TEXT""]",,,"2024-11-22 00:00:00","[""AT"",""BE"",""BG"",""CY"",""CZ"",""DE"",""DK"",""EE"",""ES"",""FI"",""FR"",""GR"",""HR"",""HU"",""IE"",""IT"",""LI"",""LT"",""LU"",""LV"",""MT"",""NL"",""NO"",""PL"",""PT"",""RO"",""SE"",""SI"",""SK""]","2024-11-23 00:00:00","The decision was taken in response to a report alleging a violation of our Community Guidelines.",SOURCE_VOLUNTARY,,No,AUTOMATED_DECISION_NOT_AUTOMATED,TikTok,7440371848988105504,"2024-11-23 07:22:51"
055fb54e-26db-4e0d-895e-e62980b9eb4f,"[""DECISION_VISIBILITY_OTHER""]","Video not eligible for recommendation in the For You feed",,,,,,,,,,DECISION_GROUND_INCOMPATIBLE_CONTENT,,,,"Community Guidelines","Your content is against our Community Guidelines. The guidelines include rules and standards for using TikTok that apply to everyone and everything on our platform.",,STATEMENT_CATEGORY_SCOPE_OF_PLATFORM_SERVICE,,,,"[""CONTENT_TYPE_VIDEO""]",,,"2024-11-23 00:00:00","[""AT"",""BE"",""BG"",""CY"",""CZ"",""DE"",""DK"",""EE"",""ES"",""FI"",""FR"",""GR"",""HR"",""HU"",""IE"",""IT"",""LI"",""LT"",""LU"",""LV"",""MT"",""NL"",""NO"",""PL"",""PT"",""RO"",""SE"",""SI"",""SK""]","2024-11-23 00:00:00","The decision was taken pursuant to own-initiative investigations.",SOURCE_VOLUNTARY,,Yes,AUTOMATED_DECISION_FULLY,TikTok,7440371848988121888,"2024-11-23 07:22:51"
36660402-56bf-4a67-9318-12b20ac0940f,"[""DECISION_VISIBILITY_CONTENT_REMOVED""]",,,,,,,,,,,DECISION_GROUND_INCOMPATIBLE_CONTENT,,,,"Harassment and Bullying","We welcome the respectful expression of different viewpoints, but not toxicity or trolling. We do not allow language or behavior that harasses, humiliates, threatens, or doxes anyone. This also includes responding to such acts with retaliatory harassment (but excludes non-harassing counterspeech).We proactively enforce our Community Guidelines through a mix of technology and human moderation. We have detected this policy violation using automated measures. We have used automated measures in making this decision.",,STATEMENT_CATEGORY_ILLEGAL_OR_HARMFUL_SPEECH,,,,"[""CONTENT_TYPE_TEXT""]",,,"2024-11-23 00:00:00","[""AT"",""BE"",""BG"",""CY"",""CZ"",""DE"",""DK"",""EE"",""ES"",""FI"",""FR"",""GR"",""HR"",""HU"",""IE"",""IT"",""LI"",""LT"",""LU"",""LV"",""MT"",""NL"",""NO"",""PL"",""PT"",""RO"",""SE"",""SI"",""SK""]","2024-11-23 00:00:00","The decision was taken pursuant to own-initiative investigations.",SOURCE_VOLUNTARY,,Yes,AUTOMATED_DECISION_FULLY,TikTok,7440371846979083040,"2024-11-23 07:22:51"
8a28ff98-215f-4ef9-9a89-74a74c1d5c1b,"[""DECISION_VISIBILITY_OTHER""]","Video not eligible for recommendation in the For You feed",,,,,,,,,,DECISION_GROUND_INCOMPATIBLE_CONTENT,,,,"Community Guidelines","Your content is against our Community Guidelines. The guidelines include rules and standards for using TikTok that apply to everyone and everything on our platform.",,STATEMENT_CATEGORY_SCOPE_OF_PLATFORM_SERVICE,,,,"[""CONTENT_TYPE_VIDEO""]",,,"2024-11-23 00:00:00","[""AT"",""BE"",""BG"",""CY"",""CZ"",""DE"",""DK"",""EE"",""ES"",""FI"",""FR"",""GR"",""HR"",""HU"",""IE"",""IT"",""LI"",""LT"",""LU"",""LV"",""MT"",""NL"",""NO"",""PL"",""PT"",""RO"",""SE"",""SI"",""SK""]","2024-11-23 00:00:00","The decision was taken pursuant to own-initiative investigations.",SOURCE_VOLUNTARY,,Yes,AUTOMATED_DECISION_FULLY,TikTok,7440371846979099424,"2024-11-23 07:22:51"
2aba4295-a082-4281-8bff-66a36d0119ef,"[""DECISION_VISIBILITY_CONTENT_REMOVED""]",,,,,,,,,,,DECISION_GROUND_INCOMPATIBLE_CONTENT,,,,"Harassment and Bullying","We welcome the respectful expression of different viewpoints, but not toxicity or trolling. We do not allow language or behavior that harasses, humiliates, threatens, or doxes anyone. This also includes responding to such acts with retaliatory harassment (but excludes non-harassing counterspeech).We proactively enforce our Community Guidelines through a mix of technology and human moderation. We have detected this policy violation using automated measures. We have used automated measures in making this decision.",,STATEMENT_CATEGORY_ILLEGAL_OR_HARMFUL_SPEECH,,,,"[""CONTENT_TYPE_TEXT""]",,,"2024-11-23 00:00:00","[""AT"",""BE"",""BG"",""CY"",""CZ"",""DE"",""DK"",""EE"",""ES"",""FI"",""FR"",""GR"",""HR"",""HU"",""IE"",""IT"",""LI"",""LT"",""LU"",""LV"",""MT"",""NL"",""NO"",""PL"",""PT"",""RO"",""SE"",""SI"",""SK""]","2024-11-23 00:00:00","The decision was taken pursuant to own-initiative investigations.",SOURCE_VOLUNTARY,,Yes,AUTOMATED_DECISION_FULLY,TikTok,7440371846979115808,"2024-11-23 07:22:51"
fcb37706-808b-407c-b04e-6511c969c3e0,"[""DECISION_VISIBILITY_CONTENT_REMOVED""]",,,,,,,,,,,DECISION_GROUND_INCOMPATIBLE_CONTENT,,,,"Harassment and Bullying","We welcome the respectful expression of different viewpoints, but not toxicity or trolling. We do not allow language or behavior that harasses, humiliates, threatens, or doxes anyone. This also includes responding to such acts with retaliatory harassment (but excludes non-harassing counterspeech).We proactively enforce our Community Guidelines through a mix of technology and human moderation. We have detected this policy violation using automated measures. We have used automated measures in making this decision.",,STATEMENT_CATEGORY_ILLEGAL_OR_HARMFUL_SPEECH,,,,"[""CONTENT_TYPE_TEXT""]",,,"2024-11-23 00:00:00","[""AT"",""BE"",""BG"",""CY"",""CZ"",""DE"",""DK"",""EE"",""ES"",""FI"",""FR"",""GR"",""HR"",""HU"",""IE"",""IT"",""LI"",""LT"",""LU"",""LV"",""MT"",""NL"",""NO"",""PL"",""PT"",""RO"",""SE"",""SI"",""SK""]","2024-11-23 00:00:00","The decision was taken pursuant to own-initiative investigations.",SOURCE_VOLUNTARY,,Yes,AUTOMATED_DECISION_FULLY,TikTok,7440371848988138272,"2024-11-23 07:22:51"
41322456-81c0-441e-b8a7-a60bf96397a0,"[""DECISION_VISIBILITY_CONTENT_REMOVED""]",,,,,,,,,,,DECISION_GROUND_INCOMPATIBLE_CONTENT,,,,"Harassment and Bullying","We welcome the respectful expression of different viewpoints, but not toxicity or trolling. We do not allow language or behavior that harasses, humiliates, threatens, or doxes anyone. This also includes responding to such acts with retaliatory harassment (but excludes non-harassing counterspeech).We proactively enforce our Community Guidelines through a mix of technology and human moderation. We have detected this policy violation using automated measures. We have used automated measures in making this decision.",,STATEMENT_CATEGORY_ILLEGAL_OR_HARMFUL_SPEECH,,,,"[""CONTENT_TYPE_TEXT""]",,,"2024-11-23 00:00:00","[""AT"",""BE"",""BG"",""CY"",""CZ"",""DE"",""DK"",""EE"",""ES"",""FI"",""FR"",""GR"",""HR"",""HU"",""IE"",""IT"",""LI"",""LT"",""LU"",""LV"",""MT"",""NL"",""NO"",""PL"",""PT"",""RO"",""SE"",""SI"",""SK""]","2024-11-23 00:00:00","The decision was taken pursuant to own-initiative investigations.",SOURCE_VOLUNTARY,,Yes,AUTOMATED_DECISION_FULLY,TikTok,7440371846979132192,"2024-11-23 07:22:51"
e4963f16-3d5f-4ac4-9425-e23852a5ebf7,"[""DECISION_VISIBILITY_CONTENT_REMOVED""]",,,,,,,,,,,DECISION_GROUND_INCOMPATIBLE_CONTENT,,,,"Harassment and Bullying","We welcome the respectful expression of different viewpoints, but not toxicity or trolling. We do not allow language or behavior that harasses, humiliates, threatens, or doxes anyone. This also includes responding to such acts with retaliatory harassment (but excludes non-harassing counterspeech).We proactively enforce our Community Guidelines through a mix of technology and human moderation. We have detected this policy violation using automated measures. We have used automated measures in making this decision.",,STATEMENT_CATEGORY_ILLEGAL_OR_HARMFUL_SPEECH,,,,"[""CONTENT_TYPE_TEXT""]",,,"2024-11-23 00:00:00","[""AT"",""BE"",""BG"",""CY"",""CZ"",""DE"",""DK"",""EE"",""ES"",""FI"",""FR"",""GR"",""HR"",""HU"",""IE"",""IT"",""LI"",""LT"",""LU"",""LV"",""MT"",""NL"",""NO"",""PL"",""PT"",""RO"",""SE"",""SI"",""SK""]","2024-11-23 00:00:00","The decision was taken pursuant to own-initiative investigations.",SOURCE_VOLUNTARY,,Yes,AUTOMATED_DECISION_FULLY,TikTok,7440371848988154656,"2024-11-23 07:22:51"
474d13ac-7c45-44a3-9036-1e7f873eef92,"[""DECISION_VISIBILITY_OTHER""]","Video not eligible for recommendation in the For You feed",,,,,,,,,,DECISION_GROUND_INCOMPATIBLE_CONTENT,,,,"Community Guidelines","We maintain content eligibility standards for the For You feed (FYF) that prioritize safety and are informed by the diversity of our community and cultural norms. We make ineligible for the FYF certain content that may not be appropriate for a broad audience related to: (1) Behavioral Health, (2) Sensitive and Mature Themes, (3) Integrity and Authenticity, and (4) Regulated Goods. Content that is ineligible for the FYF can still be discovered in other ways, such as through search tools or by following an account.We proactively enforce our Community Guidelines through a mix of technology and human moderation. We have detected this policy violation using automated measures. We have used automated measures in making this decision.",,STATEMENT_CATEGORY_SCOPE_OF_PLATFORM_SERVICE,,,,"[""CONTENT_TYPE_VIDEO""]",,,"2024-11-23 00:00:00","[""AT"",""BE"",""BG"",""CY"",""CZ"",""DE"",""DK"",""EE"",""ES"",""FI"",""FR"",""GR"",""HR"",""HU"",""IE"",""IT"",""LI"",""LT"",""LU"",""LV"",""MT"",""NL"",""NO"",""PL"",""PT"",""RO"",""SE"",""SI"",""SK""]","2024-11-23 00:00:00","The decision was taken pursuant to own-initiative investigations.",SOURCE_VOLUNTARY,,Yes,AUTOMATED_DECISION_FULLY,TikTok,7440371846979148576,"2024-11-23 07:22:51"
9f5f7452-17dc-42cb-8e4e-63d12a81d8d9,"[""DECISION_VISIBILITY_CONTENT_REMOVED""]",,,,,,,,,,,DECISION_GROUND_INCOMPATIBLE_CONTENT,,,,"Spam and Deceptive Account Behaviors","To build a trusted community online, it is important that the behaviors and identities of accounts are authentic and truthful. We do not allow account behaviors that may spam or mislead our community. We will restrict the visibility of comments that contain excessive or irrelevant spam content. We proactively enforce our Community Guidelines through a mix of technology and human moderation. We have detected this policy violation using automated measures. We have used automated measures in making this decision.",,STATEMENT_CATEGORY_SCAMS_AND_FRAUD,,,,"[""CONTENT_TYPE_TEXT""]",,,"2024-11-23 00:00:00","[""AT"",""BE"",""BG"",""CY"",""CZ"",""DE"",""DK"",""EE"",""ES"",""FI"",""FR"",""GR"",""HR"",""HU"",""IE"",""IT"",""LI"",""LT"",""LU"",""LV"",""MT"",""NL"",""NO"",""PL"",""PT"",""RO"",""SE"",""SI"",""SK""]","2024-11-23 00:00:00","The decision was taken pursuant to own-initiative investigations.",SOURCE_VOLUNTARY,,Yes,AUTOMATED_DECISION_FULLY,TikTok,7440371848988171040,"2024-11-23 07:22:51"
8d85f2dd-b885-4e2f-8f96-52738d4452c6,"[""DECISION_VISIBILITY_CONTENT_REMOVED""]",,,,,,,,,,,DECISION_GROUND_INCOMPATIBLE_CONTENT,,,,"Hate Speech and Hateful Behaviors","TikTok is enriched by the various backgrounds of our community members. Our differences should be respected, rather than a cause for division. We do not allow any hateful behavior, hate speech, or promotion of hateful ideologies. This includes content that attacks a person or group because of protected attributes.We proactively enforce our Community Guidelines through a mix of technology and human moderation. We have detected this policy violation using automated measures. We have used automated measures in making this decision.",,STATEMENT_CATEGORY_ILLEGAL_OR_HARMFUL_SPEECH,,,,"[""CONTENT_TYPE_TEXT""]",,,"2024-11-23 00:00:00","[""AT"",""BE"",""BG"",""CY"",""CZ"",""DE"",""DK"",""EE"",""ES"",""FI"",""FR"",""GR"",""HR"",""HU"",""IE"",""IT"",""LI"",""LT"",""LU"",""LV"",""MT"",""NL"",""NO"",""PL"",""PT"",""RO"",""SE"",""SI"",""SK""]","2024-11-23 00:00:00","The decision was taken pursuant to own-initiative investigations.",SOURCE_VOLUNTARY,,Yes,AUTOMATED_DECISION_FULLY,TikTok,7440371848988187424,"2024-11-23 07:22:51"
068e160e-1696-4ba0-a3c7-96c08b35abe2,"[""DECISION_VISIBILITY_OTHER""]","Video not eligible for recommendation in the For You feed",,,,,,,,,,DECISION_GROUND_INCOMPATIBLE_CONTENT,,,,"Community Guidelines","We maintain content eligibility standards for the For You feed (FYF) that prioritize safety and are informed by the diversity of our community and cultural norms. We make ineligible for the FYF certain content that may not be appropriate for a broad audience related to: (1) Behavioral Health, (2) Sensitive and Mature Themes, (3) Integrity and Authenticity, and (4) Regulated Goods. Content that is ineligible for the FYF can still be discovered in other ways, such as through search tools or by following an account.We proactively enforce our Community Guidelines through a mix of technology and human moderation. We have detected this policy violation using automated measures. We have used automated measures in making this decision.",,STATEMENT_CATEGORY_SCOPE_OF_PLATFORM_SERVICE,,,,"[""CONTENT_TYPE_VIDEO""]",,,"2024-11-23 00:00:00","[""AT"",""BE"",""BG"",""CY"",""CZ"",""DE"",""DK"",""EE"",""ES"",""FI"",""FR"",""GR"",""HR"",""HU"",""IE"",""IT"",""LI"",""LT"",""LU"",""LV"",""MT"",""NL"",""NO"",""PL"",""PT"",""RO"",""SE"",""SI"",""SK""]","2024-11-23 00:00:00","The decision was taken pursuant to own-initiative investigations.",SOURCE_VOLUNTARY,,Yes,AUTOMATED_DECISION_FULLY,TikTok,7440371848988203808,"2024-11-23 07:22:51"
88729298-a9f4-4d47-9018-85584997e2ee,"[""DECISION_VISIBILITY_CONTENT_REMOVED""]",,,,,,,,,,,DECISION_GROUND_INCOMPATIBLE_CONTENT,,,,"Sexual Activity and Services","TikTok is a place where people can come to discuss or learn about sexuality, sex or reproductive health. We are mindful that certain content involving sexuality, sex or reproductive health may not be appropriate for young people, be considered offensive by some, or create the potential for exploitation. We do not allow sexual activity or services, including sex, sexual arousal, fetish and kink behavior, and seeking or offering sexual services.We proactively enforce our Community Guidelines through a mix of technology and human moderation. We have detected this policy violation using automated measures. We have used automated measures in making this decision.",,STATEMENT_CATEGORY_PORNOGRAPHY_OR_SEXUALIZED_CONTENT,,,,"[""CONTENT_TYPE_TEXT""]",,,"2024-11-23 00:00:00","[""AT"",""BE"",""BG"",""CY"",""CZ"",""DE"",""DK"",""EE"",""ES"",""FI"",""FR"",""GR"",""HR"",""HU"",""IE"",""IT"",""LI"",""LT"",""LU"",""LV"",""MT"",""NL"",""NO"",""PL"",""PT"",""RO"",""SE"",""SI"",""SK""]","2024-11-23 00:00:00","The decision was taken pursuant to own-initiative investigations.",SOURCE_VOLUNTARY,,Yes,AUTOMATED_DECISION_FULLY,TikTok,7440371851311717152,"2024-11-23 07:22:51"
8a6289ec-3dff-4289-a32e-df91314cf903,"[""DECISION_VISIBILITY_OTHER""]","Video not eligible for recommendation in the For You feed",,,,,,,,,,DECISION_GROUND_INCOMPATIBLE_CONTENT,,,,"Community Guidelines","We maintain content eligibility standards for the For You feed (FYF) that prioritize safety and are informed by the diversity of our community and cultural norms. We make ineligible for the FYF certain content that may not be appropriate for a broad audience related to: (1) Behavioral Health, (2) Sensitive and Mature Themes, (3) Integrity and Authenticity, and (4) Regulated Goods. Content that is ineligible for the FYF can still be discovered in other ways, such as through search tools or by following an account.We proactively enforce our Community Guidelines through a mix of technology and human moderation. We have detected this policy violation using automated measures. We have used automated measures in making this decision.",,STATEMENT_CATEGORY_SCOPE_OF_PLATFORM_SERVICE,,,,"[""CONTENT_TYPE_VIDEO""]",,,"2024-11-23 00:00:00","[""AT"",""BE"",""BG"",""CY"",""CZ"",""DE"",""DK"",""EE"",""ES"",""FI"",""FR"",""GR"",""HR"",""HU"",""IE"",""IT"",""LI"",""LT"",""LU"",""LV"",""MT"",""NL"",""NO"",""PL"",""PT"",""RO"",""SE"",""SI"",""SK""]","2024-11-23 00:00:00","The decision was taken pursuant to own-initiative investigations.",SOURCE_VOLUNTARY,,Yes,AUTOMATED_DECISION_FULLY,TikTok,7440371851311733536,"2024-11-23 07:22:51"
996ad41f-c309-44f9-baf2-93918b69d45a,"[""DECISION_VISIBILITY_CONTENT_REMOVED""]",,,,,,,,,,,DECISION_GROUND_INCOMPATIBLE_CONTENT,,,,"Harassment and Bullying","We welcome the respectful expression of different viewpoints, but not toxicity or trolling. We do not allow language or behavior that harasses, humiliates, threatens, or doxes anyone. This also includes responding to such acts with retaliatory harassment (but excludes non-harassing counterspeech).We proactively enforce our Community Guidelines through a mix of technology and human moderation. We have detected this policy violation using automated measures. We have used automated measures in making this decision.",,STATEMENT_CATEGORY_ILLEGAL_OR_HARMFUL_SPEECH,,,,"[""CONTENT_TYPE_TEXT""]",,,"2024-11-23 00:00:00","[""AT"",""BE"",""BG"",""CY"",""CZ"",""DE"",""DK"",""EE"",""ES"",""FI"",""FR"",""GR"",""HR"",""HU"",""IE"",""IT"",""LI"",""LT"",""LU"",""LV"",""MT"",""NL"",""NO"",""PL"",""PT"",""RO"",""SE"",""SI"",""SK""]","2024-11-23 00:00:00","The decision was taken pursuant to own-initiative investigations.",SOURCE_VOLUNTARY,,Yes,AUTOMATED_DECISION_FULLY,TikTok,7440371851311749920,"2024-11-23 07:22:51"
777df097-5b62-466b-85eb-8c49e05b3060,"[""DECISION_VISIBILITY_CONTENT_REMOVED""]",,,,,,,,,,,DECISION_GROUND_INCOMPATIBLE_CONTENT,,,,"Harassment and Bullying","We welcome the respectful expression of different viewpoints, but not toxicity or trolling. We do not allow language or behavior that harasses, humiliates, threatens, or doxes anyone. This also includes responding to such acts with retaliatory harassment (but excludes non-harassing counterspeech).We proactively enforce our Community Guidelines through a mix of technology and human moderation. We have detected this policy violation using automated measures. We have used automated measures in making this decision.",,STATEMENT_CATEGORY_ILLEGAL_OR_HARMFUL_SPEECH,,,,"[""CONTENT_TYPE_TEXT""]",,,"2024-11-23 00:00:00","[""AT"",""BE"",""BG"",""CY"",""CZ"",""DE"",""DK"",""EE"",""ES"",""FI"",""FR"",""GR"",""HR"",""HU"",""IE"",""IT"",""LI"",""LT"",""LU"",""LV"",""MT"",""NL"",""NO"",""PL"",""PT"",""RO"",""SE"",""SI"",""SK""]","2024-11-23 00:00:00","The decision was taken pursuant to own-initiative investigations.",SOURCE_VOLUNTARY,,Yes,AUTOMATED_DECISION_FULLY,TikTok,7440371851311766304,"2024-11-23 07:22:51"
91c1ebb2-332a-428a-80a4-69380aa9b8d0,"[""DECISION_VISIBILITY_OTHER""]","Video not eligible for recommendation in the For You feed",,,,,,,,,,DECISION_GROUND_INCOMPATIBLE_CONTENT,,,,"Community Guidelines","We maintain content eligibility standards for the For You feed (FYF) that prioritize safety and are informed by the diversity of our community and cultural norms. We make ineligible for the FYF certain content that may not be appropriate for a broad audience related to: (1) Behavioral Health, (2) Sensitive and Mature Themes, (3) Integrity and Authenticity, and (4) Regulated Goods. Content that is ineligible for the FYF can still be discovered in other ways, such as through search tools or by following an account.We proactively enforce our Community Guidelines through a mix of technology and human moderation. We have detected this policy violation using automated measures. We have used automated measures in making this decision.",,STATEMENT_CATEGORY_SCOPE_OF_PLATFORM_SERVICE,,,,"[""CONTENT_TYPE_VIDEO""]",,,"2024-11-23 00:00:00","[""AT"",""BE"",""BG"",""CY"",""CZ"",""DE"",""DK"",""EE"",""ES"",""FI"",""FR"",""GR"",""HR"",""HU"",""IE"",""IT"",""LI"",""LT"",""LU"",""LV"",""MT"",""NL"",""NO"",""PL"",""PT"",""RO"",""SE"",""SI"",""SK""]","2024-11-23 00:00:00","The decision was taken pursuant to own-initiative investigations.",SOURCE_VOLUNTARY,,Yes,AUTOMATED_DECISION_FULLY,TikTok,7440371848988220192,"2024-11-23 07:22:51"
977005be-bd25-41b8-ab6f-1bc116158b7e,"[""DECISION_VISIBILITY_OTHER""]","Video not eligible for recommendation in the For You feed",,,,,,,,,,DECISION_GROUND_INCOMPATIBLE_CONTENT,,,,"Alcohol, Tobacco, and Drugs","While adults make personal choices about how they engage with alcohol, drugs, and tobacco, we recognize that there are risks connected to trading and using these substances. Content is ineligible for the For You feed and harder to find in search if it shows adults consuming excessive amounts of alcohol or tobacco products.We proactively enforce our Community Guidelines through a mix of technology and human moderation. We have detected this policy violation using automated measures. We have used automated measures in making this decision.",,STATEMENT_CATEGORY_SCOPE_OF_PLATFORM_SERVICE,,,,"[""CONTENT_TYPE_VIDEO""]",,,"2024-11-23 00:00:00","[""AT"",""BE"",""BG"",""CY"",""CZ"",""DE"",""DK"",""EE"",""ES"",""FI"",""FR"",""GR"",""HR"",""HU"",""IE"",""IT"",""LI"",""LT"",""LU"",""LV"",""MT"",""NL"",""NO"",""PL"",""PT"",""RO"",""SE"",""SI"",""SK""]","2024-11-23 00:00:00","The decision was taken pursuant to own-initiative investigations.",SOURCE_VOLUNTARY,,Yes,AUTOMATED_DECISION_FULLY,TikTok,7440371851362048800,"2024-11-23 07:22:51"
09941513-6eb2-40d7-97f8-4062ca5cc889,"[""DECISION_VISIBILITY_CONTENT_REMOVED""]",,,,,,,,,,,DECISION_GROUND_INCOMPATIBLE_CONTENT,,,,"Harassment and Bullying","We welcome the respectful expression of different viewpoints, but not toxicity or trolling. We do not allow language or behavior that harasses, humiliates, threatens, or doxes anyone. This also includes responding to such acts with retaliatory harassment (but excludes non-harassing counterspeech).We proactively enforce our Community Guidelines through a mix of technology and human moderation. We have detected this policy violation using automated measures. We have used automated measures in making this decision.",,STATEMENT_CATEGORY_ILLEGAL_OR_HARMFUL_SPEECH,,,,"[""CONTENT_TYPE_TEXT""]",,,"2024-11-23 00:00:00","[""AT"",""BE"",""BG"",""CY"",""CZ"",""DE"",""DK"",""EE"",""ES"",""FI"",""FR"",""GR"",""HR"",""HU"",""IE"",""IT"",""LI"",""LT"",""LU"",""LV"",""MT"",""NL"",""NO"",""PL"",""PT"",""RO"",""SE"",""SI"",""SK""]","2024-11-23 00:00:00","The decision was taken pursuant to own-initiative investigations.",SOURCE_VOLUNTARY,,Yes,AUTOMATED_DECISION_FULLY,TikTok,7440371851362065184,"2024-11-23 07:22:51"
f2f62985-064f-45cb-b66c-c14fc92ffbb8,"[""DECISION_VISIBILITY_CONTENT_REMOVED""]",,,,,,,,,,,DECISION_GROUND_INCOMPATIBLE_CONTENT,,,,"Harassment and Bullying","We welcome the respectful expression of different viewpoints, but not toxicity or trolling. We do not allow language or behavior that harasses, humiliates, threatens, or doxes anyone. This also includes responding to such acts with retaliatory harassment (but excludes non-harassing counterspeech).We proactively enforce our Community Guidelines through a mix of technology and human moderation. We have detected this policy violation using automated measures. We have used automated measures in making this decision.",,STATEMENT_CATEGORY_ILLEGAL_OR_HARMFUL_SPEECH,,,,"[""CONTENT_TYPE_TEXT""]",,,"2024-11-23 00:00:00","[""AT"",""BE"",""BG"",""CY"",""CZ"",""DE"",""DK"",""EE"",""ES"",""FI"",""FR"",""GR"",""HR"",""HU"",""IE"",""IT"",""LI"",""LT"",""LU"",""LV"",""MT"",""NL"",""NO"",""PL"",""PT"",""RO"",""SE"",""SI"",""SK""]","2024-11-23 00:00:00","The decision was taken pursuant to own-initiative investigations.",SOURCE_VOLUNTARY,,Yes,AUTOMATED_DECISION_FULLY,TikTok,7440371851311782688,"2024-11-23 07:22:51"
b3228b19-508e-4eba-b260-17179b1c7eb2,"[""DECISION_VISIBILITY_CONTENT_REMOVED""]",,,,,,,,,,,DECISION_GROUND_INCOMPATIBLE_CONTENT,,,,"Harassment and Bullying","We welcome the respectful expression of different viewpoints, but not toxicity or trolling. We do not allow language or behavior that harasses, humiliates, threatens, or doxes anyone. This also includes responding to such acts with retaliatory harassment (but excludes non-harassing counterspeech).We proactively enforce our Community Guidelines through a mix of technology and human moderation. We have detected this policy violation using automated measures. We have used automated measures in making this decision.",,STATEMENT_CATEGORY_ILLEGAL_OR_HARMFUL_SPEECH,,,,"[""CONTENT_TYPE_TEXT""]",,,"2024-11-23 00:00:00","[""AT"",""BE"",""BG"",""CY"",""CZ"",""DE"",""DK"",""EE"",""ES"",""FI"",""FR"",""GR"",""HR"",""HU"",""IE"",""IT"",""LI"",""LT"",""LU"",""LV"",""MT"",""NL"",""NO"",""PL"",""PT"",""RO"",""SE"",""SI"",""SK""]","2024-11-23 00:00:00","The decision was taken pursuant to own-initiative investigations.",SOURCE_VOLUNTARY,,Yes,AUTOMATED_DECISION_FULLY,TikTok,7440371851311799072,"2024-11-23 07:22:51"
4dc36e9a-0221-42c5-8a3b-531c29c0ef01,"[""DECISION_VISIBILITY_CONTENT_REMOVED""]",,,,,,,,,,,DECISION_GROUND_INCOMPATIBLE_CONTENT,,,,"Dangerous Activities and Challenges","Most activities or challenges are appropriate for everyone, but some carry a risk of significant injury. We do not allow showing or promoting dangerous activities and challenges. This includes dares, games, tricks, inappropriate use of dangerous tools, eating substances that are harmful to one’s health, or similar activities that may lead to significant physical harm.We proactively enforce our Community Guidelines through a mix of technology and human moderation. We have detected this policy violation using automated measures.",,STATEMENT_CATEGORY_SCOPE_OF_PLATFORM_SERVICE,,,,"[""CONTENT_TYPE_VIDEO""]",,,"2024-11-23 00:00:00","[""AT"",""BE"",""BG"",""CY"",""CZ"",""DE"",""DK"",""EE"",""ES"",""FI"",""FR"",""GR"",""HR"",""HU"",""IE"",""IT"",""LI"",""LT"",""LU"",""LV"",""MT"",""NL"",""NO"",""PL"",""PT"",""RO"",""SE"",""SI"",""SK""]","2024-11-23 00:00:00","The decision was taken pursuant to own-initiative investigations.",SOURCE_VOLUNTARY,,Yes,AUTOMATED_DECISION_NOT_AUTOMATED,TikTok,7440371851362081568,"2024-11-23 07:22:51"
024ec836-95e3-4a49-b341-dccc7a774560,"[""DECISION_VISIBILITY_CONTENT_REMOVED""]",,,,,,,,,,,DECISION_GROUND_INCOMPATIBLE_CONTENT,,,,"Youth Exploitation and Abuse","Allowing young people to explore and learn safely during their unique phase of development is our priority. We do not allow youth exploitation and abuse, including child sexual abuse material (CSAM), nudity, grooming, sextortion, solicitation, pedophilia, and physical or psychological abuse of young people. This includes content that is real, fictional, digitally created, and shown in fine art or objects.We proactively enforce our Community Guidelines through a mix of technology and human moderation. We have detected this policy violation using automated measures. We have used automated measures in making this decision.",,STATEMENT_CATEGORY_PROTECTION_OF_MINORS,,,,"[""CONTENT_TYPE_TEXT""]",,,"2024-11-23 00:00:00","[""AT"",""BE"",""BG"",""CY"",""CZ"",""DE"",""DK"",""EE"",""ES"",""FI"",""FR"",""GR"",""HR"",""HU"",""IE"",""IT"",""LI"",""LT"",""LU"",""LV"",""MT"",""NL"",""NO"",""PL"",""PT"",""RO"",""SE"",""SI"",""SK""]","2024-11-23 00:00:00","The decision was taken pursuant to own-initiative investigations.",SOURCE_VOLUNTARY,,Yes,AUTOMATED_DECISION_FULLY,TikTok,7440371851311815456,"2024-11-23 07:22:51"
c9362ea0-c1a0-4618-ab99-3494047f8e6a,"[""DECISION_VISIBILITY_OTHER""]","Video not eligible for recommendation in the For You feed",,,,,,,,,,DECISION_GROUND_INCOMPATIBLE_CONTENT,,,,"Community Guidelines","We maintain content eligibility standards for the For You feed (FYF) that prioritize safety and are informed by the diversity of our community and cultural norms. We make ineligible for the FYF certain content that may not be appropriate for a broad audience related to: (1) Behavioral Health, (2) Sensitive and Mature Themes, (3) Integrity and Authenticity, and (4) Regulated Goods. Content that is ineligible for the FYF can still be discovered in other ways, such as through search tools or by following an account.We proactively enforce our Community Guidelines through a mix of technology and human moderation. We have detected this policy violation using automated measures. We have used automated measures in making this decision.",,STATEMENT_CATEGORY_SCOPE_OF_PLATFORM_SERVICE,,,,"[""CONTENT_TYPE_VIDEO""]",,,"2024-11-23 00:00:00","[""AT"",""BE"",""BG"",""CY"",""CZ"",""DE"",""DK"",""EE"",""ES"",""FI"",""FR"",""GR"",""HR"",""HU"",""IE"",""IT"",""LI"",""LT"",""LU"",""LV"",""MT"",""NL"",""NO"",""PL"",""PT"",""RO"",""SE"",""SI"",""SK""]","2024-11-23 00:00:00","The decision was taken pursuant to own-initiative investigations.",SOURCE_VOLUNTARY,,Yes,AUTOMATED_DECISION_FULLY,TikTok,7440371851362097952,"2024-11-23 07:22:51"
55b66386-1fae-4573-ac8b-66c12d7961e3,"[""DECISION_VISIBILITY_CONTENT_REMOVED""]",,,,,,,,,,,DECISION_GROUND_INCOMPATIBLE_CONTENT,,,,"Harassment and Bullying","We welcome the respectful expression of different viewpoints, but not toxicity or trolling. We do not allow language or behavior that harasses, humiliates, threatens, or doxes anyone. This also includes responding to such acts with retaliatory harassment (but excludes non-harassing counterspeech).We proactively enforce our Community Guidelines through a mix of technology and human moderation. We have detected this policy violation using automated measures. We have used automated measures in making this decision.",,STATEMENT_CATEGORY_ILLEGAL_OR_HARMFUL_SPEECH,,,,"[""CONTENT_TYPE_TEXT""]",,,"2024-11-23 00:00:00","[""AT"",""BE"",""BG"",""CY"",""CZ"",""DE"",""DK"",""EE"",""ES"",""FI"",""FR"",""GR"",""HR"",""HU"",""IE"",""IT"",""LI"",""LT"",""LU"",""LV"",""MT"",""NL"",""NO"",""PL"",""PT"",""RO"",""SE"",""SI"",""SK""]","2024-11-23 00:00:00","The decision was taken pursuant to own-initiative investigations.",SOURCE_VOLUNTARY,,Yes,AUTOMATED_DECISION_FULLY,TikTok,7440371851311831840,"2024-11-23 07:22:51"
eac9a7c9-d78d-46d4-a472-b85cdf00eed0,"[""DECISION_VISIBILITY_OTHER""]","Video not eligible for recommendation in the For You feed",,,,,,,,,,DECISION_GROUND_INCOMPATIBLE_CONTENT,,,,"Community Guidelines","Your content is against our Community Guidelines. The guidelines include rules and standards for using TikTok that apply to everyone and everything on our platform.We proactively enforce our Community Guidelines through a mix of technology and human moderation. We have detected this policy violation using automated measures. We have used automated measures in making this decision.",,STATEMENT_CATEGORY_SCOPE_OF_PLATFORM_SERVICE,,,,"[""CONTENT_TYPE_OTHER""]","Video Sticker",,"2024-11-23 00:00:00","[""AT"",""BE"",""BG"",""CY"",""CZ"",""DE"",""DK"",""EE"",""ES"",""FI"",""FR"",""GR"",""HR"",""HU"",""IE"",""IT"",""LI"",""LT"",""LU"",""LV"",""MT"",""NL"",""NO"",""PL"",""PT"",""RO"",""SE"",""SI"",""SK""]","2024-11-23 00:00:00","The decision was taken pursuant to own-initiative investigations.",SOURCE_VOLUNTARY,,Yes,AUTOMATED_DECISION_FULLY,TikTok,7440371851362114336,"2024-11-23 07:22:51"
c71a3e55-7c65-476b-af12-0f21cf7604d2,"[""DECISION_VISIBILITY_CONTENT_REMOVED""]",,,,,,,,,,,DECISION_GROUND_INCOMPATIBLE_CONTENT,,,,"Harassment and Bullying","We welcome the respectful expression of different viewpoints, but not toxicity or trolling. We do not allow language or behavior that harasses, humiliates, threatens, or doxes anyone. This also includes responding to such acts with retaliatory harassment (but excludes non-harassing counterspeech).We proactively enforce our Community Guidelines through a mix of technology and human moderation. We have detected this policy violation using automated measures. We have used automated measures in making this decision.",,STATEMENT_CATEGORY_ILLEGAL_OR_HARMFUL_SPEECH,,,,"[""CONTENT_TYPE_TEXT""]",,,"2024-11-23 00:00:00","[""AT"",""BE"",""BG"",""CY"",""CZ"",""DE"",""DK"",""EE"",""ES"",""FI"",""FR"",""GR"",""HR"",""HU"",""IE"",""IT"",""LI"",""LT"",""LU"",""LV"",""MT"",""NL"",""NO"",""PL"",""PT"",""RO"",""SE"",""SI"",""SK""]","2024-11-23 00:00:00","The decision was taken pursuant to own-initiative investigations.",SOURCE_VOLUNTARY,,Yes,AUTOMATED_DECISION_FULLY,TikTok,7440371851311848224,"2024-11-23 07:22:51"
ac6102bc-bc7a-40d9-aa0b-5a90df6ef02c,"[""DECISION_VISIBILITY_CONTENT_AGE_RESTRICTED""]",,,,,,,,,,,DECISION_GROUND_INCOMPATIBLE_CONTENT,,,,Misinformation,"In a global community, it is natural for people to have different opinions, but we seek to operate on a shared set of facts and reality. Content is ineligible for the For You feed and harder to find in search if it contains general conspiracy theories or unverified information related to emergencies. Content sent for fact checking may also be temporarily ineligible for the For You feed while it is undergoing review.Users and 3rd-parties can report policy violations to us. We have detected this policy violation based on a report that the content violated our Community Guidelines.",,STATEMENT_CATEGORY_NEGATIVE_EFFECTS_ON_CIVIC_DISCOURSE_OR_ELECTIONS,,,,"[""CONTENT_TYPE_VIDEO""]",,,"2024-11-22 00:00:00","[""AT"",""BE"",""BG"",""CY"",""CZ"",""DE"",""DK"",""EE"",""ES"",""FI"",""FR"",""GR"",""HR"",""HU"",""IE"",""IT"",""LI"",""LT"",""LU"",""LV"",""MT"",""NL"",""NO"",""PL"",""PT"",""RO"",""SE"",""SI"",""SK""]","2024-11-23 00:00:00","The decision was taken in response to a report alleging a violation of our Community Guidelines.",SOURCE_VOLUNTARY,,No,AUTOMATED_DECISION_NOT_AUTOMATED,TikTok,7440371851362130720,"2024-11-23 07:22:51"
9f2d0c1b-ff8a-4102-949d-261c9d40b46e,"[""DECISION_VISIBILITY_CONTENT_REMOVED""]",,,,,,,,,,,DECISION_GROUND_INCOMPATIBLE_CONTENT,,,,"Harassment and Bullying","We welcome the respectful expression of different viewpoints, but not toxicity or trolling. We do not allow language or behavior that harasses, humiliates, threatens, or doxes anyone. This also includes responding to such acts with retaliatory harassment (but excludes non-harassing counterspeech).We proactively enforce our Community Guidelines through a mix of technology and human moderation. We have detected this policy violation using automated measures. We have used automated measures in making this decision.",,STATEMENT_CATEGORY_ILLEGAL_OR_HARMFUL_SPEECH,,,,"[""CONTENT_TYPE_TEXT""]",,,"2024-11-23 00:00:00","[""AT"",""BE"",""BG"",""CY"",""CZ"",""DE"",""DK"",""EE"",""ES"",""FI"",""FR"",""GR"",""HR"",""HU"",""IE"",""IT"",""LI"",""LT"",""LU"",""LV"",""MT"",""NL"",""NO"",""PL"",""PT"",""RO"",""SE"",""SI"",""SK""]","2024-11-23 00:00:00","The decision was taken pursuant to own-initiative investigations.",SOURCE_VOLUNTARY,,Yes,AUTOMATED_DECISION_FULLY,TikTok,7440371851362147104,"2024-11-23 07:22:51"
e0d04c25-739e-49c3-ba8f-eeb66b0f787e,"[""DECISION_VISIBILITY_CONTENT_REMOVED""]",,,,,,,,,,,DECISION_GROUND_INCOMPATIBLE_CONTENT,,,,"Hate Speech and Hateful Behaviors","TikTok is enriched by the various backgrounds of our community members. Our differences should be respected, rather than a cause for division. We do not allow any hateful behavior, hate speech, or promotion of hateful ideologies. This includes content that attacks a person or group because of protected attributes.We proactively enforce our Community Guidelines through a mix of technology and human moderation. We have detected this policy violation using automated measures. We have used automated measures in making this decision.",,STATEMENT_CATEGORY_ILLEGAL_OR_HARMFUL_SPEECH,,,,"[""CONTENT_TYPE_TEXT""]",,,"2024-11-23 00:00:00","[""AT"",""BE"",""BG"",""CY"",""CZ"",""DE"",""DK"",""EE"",""ES"",""FI"",""FR"",""GR"",""HR"",""HU"",""IE"",""IT"",""LI"",""LT"",""LU"",""LV"",""MT"",""NL"",""NO"",""PL"",""PT"",""RO"",""SE"",""SI"",""SK""]","2024-11-23 00:00:00","The decision was taken pursuant to own-initiative investigations.",SOURCE_VOLUNTARY,,Yes,AUTOMATED_DECISION_FULLY,TikTok,7440371851362163488,"2024-11-23 07:22:51"
6ad39aa7-0c2f-45dd-a445-85429fcf4bd2,"[""DECISION_VISIBILITY_CONTENT_REMOVED""]",,,,,,,,,,,DECISION_GROUND_INCOMPATIBLE_CONTENT,,,,"Animal Abuse","We want our platform to be a place that respects animals and celebrates the ways that they enrich our lives across different cultures and regions. We do not allow animal abuse, cruelty, neglect, trade, or other forms of animal exploitation.We proactively enforce our Community Guidelines through a mix of technology and human moderation. We have detected this policy violation using automated measures. We have used automated measures in making this decision.",,STATEMENT_CATEGORY_ANIMAL_WELFARE,,,,"[""CONTENT_TYPE_TEXT""]",,,"2024-11-23 00:00:00","[""AT"",""BE"",""BG"",""CY"",""CZ"",""DE"",""DK"",""EE"",""ES"",""FI"",""FR"",""GR"",""HR"",""HU"",""IE"",""IT"",""LI"",""LT"",""LU"",""LV"",""MT"",""NL"",""NO"",""PL"",""PT"",""RO"",""SE"",""SI"",""SK""]","2024-11-23 00:00:00","The decision was taken pursuant to own-initiative investigations.",SOURCE_VOLUNTARY,,Yes,AUTOMATED_DECISION_FULLY,TikTok,7440371851311864608,"2024-11-23 07:22:51"
acbfe696-eab2-4829-b465-12e39155d002,"[""DECISION_VISIBILITY_OTHER""]","Video not eligible for recommendation in the For You feed",,,,,,,,,,DECISION_GROUND_INCOMPATIBLE_CONTENT,,,,"Dangerous Activities and Challenges","Most activities or challenges are appropriate for everyone, but some carry a risk of significant injury. Content is ineligible for the For You feed if it involves activities that are likely to lead to moderate physical harm, or includes professionals who are performing extreme sports and stunts that may endanger others.We proactively enforce our Community Guidelines through a mix of technology and human moderation. We have detected this policy violation using automated measures. We have used automated measures in making this decision.",,STATEMENT_CATEGORY_SCOPE_OF_PLATFORM_SERVICE,,,,"[""CONTENT_TYPE_VIDEO""]",,,"2024-11-23 00:00:00","[""AT"",""BE"",""BG"",""CY"",""CZ"",""DE"",""DK"",""EE"",""ES"",""FI"",""FR"",""GR"",""HR"",""HU"",""IE"",""IT"",""LI"",""LT"",""LU"",""LV"",""MT"",""NL"",""NO"",""PL"",""PT"",""RO"",""SE"",""SI"",""SK""]","2024-11-23 00:00:00","The decision was taken pursuant to own-initiative investigations.",SOURCE_VOLUNTARY,,Yes,AUTOMATED_DECISION_FULLY,TikTok,7440371854776212257,"2024-11-23 07:22:51"
249549d8-3f71-41bd-8b1b-25969617c3d6,"[""DECISION_VISIBILITY_OTHER""]","Video not eligible for recommendation in the For You feed",,,,,,,,,,DECISION_GROUND_INCOMPATIBLE_CONTENT,,,,"Community Guidelines","We maintain content eligibility standards for the For You feed (FYF) that prioritize safety and are informed by the diversity of our community and cultural norms. We make ineligible for the FYF certain content that may not be appropriate for a broad audience related to: (1) Behavioral Health, (2) Sensitive and Mature Themes, (3) Integrity and Authenticity, and (4) Regulated Goods. Content that is ineligible for the FYF can still be discovered in other ways, such as through search tools or by following an account.We proactively enforce our Community Guidelines through a mix of technology and human moderation. We have detected this policy violation using automated measures. We have used automated measures in making this decision.",,STATEMENT_CATEGORY_SCOPE_OF_PLATFORM_SERVICE,,,,"[""CONTENT_TYPE_VIDEO""]",,,"2024-11-23 00:00:00","[""AT"",""BE"",""BG"",""CY"",""CZ"",""DE"",""DK"",""EE"",""ES"",""FI"",""FR"",""GR"",""HR"",""HU"",""IE"",""IT"",""LI"",""LT"",""LU"",""LV"",""MT"",""NL"",""NO"",""PL"",""PT"",""RO"",""SE"",""SI"",""SK""]","2024-11-23 00:00:00","The decision was taken pursuant to own-initiative investigations.",SOURCE_VOLUNTARY,,Yes,AUTOMATED_DECISION_FULLY,TikTok,7440371854776228641,"2024-11-23 07:22:51"